"Wavelength, nm",Intensity
136.44237175216523,2.2137148978009963e-19
136.53333333333333,2.7171819465339025e-19
136.62441627751835,3.3326888976473865e-19
136.71562082777035,4.072663034391694e-19
136.80694722778892,4.9589600629520355e-19
136.89839572192514,6.021166709556676e-19
136.98996655518394,7.298858915973705e-19
137.08165997322624,8.78691437833144e-19
137.17347622237108,1.8646686749909606e-18
137.26541554959786,3.643333728014393e-17
137.35747820254863,5.814960206385618e-16
137.4496644295302,5.680445130547456e-15
137.54197447951645,3.887256261382973e-14
137.63440860215053,2.0341278034738584e-13
137.72696704774717,8.622087351453814e-13
137.81965006729476,3.0855217867162296e-12
137.9124579124579,9.606969397673448e-12
138.0053908355795,2.6654219579960815e-11
138.09844908968307,6.705813327409515e-11
138.19163292847506,1.5534936140107387e-10
138.28494260634707,3.349296330537832e-10
138.37837837837836,6.791221088930475e-10
138.47194050033806,1.303895257373153e-09
138.5656292286874,2.3878129641978177e-09
138.65944482058225,4.191167756322617e-09
138.75338753387533,7.085105199968643e-09
138.84745762711862,1.1579324106443631e-08
138.94165535956583,1.8357285500363295e-08
139.03598099117448,2.830835707515214e-08
139.1304347826087,4.2579014602186644e-08
139.22501699524133,6.257398451370756e-08
139.31972789115645,9.007367824364764e-08
139.4145677331518,1.2712620488658237e-07
139.50953678474113,1.762844337295672e-07
139.60463531015677,2.403875758963973e-07
139.69986357435198,3.2280488900729603e-07
139.79522184300342,4.272638814027783e-07
139.89071038251367,5.58008080300046e-07
139.98632946001365,7.195460532505684e-07
140.08207934336525,9.17074742074675e-07
140.17796030116358,1.1555524279877659e-06
140.27397260273972,1.441258793647888e-06
140.37011651816314,1.7791576398741516e-06
140.46639231824417,2.1761973357027504e-06
140.56280027453673,2.637458887789413e-06
140.65934065934067,3.1698315851289724e-06
140.75601374570448,3.7779173069243715e-06
140.85281980742778,4.468334988233162e-06
140.949759119064,5.244798870781676e-06
141.04683195592284,6.11284504284336e-06
141.14403859407307,7.074261914972555e-06
141.24137931034483,8.133736935885656e-06
141.33885438233264,9.291061672932125e-06
141.4364640883978,1.0547538171267193e-05
141.53420870767104,1.1900991540653399e-05
141.6320885200553,1.3352055619190379e-05
141.73010380622836,1.4892438387692361e-05
141.8282548476454,1.6520935154596986e-05
141.92654192654192,1.8227687352129936e-05
142.0249653259362,2.0007038888745533e-05
142.1235253296322,2.1847759210312198e-05
142.22222222222223,2.3734089951705467e-05
142.32105628908963,2.566547681595194e-05
142.42002781641168,2.761477179704975e-05
142.51913709116212,2.9572533385081583e-05
142.6183844011142,3.152682970714811e-05
142.7177700348432,3.345334840491504e-05
142.81729428172943,3.534725710930848e-05
142.91695743196092,3.7170793126939984e-05
143.0167597765363,3.892921992701312e-05
143.11670160726763,4.060377034611128e-05
143.21678321678323,4.2150410507104615e-05
143.31700489853043,4.35920377758411e-05
143.4173669467787,4.489183067313349e-05
143.5178696566223,4.604460516380607e-05
143.61851332398317,4.7037073098037555e-05
143.71929824561403,4.7841437803481e-05
143.8202247191011,4.851249750856634e-05
143.92129304286718,4.8968107990913876e-05
144.0225035161744,4.9233883650683144e-05
144.12385643912737,4.935080084501141e-05
144.22535211267606,4.9269893473599114e-05
144.32699083861874,4.9019096922705375e-05
144.42877291960508,4.858978809121349e-05
144.530698659139,4.802685195867918e-05
144.6327683615819,4.735984934429532e-05
144.73498233215545,4.64974004696692e-05
144.83734087694484,4.5576616427299374e-05
144.9398443029016,4.462243903561678e-05
145.04249291784703,4.356259914761777e-05
145.14528703047483,4.246929556741045e-05
145.24822695035462,4.1398667253244606e-05
145.35131298793468,4.039484704008378e-05
145.45454545454544,3.9392798362628006e-05
145.55792466240226,3.8421888843403336e-05
145.66145092460883,3.766345350842887e-05
145.76512455516016,3.701837454478333e-05
145.86894586894587,3.6404072362395406e-05
145.9729151817534,3.601728161704709e-05
146.07703281027102,3.5847995567133674e-05
146.18129907209135,3.5859128190547265e-05
146.28571428571428,3.58953489629909e-05
146.39027877055037,3.6194998531626144e-05
146.49499284692416,3.68840135986436e-05
146.59985683607732,3.740489089974852e-05
146.7048710601719,3.8114343427158966e-05
146.8100358422939,3.914016156939293e-05
146.91535150645623,4.026719899597837e-05
147.0208183776023,4.1203588386527006e-05
147.1264367816092,4.227098502789466e-05
147.23220704529115,4.356383033853199e-05
147.33812949640287,4.4875853291397216e-05
147.4442044636429,4.5661391164916344e-05
147.55043227665706,4.659336902066739e-05
147.6568132660418,4.799730507950133e-05
147.76334776334778,4.864776290894121e-05
147.87003610108303,4.909532423313278e-05
147.97687861271675,4.946606335833245e-05
148.08387563268258,5.059805411632421e-05
148.19102749638205,5.0416553372909215e-05
148.29833454018825,4.992523494247933e-05
148.40579710144928,5.017138963320203e-05
148.51341551849166,5.0469631406026985e-05
148.6211901306241,4.9444846308676374e-05
148.72912127814087,4.8349881113434365e-05
148.8372093023256,4.831639499849274e-05
148.94545454545454,4.804591938848943e-05
149.0538573508006,4.6458366479120205e-05
149.16241806263656,4.4707282134688405e-05
149.27113702623907,4.5175123036154094e-05
149.38001458789202,4.430130162167278e-05
149.4890510948905,4.249691492760294e-05
149.59824689554418,4.0691287902313854e-05
149.70760233918128,4.191411505079046e-05
149.81711777615214,4.0854158179918774e-05
149.9267935578331,3.88088082432644e-05
150.03663003663004,3.754843766477717e-05
150.1466275659824,4.013502478174842e-05
150.25678650036684,3.8736598520674445e-05
150.36710719530103,3.6017825252642716e-05
150.47759000734754,3.704025009542999e-05
150.58823529411762,3.9027516936393055e-05
150.69904341427517,3.9321761191473655e-05
150.8100147275405,3.36337139631625e-05
150.92114959469419,3.9072706990949394e-05
151.03244837758112,3.9671269648587876e-05
151.1439114391144,3.98236188352728e-05
151.25553914327915,3.293238332387416e-05
151.3673318551367,4.0502348299726286e-05
151.47928994082838,4.342077964827841e-05
151.59141376757958,3.738409741543067e-05
151.7037037037037,3.441654367288355e-05
151.81616011860638,3.9485684033755046e-05
151.92878338278933,4.891486688629247e-05
152.04157386785448,3.129925013988162e-05
152.15453194650817,3.624049885974752e-05
152.26765799256503,4.062377331862229e-05
152.38095238095235,4.9596948497866055e-05
152.4944154877141,2.6727239675545547e-05
152.6080476900149,3.176501254840824e-05
152.72184936614468,4.915834240937764e-05
152.8358208955224,4.374139147181339e-05
152.9499626587005,2.4460761978965384e-05
153.0642750373692,2.7394082275054505e-05
153.1787584143605,5.765633901997107e-05
153.29341317365268,3.7428512677030476e-05
153.40823970037454,1.9678015954532197e-05
153.5232383808096,3.207124271695138e-05
153.6384096024006,6.417334300956983e-05
153.75375375375376,3.0723867678549484e-05
153.86927122464311,1.2607561376382508e-05
153.98496240601503,4.565029290148192e-05
154.10082768999246,7.331895314401835e-05
154.2168674698795,2.2993308318305275e-05
154.33308214016577,1.085196307614736e-05
154.4494720965309,5.650301101647114e-05
154.56603773584905,7.808322614220168e-05
154.68277945619334,1.6823037125285916e-05
154.79969765684052,1.1339670220884668e-05
154.91679273827532,7.817192856081803e-05
155.0340651021953,6.907217093826995e-05
155.15151515151516,2.499488501382413e-05
155.2691432903715,1.3521352588034056e-05
155.38694992412746,0.00010509793219272533
155.50493545937738,6.0067003499812046e-05
155.62310030395136,2.51172645370118e-05
155.74144486692012,1.3666054856816197e-05
155.8599695585997,9.38399457536016e-05
155.97867479055597,7.150656230083575e-05
156.09756097560975,1.0178754985791932e-05
156.21662852784135,3.0198943172985186e-05
156.33587786259542,6.965135022568343e-05
156.45530939648586,9.221597126498212e-05
156.5749235474006,1.6617521376269788e-05
156.69472073450652,3.397426671775821e-05
156.8147013782542,5.664519682224583e-05
156.93486590038313,7.459370576659082e-05
157.05521472392638,1.3969189198765856e-05
157.17574827321565,1.4717091180341057e-05
157.29646697388634,5.3822260695463705e-05
157.4173712528824,6.011648599478996e-05
157.53846153846155,7.868017553514979e-06
157.65973826020013,1.7246289314603576e-05
157.78120184899845,3.767505105190222e-05
157.9028527370856,6.68621282361633e-05
158.02469135802468,1.49303092118621e-05
158.14671814671814,1.8633140967710797e-05
158.26893353941267,1.8910987624637054e-05
158.39133797370457,2.8241225699518448e-05
158.5139318885449,4.472108288986884e-05
158.63671572424477,1.8295866984268225e-05
158.7596899224806,2.8169261082627544e-05
158.88285492629947,8.762227273485191e-06
159.0062111801242,4.8233180243299334e-05
159.12975912975912,1.8617914646886375e-05
159.25349922239502,2.746993296661518e-05
159.37743190661476,1.0604582755483655e-05
159.50155763239874,4.067829814761865e-05
159.62587685113016,2.4114555726315344e-05
159.7503900156006,2.6956661785065656e-05
159.87509758001562,1.0631997690801828e-05
160.0,2.524980511262513e-05
160.12509773260362,2.259458060081422e-05
160.2503912363067,3.975147357940324e-05
160.37588097102582,1.3308823950737512e-05
160.5015673981191,3.6625146954806616e-05
160.62745098039213,9.09328778227944e-06
160.7535321821036,2.659732786851704e-05
160.87981146897093,1.8404050585621008e-05
161.0062893081761,1.789055057240683e-05
161.13296616837135,3.68338186710817e-05
161.25984251968504,1.0357880750239382e-05
161.38691883372735,3.64180766753608e-05
161.51419558359618,1.6841438334371228e-05
161.64167324388316,2.2985388331608333e-05
161.7693522906793,2.9051627638954542e-05
161.89723320158103,1.2264946357778456e-05
162.0253164556962,2.820436482199071e-05
162.15360253365006,2.2589285321621893e-05
162.28209191759112,1.2222364619836137e-05
162.41078509119745,4.450630341501343e-05
162.53968253968253,2.419506576599979e-06
162.66878474980143,4.058332594743355e-05
162.79809220985692,1.0100084904003775e-05
162.92760540970565,2.3775461991602338e-05
163.05732484076432,2.8970650667717926e-05
163.18725099601593,1.1835607604043721e-05
163.31738437001593,2.3886281686120787e-05
163.44772545889865,2.3477079048652216e-05
163.57827476038338,1.2436745591498854e-05
163.709032773781,3.81444018678835e-05
163.84,6.972595140341908e-06
163.97117694155327,3.032387073597908e-05
164.1025641025641,1.5082229889224784e-05
164.23416198877305,1.3362702288834798e-05
164.3659711075441,2.30863275873938e-05
164.49799196787149,1.2993407859837794e-05
164.63022508038586,2.1574716621749057e-05
164.76267095736122,2.217681616434318e-05
164.89533011272144,1.3640539174198742e-05
165.02820306204674,2.2683604123498744e-05
165.16129032258064,1.3143045499539477e-05
165.29459241323647,1.7014248737234792e-05
165.4281098546042,1.8456250376837956e-05
165.56184316895713,1.2451711604332005e-05
165.6957928802589,1.952223384243967e-05
165.82995951417004,1.3176348492354774e-05
165.9643435980551,1.8081086763398812e-05
166.09894566098947,1.5846892969531486e-05
166.23376623376623,1.628639381879938e-05
166.36880584890332,1.4676059858032805e-05
166.5040650406504,1.5691029941320547e-05
166.63954434499593,1.2451599565969709e-05
166.77524429967426,1.690286180990308e-05
166.9111654441728,1.2569097948224199e-05
167.047308319739,1.730360487611561e-05
167.18367346938777,1.2646485305088022e-05
167.3202614379085,1.583548390151072e-05
167.45707277187245,1.211287047990608e-05
167.59410801963992,1.5377711343128236e-05
167.7313677313677,1.2541371351468777e-05
167.86885245901638,1.5473121137932194e-05
168.00656275635768,1.2477242659934672e-05
168.14449917898193,1.4763794767951594e-05
168.28266228430567,1.1878763395757213e-05
168.42105263157896,1.4662498624958513e-05
168.559670781893,1.2070178488871643e-05
168.6985172981878,1.479999549477412e-05
168.83759274525966,1.2262815244890271e-05
168.97689768976898,1.3977660173385446e-05
169.11643270024774,1.2113556950182407e-05
169.25619834710741,1.348055612123269e-05
169.39619520264682,1.2295568228238522e-05
169.53642384105962,1.3745653597136714e-05
169.67688483844242,1.2258259493439027e-05
169.81757877280262,1.3510952727629019e-05
169.95850622406635,1.1917959458580585e-05
170.09966777408638,1.296640604739998e-05
170.24106400665005,1.2091101256523485e-05
170.3826955074875,1.2827148162512801e-05
170.52456286427974,1.2290640224697243e-05
170.66666666666666,1.2661580286787908e-05
170.8090075062552,1.187904850065101e-05
170.9515859766277,1.2342769511729144e-05
171.09440267335003,1.1612408494964366e-05
171.23745819397996,1.2191246048180247e-05
171.3807531380753,1.1757607330575673e-05
171.52428810720266,1.1937498318792583e-05
171.66806370494552,1.1604651646915898e-05
171.81208053691276,1.1530212025354615e-05
171.95633921074725,1.1209525438677369e-05
172.10084033613444,1.1374256366446938e-05
172.24558452481077,1.1053111143030682e-05
172.3905723905724,1.1259323269427376e-05
172.5358045492839,1.093510919218466e-05
172.681281618887,1.0856398781889669e-05
172.82700421940928,1.0657139298871035e-05
172.97297297297297,1.051284694204126e-05
173.11918850380385,1.041017673620612e-05
173.26565143824024,1.0409563562589451e-05
173.41236240474177,1.0199167678525641e-05
173.55932203389833,1.0193106058518491e-05
173.70653095843934,9.931222217855884e-06
173.85398981324278,9.816659607402703e-06
174.0016992353441,9.696863690006797e-06
174.14965986394557,9.559322538155478e-06
174.2978723404255,9.497303764241253e-06
174.44633730834755,9.400520732848548e-06
174.59505541346974,9.228393528929918e-06
174.74402730375425,9.148236197224534e-06
174.8932536293766,8.951379946492326e-06
175.04273504273505,8.852417376159632e-06
175.1924721984602,8.759246562251356e-06
175.34246575342465,8.631088501953917e-06
175.49271636675235,8.56418022773219e-06
175.6432246998285,8.44060589872113e-06
175.79399141630904,8.304174265953332e-06
175.94501718213058,8.219366002697209e-06
176.0963026655202,8.07395149639126e-06
176.24784853700515,7.99903694840984e-06
176.3996554694229,7.915338474991283e-06
176.55172413793102,7.808500710037923e-06
176.70405522001724,7.742816827057678e-06
176.85664939550952,7.633363450563514e-06
177.00950734658602,7.536150733998901e-06
177.16262975778545,7.466123891760995e-06
177.3160173160173,7.36300375296475e-06
177.46967071057193,7.304611104483212e-06
177.62359063313096,7.234535389791617e-06
177.77777777777777,7.151275938086374e-06
177.93223284100782,7.099310885936543e-06
178.08695652173913,7.01606530057944e-06
178.24194952132288,6.951851511638955e-06
178.397212543554,6.899132515417638e-06
178.55274629468178,6.827926952901347e-06
178.70855148342056,6.788339370513051e-06
178.86462882096066,6.737355349869231e-06
179.02097902097898,6.684681526424775e-06
179.17760279965006,6.651343692743471e-06
179.33450087565674,6.600850093417252e-06
179.4916739702016,6.565449503259033e-06
179.64912280701753,6.5379003154961175e-06
179.80684811237927,6.498824928443208e-06
179.96485061511424,6.482043961054051e-06
180.12313104661388,6.4572129457512696e-06
180.28169014084506,6.431764879518425e-06
180.44052863436124,6.420739133177774e-06
180.59964726631395,6.396184684238602e-06
180.75904677846424,6.3814758928657465e-06
180.91872791519435,6.369945275623751e-06
181.07869142351902,6.345517098704128e-06
181.23893805309734,6.336686768561629e-06
181.39946855624444,6.3141968131664935e-06
181.56028368794324,6.29141071616548e-06
181.72138420585628,6.271634266760069e-06
181.88277087033748,6.235644520131473e-06
182.04444444444445,6.2044958926575495e-06
182.20640569395016,6.165267651487425e-06
182.3686553873553,6.114776450416345e-06
182.53119429590015,6.066781836335344e-06
182.69402319357712,6.003171600317309e-06
182.85714285714286,5.9347433433572144e-06
183.0205540661305,5.864249388927843e-06
183.18425760286226,5.77723140376153e-06
183.34825425246197,5.690573671000854e-06
183.51254480286738,5.5972668977534e-06
183.67713004484304,5.4920308985171985e-06
183.84201077199282,5.391891342151234e-06
184.00718778077265,5.281561929691532e-06
184.1726618705036,5.171215918497052e-06
184.33843384338437,5.064451608082884e-06
184.5045045045045,4.951360522156462e-06
184.67087466185754,4.84781697267058e-06
184.83754512635377,4.746170673603163e-06
185.0045167118338,4.648449626050165e-06
185.17179023508135,4.5636666208059905e-06
185.33936651583707,4.4818090796905246e-06
185.5072463768116,4.413215259085036e-06
185.675430643699,4.356302955629727e-06
185.84392014519057,4.306036672035002e-06
186.01271571298818,4.270922135889973e-06
186.1818181818182,4.2485890898381645e-06
186.3512283894449,4.22780002387493e-06
186.52094717668484,4.227328245576941e-06
186.69097538742025,4.231154787979347e-06
186.86131386861314,4.232862920212208e-06
187.03196347031962,4.252750337756356e-06
187.20292504570384,4.267641485642302e-06
187.37419945105214,4.2714085202538e-06
187.54578754578753,4.295291814178534e-06
187.71769019248396,4.294770800483724e-06
187.88990825688072,4.281652341152886e-06
188.06244260789717,4.286795428514362e-06
188.23529411764707,4.24422120277237e-06
188.40846366145354,4.1980663246057775e-06
188.5819521178637,4.163482885555843e-06
188.75576036866357,4.064163230627089e-06
188.92988929889296,3.97799308033652e-06
189.10433979686056,3.893675019481854e-06
189.27911275415894,3.732069210600269e-06
189.45420906567992,3.6201885221063723e-06
189.62962962962962,3.4791137759533355e-06
189.80537534754404,3.278972175927186e-06
189.98144712430428,3.1586159162296123e-06
190.15784586815226,2.9697221010531316e-06
190.3345724907063,2.7748400436455913e-06
190.51162790697674,2.6574238678523778e-06
190.68901303538178,2.449166981643078e-06
190.8667287977633,2.303593586004789e-06
191.044776119403,2.1929822369010914e-06
191.22315592903828,2.010124114541801e-06
191.4018691588785,1.9343815576986658e-06
191.5809167446211,1.833413430741301e-06
191.76029962546815,1.7167706435943475e-06
191.94001874414244,1.703215644799351e-06
192.12007504690433,1.619257444661303e-06
192.3004694835681,1.588565477852779e-06
192.48120300751881,1.6071802536294587e-06
192.66227657572907,1.5521029097809267e-06
192.8436911487759,1.5993890056277854e-06
193.02544769085767,1.6170444228818254e-06
193.2075471698113,1.6054856472259747e-06
193.38999055712932,1.7007856499093958e-06
193.57277882797732,1.6990668179020312e-06
193.75591296121098,1.7417689507184125e-06
193.93939393939394,1.8508934661172647e-06
194.12322274881518,1.82904300099648e-06
194.30740037950665,1.940649942230274e-06
194.49192782526114,2.0219497730169797e-06
194.67680608365018,2.006765132206842e-06
194.86203615604185,2.1887156831604858e-06
195.04761904761907,2.1923841561377467e-06
195.23355576739752,2.256597526728365e-06
195.4198473282443,2.428891689066968e-06
195.6064947468959,2.3663779331563002e-06
195.79349904397705,2.5421391156783293e-06
195.9808612440191,2.563921178386748e-06
196.1685823754789,2.5624052970516684e-06
196.35666347075744,2.684843278990486e-06
196.5451055662188,2.581808381877529e-06
196.73390970220942,2.6397375001395144e-06
196.92307692307693,2.54353827442253e-06
197.1126082771896,2.472196648264845e-06
197.30250481695566,2.36868518839374e-06
197.4927675988428,2.1925601834868903e-06
197.68339768339766,2.0664923968468364e-06
197.8743961352657,1.809202200405642e-06
198.06576402321085,1.657157812577163e-06
198.25750242013552,1.3920780004045656e-06
198.44961240310076,1.1875940379488825e-06
198.64209505334625,1.0004941130166304e-06
198.83495145631065,7.790950795067935e-07
199.02818270165207,6.711717546837889e-07
199.22178988326846,5.468104108791776e-07
199.4157740993184,4.89065651731968e-07
199.61013645224173,5.15549709722955e-07
199.8048780487805,5.584189853005168e-07
200.0,6.77190928923536e-07
200.19550342130987,8.724068897325298e-07
200.3913894324853,1.0540593642489878e-06
200.58765915768853,1.3079461342560497e-06
200.78431372549022,1.5992811797526137e-06
200.9813542688911,1.7814708225617955e-06
201.17878192534383,2.1084645892494664e-06
201.37659783677483,2.245671038196827e-06
201.5748031496063,2.3901138695788763e-06
201.77339901477833,2.535773253302399e-06
201.9723865877712,2.422374133971077e-06
202.1717670286278,2.4525958143840057e-06
202.3715415019763,2.211597844679888e-06
202.57171117705244,1.995477094316941e-06
202.77227722772278,1.716678496259022e-06
202.97324083250743,1.3321345540622234e-06
203.17460317460316,1.0195589427230803e-06
203.37636544190661,6.438597266133524e-07
203.57852882703776,3.7372361664874177e-07
203.78109452736314,1.4371506738974656e-07
203.98406374501994,7.074314349538755e-08
204.1874376869392,9.862923303868717e-08
204.39121756487026,3.847519571869246e-07
204.5954045954046,7.321439647085442e-07
204.79999999999998,1.5397661059537776e-06
205.005005005005,2.184031443143213e-06
205.21042084168334,3.5934865348556533e-06
205.41624874623875,4.529444768848379e-06
205.62248995983938,6.391808359088056e-06
205.8291457286432,7.705159632629166e-06
206.03621730382292,9.67112787823271e-06
206.24370594159112,1.140834433379643e-05
206.4516129032258,1.3154256763231082e-05
206.65993945509584,1.5147944755077925e-05
206.86868686868684,1.652180296602575e-05
207.07785642062692,1.8438484320873427e-05
207.28744939271257,1.9383825458338758e-05
207.49746707193518,2.0931715659327938e-05
207.7079107505071,2.1385690098963477e-05
207.9187817258883,2.2430722063670134e-05
208.130081300813,2.2344115714135175e-05
208.34181078331636,2.291325029539229e-05
208.55397148676167,2.2308230910613873e-05
208.7665647298675,2.254998779819104e-05
208.9795918367347,2.1590934279951402e-05
209.19305413687437,2.1669633070625997e-05
209.40695296523518,2.074155579803608e-05
209.6212896622313,2.0766288141200743e-05
209.83606557377047,2.0380213199841975e-05
210.05128205128204,2.0536054906420815e-05
210.26694045174537,2.1052757623656985e-05
210.48304213771837,2.175175257348646e-05
210.69958847736626,2.3224915709071432e-05
210.91658084449023,2.503312630566506e-05
211.1340206185567,2.7350277809687825e-05
211.3519091847265,3.06535091230178e-05
211.5702479338843,3.385557126935562e-05
211.78903826266804,3.854827418159702e-05
212.00828157349895,4.293534517764885e-05
212.22797927461139,4.860771198353588e-05
212.448132780083,5.42810648017196e-05
212.668743509865,6.0835962926937544e-05
212.88981288981287,6.731844292613831e-05
213.11134235171693,7.497987793978214e-05
213.33333333333334,8.184896070440747e-05
213.555787278415,9.035671881705266e-05
213.7787056367432,9.797104270665427e-05
214.00208986415882,0.00010661995479778871
214.22594142259413,0.00011542440824481968
214.4502617801047,0.00012433569249211822
214.67505241090146,0.0001339924763662772
214.900314795383,0.00014417547583553603
215.12605042016807,0.00015470543911546354
215.35226077812828,0.000166382802800285
215.57894736842104,0.00017955327908311935
215.80611169652263,0.00019210163692628523
216.03375527426158,0.0002099012803067889
216.26187961985215,0.00022450410271785293
216.49048625792813,0.00024667784675047377
216.7195767195767,0.0002672619130393794
216.9491525423729,0.00029274777684748586
217.17921527041358,0.00032240586173358716
217.40976645435242,0.0003535562205732906
217.64080765143464,0.0003916313085391327
217.87234042553192,0.00043402459283261327
218.10436634717786,0.0004800263044536005
218.33688699360337,0.000536127636019358
218.5699039487727,0.0005957549428599638
218.80341880341882,0.0006624260312908266
219.0374331550802,0.0007445754435125145
219.27194860813702,0.0008213964023523414
219.5069667738478,0.0009277870489440304
219.74248927038627,0.0010250507421290988
219.97851772287862,0.0011495453866380875
220.21505376344086,0.0012806757196178748
220.45209903121636,0.0014234497509360029
220.68965517241378,0.0015904493204092671
220.92772384034518,0.001767535491042032
221.16630669546436,0.001962056641811941
221.4054054054054,0.0021945861236498227
221.64502164502164,0.002416516975828212
221.88515709642468,0.0027115050025684206
222.12581344902384,0.002985509001315226
222.36699239956567,0.0033292893820976504
222.6086956521739,0.003698471624689024
222.85092491838955,0.004083138181800425
223.09368191721134,0.00456609789666262
223.3369683751363,0.0050402298362406586
223.58078602620085,0.005601931530492102
223.82513661202185,0.0062496505749799315
224.07002188183807,0.006890578089973353
224.31544359255204,0.007706820518392323
224.56140350877192,0.00855153553012644
224.80790340285398,0.009475327860785922
225.05494505494505,0.01060016046264759
225.30253025302528,0.011740631887496389
225.55066079295153,0.013065300952444781
225.79933847850054,0.014569231710266008
226.0485651214128,0.016176863934944486
226.29834254143645,0.017977839955307356
226.54867256637166,0.02003183515990157
226.79955703211516,0.022261498923405423
227.0509977827051,0.02464956631663599
227.30299667036624,0.02747151363353441
227.55555555555554,0.03050747269095213
227.80867630700777,0.033556431174458334
228.06236080178175,0.03753508889530895
228.31661092530658,0.04139435939440663
228.57142857142856,0.04538970466221506
228.82681564245812,0.050795765596837406
229.082774049217,0.055576481282606935
229.33930571108624,0.06086542559159221
229.59641255605382,0.06778457301634291
229.8540965207632,0.07392194772606597
230.1123595505618,0.08051827133287909
230.37120359955006,0.08915690327442749
230.6306306306306,0.09727294422117115
230.89064261555805,0.10476526111912092
231.1512415349887,0.11561074053432328
231.41242937853107,0.12624991930132465
231.67420814479635,0.13405929848613135
231.9365798414496,0.1475765701600276
232.19954648526078,0.16113992712991634
232.46311010215663,0.16909258847750208
232.7272727272727,0.1846475617511583
232.9920364050057,0.2020866081472369
233.25740318906605,0.2104779060465805
233.52337514253134,0.2257183946756703
233.78995433789953,0.24850548502786635
234.05714285714288,0.2587752010928484
234.32494279176203,0.2691764257713992
234.59335624284074,0.29871991459067243
234.8623853211009,0.3133495027939602
235.13203214695753,0.3149930232344148
235.4022988505747,0.34798575823954847
235.67318757192174,0.37243877710180645
235.9447004608295,0.36504084973463563
236.2168396770473,0.3895711020350383
236.48960739030022,0.43121929781360707
236.76300578034682,0.4220128197661805
237.03703703703707,0.419960711095706
237.3117033603708,0.4783420121653814
237.58700696055683,0.4857199492621203
237.862950058072,0.4459984584380206
238.13953488372093,0.49661075210557776
238.41676367869616,0.5461818791056436
238.69463869463866,0.4837246070477219
238.97316219369893,0.47980131973214707
239.25233644859816,0.5735134894359436
239.53216374269007,0.544904410603539
239.81264637002343,0.45106202965404074
240.0937866354044,0.5332563544210169
240.37558685446012,0.6032512073616596
240.65804935370153,0.46127662252354545
240.94117647058823,0.4310881902642709
241.2249705535924,0.5867137431997237
241.50943396226415,0.5321108057918229
241.79456906729635,0.34469570130075505
242.080378250591,0.4463440113310847
242.3668639053254,0.5827961603400343
242.65402843601896,0.3752274383279143
242.94187425860022,0.2508719503404799
243.23040380047507,0.49077159995588027
243.51961950059456,0.48536311435724444
243.80952380952382,0.18633591519103676
244.1001191895113,0.24198334279990366
244.39140811455846,0.5112428839740244
244.68339307048984,0.32121468463185593
244.97607655502392,0.05404660273752257
245.2694610778443,0.33266706347774666
245.56354916067144,0.48611117729097286
245.85834333733493,0.13405328823302595
246.15384615384616,0.07212709064839505
246.4500601684717,0.5154444083721532
246.7469879518072,0.4228925378905494
247.04463208685164,0.016502698356979706
247.34299516908212,0.30868350966528707
247.6420798065296,0.7434449975590608
247.9418886198547,0.33597040661066835
248.24242424242422,0.07428630159666098
248.54368932038832,0.8444715824441674
248.8456865127582,1.0095489508227236
249.14841849148416,0.27060432600151135
249.45188794153472,0.3981285033157682
249.75609756097558,1.6201005036111926
250.06105006105005,1.4321896800662028
250.36674816625916,0.36290569762917135
250.6731946144431,1.1104635990265428
250.98039215686276,2.573873887359686
251.2883435582822,1.836709727076487
251.5970515970516,0.752339638928321
251.90651906519062,2.4544257057926666
252.21674876847288,3.897639851401183
252.52774352651045,2.602720219526248
252.8395061728395,1.578690143147931
253.15203955500616,3.8618323737041336
253.46534653465346,5.608562674700447
253.7794299876084,4.103862557153694
254.09429280397023,3.048237248157844
254.40993788819875,5.291872540088384
254.726368159204,6.52812275608069
255.04358655043586,5.591692442947213
255.36159600997507,5.088334009348608
255.6803995006242,7.4436551590680695
255.99999999999997,8.823252396077518
256.3204005006258,6.407583128252229
256.64160401002505,5.65116855346544
256.9636135508155,9.137140098212678
257.286432160804,10.913753941790004
257.61006289308176,6.5575404366424745
257.9345088161209,4.566450770212372
258.2597730138714,7.384243033954483
258.5858585858586,9.03949650282191
258.91276864728195,4.585677968863021
259.24050632911394,4.448378864379692
259.5690747782003,7.389538332806875
259.8984771573604,5.166541666055064
260.22871664548916,2.2470820727788396
260.55979643765903,2.7832663020187707
260.89171974522293,5.4042118653249815
261.2244897959184,2.6930357425536657
261.5581098339719,0.3730806284069122
261.89258312020456,0.3899085888292912
262.2279129321382,0.9562621344213573
262.56410256410254,0.34093798289531596
262.9011553273428,0.29538257744686713
263.2390745501285,0.150937631386455
263.5778635778636,0.2646305030316644
263.91752577319585,0.11261263169593863
264.258064516129,0.9515325776877238
264.59948320413434,0.0853480633399014
264.9417852522639,0.57777646785469
265.2849740932642,1.0023752754290394
265.6290531776913,0.8268919846423753
265.974025974026,1.2513768719459146
266.3198959687906,0.32771744618460613
266.66666666666663,0.10449229311680851
267.01434159061273,0.6937813550779333
267.3629242819843,0.7972750279965058
267.7124183006536,0.28057816667034663
268.0628272251309,0.45547045010894116
268.41415465268676,0.10487058512214655
268.76640419947506,0.6738557628418518
269.119579500657,0.18439002873897384
269.47368421052636,0.158967813052611
269.82872200263506,0.28209464104249105
270.1846965699208,0.15128891703596212
270.5416116248349,0.4886674937880412
270.8994708994709,1.270247229403874
271.25827814569533,0.07055184225145875
271.6180371352785,0.40958959632209974
271.97875166002655,0.01880008690910729
272.3404255319149,0.17250319688544602
272.70306258322233,0.5660454942549663
273.06666666666666,0.2063422144748038
273.4312416555407,0.2664235643529619
273.7967914438503,0.29648721000481487
274.1633199464525,0.19241662482693003
274.5308310991957,0.5014214538818514
274.8993288590604,0.03238968903156829
275.26881720430106,0.12239330939475918
275.6393001345895,0.08700977456779434
276.010781671159,0.05791710112005377
276.3832658569501,0.36189642935985417
276.7567567567567,0.21970492980904302
277.1312584573748,0.13960316142238496
277.50677506775065,0.1121680866947346
277.88331071913166,0.11862961395849152
278.2608695652174,0.15820110860543854
278.6394557823129,0.1479009555141495
279.01907356948226,0.1295731808299891
279.39972714870396,0.0974204601440631
279.78142076502735,0.05639877360862066
280.1641586867305,0.17329203357817805
280.54794520547944,0.10485818397953048
280.93278463648835,0.14228921726404054
281.31868131868134,0.08823228806103178
281.70563961485556,0.07386011979672388
282.0936639118457,0.08543833576813455
282.48275862068965,0.1190032586069678
282.8729281767956,0.10887891003585849
283.2641770401106,0.1090479591440154
283.6565096952908,0.06291564592877011
284.0499306518724,0.08470744249860161
284.44444444444446,0.07675521274055083
284.84005563282335,0.10541032729208222
285.2367688022284,0.09935629991877412
285.63458856345886,0.08040980354236157
286.0335195530726,0.06808254858596094
286.43356643356645,0.07466184355494548
286.8347338935574,0.07529205917352083
287.23702664796633,0.09606735236887791
287.6404494382022,0.08078528589903165
288.0450070323488,0.07460112245789778
288.4507042253521,0.06522513813117672
288.85754583921016,0.06586538075434306
289.2655367231638,0.0755652121278301
289.6746817538897,0.07991126193779402
290.08498583569406,0.07340483312764041
290.49645390070924,0.06969032679317463
290.9090909090909,0.05891897255926339
291.32290184921766,0.06343158039085257
291.73789173789174,0.06802503588401408
292.15406562054204,0.06863994594372279
292.57142857142856,0.06929145706339875
292.9899856938483,0.06143393512506121
293.4097421203438,0.056685812256721584
293.83070301291247,0.05913092339877802
294.2528735632184,0.05866450981049198
294.67625899280574,0.06305017347808317
295.1008645533141,0.06159161806007136
295.52669552669556,0.056144442589733036
295.9537572254335,0.054957969170940306
296.3820549927641,0.05213939554992663
296.81159420289856,0.05338323051402752
297.2423802612482,0.05636742591570493
297.6744186046512,0.05394651590148589
298.1077147016012,0.05344080861166084
298.54227405247815,0.05030917682039996
298.978102189781,0.047611164112644766
299.41520467836256,0.04917376449125384
299.8535871156662,0.048603061189361564
300.2932551319648,0.04914440612223694
300.73421439060206,0.04898902859488974
301.17647058823525,0.04574705244342412
301.620029455081,0.045129187820539526
302.06489675516224,0.04393373985887638
302.5110782865583,0.04329952197461899
302.95857988165676,0.044604158954108325
303.4074074074074,0.043370151925864034
303.85756676557867,0.04267922182200193
304.30906389301634,0.04179098376100509
304.7619047619047,0.03968407129227261
305.2160953800298,0.03984039196221101
305.6716417910448,0.03935626311278431
306.1285500747384,0.038840574700388125
306.58682634730536,0.03913220159448959
307.0464767616192,0.03763388193766268
307.5075075075075,0.036831795539390665
307.96992481203006,0.036177521857867344
308.433734939759,0.0349121011729993
308.8989441930618,0.03501755663631171
309.3655589123867,0.034479292780549044
309.83358547655064,0.033714294502897195
310.3030303030303,0.03348109788119664
310.7738998482549,0.03218282930936307
311.2462006079027,0.031491080788269656
311.7199391171994,0.030976627491161566
312.1951219512195,0.02999856761282113
312.67175572519085,0.02984452939837619
313.1498470948012,0.02920604445085427
313.6294027565084,0.0284187328220323
314.11042944785277,0.02803956880625476
314.5929339477727,0.027047413471064128
315.0769230769231,0.026474684141104647
315.5624036979969,0.026033425644039487
316.04938271604937,0.025284993159839935
316.53786707882534,0.025035828701933143
317.0278637770898,0.024510436073482186
317.5193798449612,0.023917352894632427
318.0124223602484,0.023614440325060847
318.50699844479004,0.022951273824818375
319.0031152647975,0.02253226666286612
319.5007800312012,0.022234960771312057
320.0,0.021719623850982552
320.5007824726134,0.02150867985837535
321.0031347962382,0.021158296264726123
321.5070643642072,0.02073288168195054
322.0125786163522,0.020482898217905308
322.5196850393701,0.020040392241287147
323.02839116719235,0.019672305995244478
323.5387045813586,0.019415938547287927
324.0506329113924,0.018970086398207044
324.56418383518223,0.018699787120055707
325.07936507936506,0.018368225494399162
325.59618441971384,0.017933915164984653
326.11464968152865,0.0176334202674863
326.63476874003186,0.017180238103121154
327.15654952076676,0.016771198244756216
327.68,0.016421791286425385
328.2051282051282,0.015943080165342415
328.7319422150882,0.015568890879648495
329.2604501607717,0.015182188575855335
329.7906602254429,0.014723563106644143
330.3225806451613,0.014362111998400963
330.8562197092084,0.013912455238711579
331.3915857605178,0.01348318521520028
331.9286871961102,0.013106657168702851
332.46753246753246,0.012667200711920752
333.0081300813008,0.012277279199585793
333.5504885993485,0.01191247789313592
334.094616639478,0.011492802260219327
334.640522875817,0.01115094706079535
335.18821603927984,0.010768537937432028
335.73770491803276,0.010398019642730663
336.28899835796386,0.010064691401678571
336.8421052631579,0.009699973786081374
337.3970345963756,0.00936596699693062
337.95379537953795,0.009051446787879868
338.51239669421483,0.008715628319491523
339.07284768211923,0.008433888120851305
339.63515754560524,0.008135234683889039
340.19933554817277,0.007844061137675797
340.765391014975,0.00758448228707383
341.3333333333333,0.007325950342767734
341.9031719532554,0.007075341431856012
342.4749163879599,0.006852153182731946
343.04857621440533,0.006613871418770571
343.6241610738255,0.0064190310556516
344.2016806722689,0.006217937395287566
344.7811447811448,0.006028031246111338
345.362563237774,0.005866253265689138
345.94594594594594,0.0056942349915691925
346.5313028764805,0.005530416588373061
347.11864406779665,0.005397362856269564
347.70797962648555,0.005250022127699774
348.29931972789115,0.005121922505833078
348.8926746166951,0.004998705674513391
349.4880546075085,0.0048816991273094
350.0854700854701,0.004771719392620263
350.6849315068493,0.004666115344135857
351.286449399657,0.004568036844563391
351.89003436426117,0.00447355391226451
352.4956970740103,0.0043805751300033955
353.10344827586204,0.004299872753855387
353.71329879101904,0.004220161904272499
354.3252595155709,0.004138523987597303
354.93934142114387,0.004066523151756535
355.55555555555554,0.003985954383445576
356.17391304347825,0.0039187337220696295
356.794425087108,0.0038475052580617206
357.4171029668411,0.003773563959008829
358.04195804195797,0.0037072441946763087
358.6690017513135,0.00363886291963977
359.29824561403507,0.003568449425340163
359.9297012302285,0.0034962053110827894
360.5633802816901,0.003430020457274017
361.1992945326279,0.0033584790867252916
361.8374558303887,0.003284308693461698
362.4778761061947,0.003212399907488678
363.1205673758865,0.0031403138283300387
363.76554174067496,0.0030665377728243616
364.4128113879003,0.0029963789521007937
365.0623885918003,0.0029172552426839425
365.7142857142857,0.002847212530708761
366.3685152057245,0.002767199123418483
367.02508960573476,0.0026984094499404396
367.68402154398564,0.0026218664403144442
368.3453237410072,0.0025500861395968267
369.009009009009,0.002478823550935
369.67509025270755,0.002407226863612537
370.3435804701627,0.0023412623772390137
371.0144927536232,0.0022737584733219106
371.68784029038113,0.0022058382489330433
372.3636363636364,0.0021467178542103663
373.0418943533697,0.002086949143286843
373.7226277372263,0.0020283103807780876
374.4058500914077,0.0019711029315152887
375.09157509157507,0.0019151999884441252
375.77981651376143,0.0018661282283231899
376.47058823529414,0.001812072974003379
377.1639042357274,0.0017609581646574556
377.8597785977859,0.001713816994065824
378.5582255083179,0.001664686353017894
379.25925925925924,0.0016164883870687017
379.96289424860856,0.0015700889347531322
380.6691449814126,0.001519430996121977
381.37802607076355,0.0014709151070243522
382.089552238806,0.0014189096879996038
382.803738317757,0.0013641817946306537
383.5205992509363,0.001308427609675032
384.24015009380867,0.0012492336796135852
384.96240601503763,0.001184831002872026
385.6873822975518,0.0011191357573029893
386.4150943396226,0.0010507191372655146
387.14555765595463,0.000983102909836575
387.8787878787879,0.0009135050527994214
388.6148007590133,0.0008497382167647825
389.35361216730035,0.0007862889531592432
390.09523809523813,0.0007270552348667815
390.8396946564886,0.0006726579708357305
391.5869980879541,0.0006262732381030715
392.3371647509578,0.000586171167780131
393.0902111324376,0.0005523934782490505
393.84615384615387,0.0005215144540321752
394.6050096339113,0.0004977348809072981
395.3667953667953,0.00047889966826706535
396.1315280464217,0.00046573231495203744
396.8992248062015,0.000454213672322227
397.6699029126213,0.0004500703877223498
398.4435797665369,0.00044730064197829185
399.22027290448347,0.0004476699010348723
400.0,0.00045484215267407884
400.7827788649706,0.00046124367567425197
401.56862745098044,0.0004727739582762066
402.35756385068765,0.0004867596706115282
403.1496062992126,0.0005022514835998939
403.9447731755424,0.0005168745315327618
404.7430830039526,0.0005317205616066756
405.54455445544556,0.0005412341886873011
406.3492063492063,0.0005466830678191136
407.1570576540755,0.0005445619338497759
407.9681274900399,0.0005357124904298154
408.7824351297405,0.0005170686094616317
409.59999999999997,0.000488661380079887
410.4208416833667,0.00045013465544700476
411.24497991967877,0.0004060383183072777
412.07243460764585,0.00035385416380479825
412.9032258064516,0.00030005541952379805
413.7373737373737,0.0002454336310555718
414.57489878542515,0.00018903547880371314
415.4158215010142,0.00013871849981803431
416.260162601626,9.363916793747353e-05
417.10794297352334,5.7168418963005496e-05
417.9591836734694,2.9922515186938845e-05
418.81390593047036,1.1822283407435205e-05
419.67213114754094,2.801291687180303e-06
420.53388090349074,1.5469141104836104e-06
421.3991769547325,6.675577794404529e-06
422.2680412371134,1.5571013919990713e-05
423.1404958677686,2.6994749376906387e-05
424.0165631469979,3.7993880108471074e-05
424.896265560166,4.774621111568257e-05
425.77962577962575,5.428595428308554e-05
426.6666666666667,5.65684905425575e-05
427.5574112734864,5.583534944350405e-05
428.45188284518827,5.2002863181448716e-05
429.3501048218029,4.5371940251233626e-05
430.25210084033614,4.070266546814621e-05
431.1578947368421,3.653109498376583e-05
432.06751054852316,3.674492083022727e-05
432.98097251585625,4.4622424592121527e-05
433.8983050847458,5.886567968126869e-05
434.81953290870484,8.218550454785258e-05
435.74468085106383,0.00011904435116044597
436.67377398720674,0.0001600395243695431
437.60683760683764,0.00021591024565554794
438.54389721627405,0.000278324413221558
439.48497854077254,0.00034120690832967893
440.4301075268817,0.0004182579771840039
441.37931034482756,0.0004848529010290969
442.3326133909287,0.0005516831198394384
443.2900432900433,0.0006249017399405363
444.2516268980477,0.0006667187478482736
445.2173913043478,0.0007216346031404824
446.1873638344227,0.0007544093965606586
447.1615720524017,0.0007644206916935771
448.14004376367615,0.0007889540265400273
449.12280701754383,0.0007636225247276864
450.1098901098901,0.0007530952815709756
451.10132158590307,0.0007294631431010881
452.0971302428256,0.0006675550644160485
453.0973451327433,0.0006434101676232398
454.1019955654102,0.0005704052300082179
455.1111111111111,0.0005089120561358154
456.1247216035635,0.00046393097209004435
457.1428571428571,0.0003755319320173186
458.165548098434,0.0003349624110615868
459.19282511210764,0.0002662289419274099
460.2247191011236,0.0002046386520104948
461.2612612612612,0.00017126586054624872
462.3024830699774,0.00010843600294296686
463.3484162895927,8.953703879459776e-05
464.39909297052156,5.7198950032095815e-05
465.4545454545454,4.631487752612009e-05
466.5148063781321,5.147684073655446e-05
467.57990867579906,6.084834780420864e-05
468.64988558352405,0.00011528084199344141
469.7247706422018,0.0001474227530828351
470.8045977011494,0.00025861920262237263
471.889400921659,0.0003509641751570443
472.97921478060044,0.00047200300537833035
474.07407407407413,0.0006890210751657696
475.17401392111367,0.0008101173597248516
476.27906976744185,0.0010953734908755184
477.3892773892773,0.0013459052359017607
478.5046728971963,0.001548299900656107
479.62529274004686,0.0019779531073106484
480.75117370892025,0.002173114677584829
481.88235294117646,0.002533706525126073
483.0188679245283,0.0029543447964598046
484.160756501182,0.0030826384346445924
485.3080568720379,0.003579291999583071
486.46080760095015,0.003794610334241314
487.61904761904765,0.00391707869456175
488.7828162291169,0.004392082838156786
489.95215311004785,0.004267028382992148
491.1270983213429,0.004464887159255437
492.3076923076923,0.004654715893573928
493.4939759036144,0.004251389851475572
494.68599033816423,0.004531393534126898
495.8837772397094,0.004202578141728828
497.08737864077665,0.003797972470890918
498.29683698296833,0.003976278096234303
499.51219512195115,0.003155107927689524
500.7334963325183,0.003093298572352167
501.9607843137255,0.0028381948497567637
503.1941031941032,0.002041203820379385
504.43349753694577,0.002310178660102303
505.679012345679,0.0015431236313790337
506.9306930693069,0.0015172663294593922
508.18858560794047,0.0015626600246314687
509.452736318408,0.0010171550528623023
510.72319201995015,0.0018448114344922642
511.99999999999994,0.0012650237343507214
513.2832080200501,0.0022046472972911423
514.572864321608,0.002706633076255436
515.8690176322418,0.0025044262585567556
517.1717171717172,0.005057882754574364
518.4810126582279,0.003960710364097513
519.7969543147208,0.006428957825816002
521.1195928753181,0.008140265077160043
522.4489795918367,0.006714450510231414
523.7851662404091,0.012537723018234824
525.1282051282051,0.010124700893293776
526.478149100257,0.012785858465004735
527.8350515463917,0.017779602367888607
529.1989664082687,0.012222113683261617
530.5699481865284,0.021831874590856733
531.948051948052,0.01897693302053171
533.3333333333333,0.018010399335901532
534.7258485639686,0.02917199172757901
536.1256544502618,0.01734611067134258
537.5328083989501,0.028795314894665757
538.9473684210527,0.02883973375435925
540.3693931398416,0.019510094727619155
541.7989417989418,0.03873251320743778
543.236074270557,0.02135257294314431
544.6808510638298,0.030455949754848194
546.1333333333333,0.03791535439568457
547.5935828877006,0.01715670006479361
549.0616621983914,0.04427138910302785
550.5376344086021,0.02449163481034224
552.021563342318,0.027454156331739477
553.5135135135134,0.045730207629892855
555.0135501355013,0.013196871478694156
556.5217391304348,0.04792217745906606
558.0381471389645,0.028245506031807158
559.5628415300547,0.024559005048128104
561.0958904109589,0.05655747511355927
562.6373626373627,0.011031681496023184
564.1873278236914,0.058852250399410486
565.7458563535912,0.03814929274937728
567.3130193905816,0.028880754078161194
568.8888888888889,0.0851298760296999
570.4735376044569,0.015573953392084429
572.0670391061452,0.09241937229676979
573.6694677871149,0.07179736988463974
575.2808988764044,0.0451631584635345
576.9014084507043,0.15998487754860694
578.5310734463276,0.039406263468408545
580.1699716713881,0.16082772378934823
581.8181818181818,0.168838941623672
583.4757834757835,0.07433129596604704
585.1428571428571,0.314705051272183
586.8194842406876,0.11878897630209004
588.5057471264367,0.2605470503677574
590.2017291066282,0.3925527720831323
591.907514450867,0.12943160427052136
593.6231884057971,0.5689807499478196
595.3488372093024,0.33262215482141966
597.0845481049563,0.38112436576983044
598.8304093567251,0.8172096007371382
600.5865102639297,0.2708305652811591
602.3529411764705,0.9303301720729921
604.1297935103245,0.80878725444716
605.9171597633135,0.5516850657273118
607.7151335311573,1.5348193431001211
609.5238095238094,0.6372965894701403
611.3432835820896,1.4624831575294948
613.1736526946107,1.749688313047505
615.015015015015,0.91514303276642
616.867469879518,2.77680444559281
618.7311178247734,1.5122433078650863
620.6060606060606,2.465500875594359
622.4924012158054,3.6508717189586877
624.390243902439,1.90120501449037
626.2996941896024,5.302583453127411
628.2208588957055,3.704207012358162
630.1538461538462,4.876019884375223
632.0987654320987,8.042246200169938
634.0557275541796,4.806378250398957
636.0248447204968,11.24466251925667
638.006230529595,9.64912874888202
640.0,11.134361206667924
642.0062695924764,18.915188752102058
644.0251572327044,13.075559655743522
646.0567823343847,25.4521098526959
648.1012658227849,25.0327223958816
650.1587301587301,26.674638004511134
652.2292993630573,44.057614905373384
654.3130990415335,34.1483498421488
656.4102564102564,56.53038312904517
658.5209003215434,60.4389993114338
660.6451612903226,61.0543998832381
662.7831715210356,96.20802176068135
664.9350649350649,80.43321083895339
667.100977198697,118.2383209779962
669.281045751634,132.16595518966733
671.4754098360655,129.3272099447685
673.6842105263158,194.79262780433154
675.9075907590759,168.608872697611
678.1456953642385,233.80969527047716
680.3986710963455,257.3600105651655
682.6666666666666,262.5722395090904
684.9498327759198,354.26228969013454
687.248322147651,340.0738148175384
689.5622895622896,411.1683509795391
691.8918918918919,484.37529429669365
694.2372881355933,471.42528838947254
696.5986394557823,621.0382107780902
698.976109215017,631.0093792327194
701.3698630136986,668.2777217917675
703.7800687285223,883.5324274121506
706.2068965517241,703.4413689514266
708.6505190311418,1096.0161540262088
711.1111111111111,909.3493259484012
713.588850174216,1155.2589633148223
716.0839160839159,1244.0566642999127
718.5964912280701,1103.2628703971488
721.1267605633802,1398.4506177800813
723.6749116607774,1298.3787692048052
726.241134751773,1410.948029259303
728.8256227758006,1888.3291758272308
731.4285714285714,1212.7917724070123
734.0501792114695,2102.658772242673
736.6906474820144,1076.2605699813303
739.3501805054151,1570.6940124339399
742.0289855072464,1586.5685353632848
744.7272727272727,1157.9178084199305
747.4452554744526,2937.4032440617702
750.1831501831501,322.4617690404655
752.9411764705883,2263.825424124258
755.7195571955718,17.699407852815035
758.5185185185185,3002.5055407149507
761.3382899628252,126.2297534791009
764.179104477612,2617.9928741411663
767.0411985018726,295.7533081291
769.9248120300753,635.2880248020253
772.8301886792452,174.0885720850594
775.7575757575758,652.5763645373474
778.7072243346007,9725.802278689609
781.6793893129772,3733.1398628665497
784.6743295019156,2602.355077603966
787.6923076923077,9411.519357700374
790.7335907335906,5962.428106713298
793.798449612403,2069.4789378121154
796.8871595330738,1380.3037765050813
800.0,2157.7388102573623
803.1372549019609,845.2384267822808
806.2992125984252,3697.9920263729855
809.4861660079052,6803.05596745257
812.6984126984127,9109.061639272453
815.9362549800798,7742.618691567198
819.1999999999999,501.90604047925234
822.4899598393575,2884.30662118215
825.8064516129032,1001.8818000445885
829.1497975708503,1052.3942077907034
832.520325203252,960.8782584436383
835.9183673469388,642.9232461424108
839.3442622950819,888.2278512611883
842.798353909465,1186.3688971500246
846.2809917355372,496.59651218042023
849.792531120332,1345.8883814540409
853.3333333333334,179.8848358609394
856.9037656903765,318.6694841617501
860.5042016806723,297.7928404527945
864.1350210970463,106.0448877086932
867.7966101694916,239.95803911290218
871.4893617021277,287.6866090501967
875.2136752136753,109.70347872063923
878.9699570815451,350.404927396463
882.7586206896551,128.29147514453888
886.5800865800866,186.14693927445916
890.4347826086956,175.3384834127268
894.3231441048034,110.8299811981669
898.2456140350877,149.4988539408849
902.2026431718061,158.36586062434432
906.1946902654867,95.04856771490473
910.2222222222222,163.29512173884012
914.2857142857142,107.35553972171519
918.3856502242153,107.0541285926233
922.5225225225224,132.51664859060025
926.6968325791854,85.38631665617203
930.9090909090908,105.7681696463274
935.1598173515981,107.63643293569424
939.4495412844036,72.88900597528763
943.778801843318,103.47705445881846
948.1481481481483,79.98739747582384
952.5581395348837,71.40432651607765
957.0093457943926,89.56604859598531
961.5023474178405,62.096684243375144
966.0377358490566,69.99792788272319
970.6161137440758,72.59306475234536
975.2380952380953,51.99734755437862
979.9043062200957,65.86860225108529
984.6153846153846,56.06213094796758
989.3719806763285,47.350111194027114
994.1747572815533,57.66186791899292
999.0243902439023,43.44516029817032
1003.921568627451,44.320403277559095
1008.8669950738915,47.33631414453602
1013.8613861386139,35.21772443791749
1018.905472636816,40.59917444272503
1023.9999999999999,37.14727617246469
1029.145728643216,30.3005117315998
1034.3434343434344,35.431872749960576
1039.5939086294416,28.78239828296803
1044.8979591836735,27.026008953720766
1050.2564102564102,29.352836910984138
1055.6701030927834,22.78568218852239
1061.139896373057,24.088877987606747
1066.6666666666665,23.345636432409183
1072.2513089005236,18.807725097500843
1077.8947368421054,20.895647489756534
1083.5978835978835,18.210244768800642
1089.3617021276596,16.102090167225885
1095.1871657754011,17.459718827684224
1101.0752688172042,14.285127861644149
1107.0270270270269,13.975722112450784
1113.0434782608695,14.091739502542953
1119.1256830601094,11.486211921766866
1125.2747252747254,12.006587761308106
1131.4917127071824,11.114285599842328
1137.7777777777778,9.505547064245963
1144.1340782122904,10.06097387124408
1150.5617977528088,8.705868182367372
1157.0621468926552,8.006102182805295
1163.6363636363635,8.19039072909514
1170.2857142857142,6.877136535302591
1177.0114942528735,6.745632128015684
1183.815028901734,6.507827530186656
1190.6976744186047,5.5247796333141315
1197.6608187134502,5.60603266259396
1204.705882352941,5.098876594623211
1211.834319526627,4.508148635429406
1219.0476190476188,4.565272669161474
1226.3473053892214,3.987011172770654
1233.734939759036,3.7054475905145896
1241.2121212121212,3.644893243687094
1248.780487804878,3.1413947122197037
1256.441717791411,3.03779470617069
1264.1975308641975,2.8687691432995317
1272.0496894409937,2.5038267776535377
1280.0,2.4661254410973967
1288.0503144654087,2.242728264582311
1296.2025316455697,2.014299559121342
1304.4585987261146,1.9761218801882563
1312.8205128205127,1.7535614395780563
1321.2903225806451,1.6257068634084955
1329.8701298701299,1.5635037121154562
1338.562091503268,1.3769324476194493
1347.3684210526317,1.3076310903609127
1356.291390728477,1.2247534419748352
1365.3333333333333,1.086509020807278
1374.496644295302,1.0432436597376005
1383.7837837837837,0.9535044745593911
1393.1972789115646,0.8598542059339149
1402.7397260273972,0.823976328102673
1412.4137931034481,0.7405697596678531
1422.2222222222222,0.6803660506011131
1432.1678321678319,0.6447268257676803
1442.2535211267605,0.5754515146190915
1452.482269503546,0.536840536419631
1462.857142857143,0.5009310057552261
1473.3812949640287,0.4479925555902119
1484.0579710144928,0.4217108351676752
1494.890510948905,0.3875653130989867
1505.8823529411766,0.3494196784832615
1517.037037037037,0.3295851874279614
1528.358208955224,0.29927573460672074
1539.8496240601505,0.2727360764751587
1551.5151515151515,0.2562364914085028
1563.3587786259543,0.23095896647034136
1575.3846153846155,0.212662060273067
1587.596899224806,0.1982013383618782
1600.0,0.17818926635168214
1612.5984251968505,0.16536061662134885
1625.3968253968253,0.15258141865548872
1638.3999999999999,0.13740367457660285
1651.6129032258063,0.12804692599824838
1665.040650406504,0.11697392589484759
1678.6885245901638,0.10585717393401213
1692.5619834710744,0.09867301375973113
1706.6666666666667,0.08939473677755569
1721.0084033613446,0.08144818590540798
1735.5932203389832,0.07566616176037701
1750.4273504273506,0.06818156112714384
1765.5172413793102,0.06256223226517446
1780.8695652173913,0.057761794395016
1796.4912280701753,0.051949183118150596
1812.3893805309733,0.047942219536306056
1828.5714285714284,0.04391117619369353
1845.0450450450448,0.03955483836079321
1861.8181818181815,0.03661156941780558
1878.8990825688072,0.033255452188420104
1896.2962962962965,0.030082776045943335
1914.0186915887853,0.027822925840896653
1932.0754716981132,0.025091402241245626
1950.4761904761906,0.02282342524220264
1969.2307692307693,0.021013184718915407
1988.3495145631066,0.01885932399403506
2007.843137254902,0.01724285975977941
2027.7227722772277,0.0157569270554072
2047.9999999999998,0.014118582024174204
2068.686868686869,0.012948459866196391
2089.795918367347,0.01172455343002863
2111.340206185567,0.010522341481331434
2133.333333333333,0.009645092131291975
2155.789473684211,0.008656890936659287
2178.723404255319,0.007795488661624374
2202.1505376344085,0.007112520831857341
2226.086956521739,0.0063378394213971095
2250.5494505494507,0.005724930283965207
2275.5555555555557,0.005176179053746527
2301.1235955056177,0.004588961162236602
2327.272727272727,0.004145054414353868
2354.022988505747,0.0037005234138677355
2381.3953488372094,0.003268363848056605
2409.411764705882,0.002935052605231407
2438.0952380952376,0.0025795067302297418
2467.469879518072,0.002267659375241877
2497.560975609756,0.0020082172756746247
2528.395061728395,0.0017340076216094543
2560.0,0.001510762247844435
2592.4050632911394,0.0013073015587543048
2625.6410256410254,0.0011061318359467727
2659.7402597402597,0.0009470990885484074
2694.7368421052633,0.0007931344372921085
2730.6666666666665,0.0006550998147924343
2767.5675675675675,0.0005441318245734586
2805.4794520547944,0.0004366863459186172
2844.4444444444443,0.00034931902998084274
2884.507042253521,0.00027652192026457234
2925.714285714286,0.0002104530507733188
2968.1159420289855,0.00016067832430144598
3011.764705882353,0.00011850861384211278
3056.716417910448,8.433992553983373e-05
3103.030303030303,5.997003234503018e-05
3150.769230769231,4.003992802323308e-05
3200.0,2.6128319665803327e-05
3250.7936507936506,1.6712705113696427e-05
3303.2258064516127,9.794012094149117e-06
3357.3770491803275,5.790278454764252e-06
3413.3333333333335,3.2850009184632373e-06
3471.1864406779664,1.7442840194931495e-06
3531.0344827586205,1.0437595195090557e-06
3592.9824561403507,6.250222841193056e-07
3657.142857142857,3.7793616711471725e-07
3723.636363636363,2.6991964385056163e-07
3792.592592592593,1.6878585888460077e-07
3864.1509433962265,9.462760601842281e-08
3938.4615384615386,6.200522602286894e-08
4015.686274509804,3.5107547228367306e-08
4095.9999999999995,2.229399106370951e-08
4179.591836734694,2.1439611768199548e-08
4266.666666666666,1.3527393991624766e-08
4357.446808510638,6.709274174746146e-09
4452.173913043478,4.720275369190878e-09
4551.111111111111,1.9456021379793392e-09
4654.545454545454,1.1750264256120888e-09
4762.790697674419,7.27425196252647e-10
4876.190476190475,3.5413013538281136e-10
4995.121951219512,1.9474994267142065e-10
5120.0,1.1846280536276841e-10
5251.282051282051,6.062529837893775e-11
5389.473684210527,3.040495920403297e-11
5535.135135135135,1.7464779425006513e-11
5688.888888888889,9.126974133992294e-12
5851.428571428572,4.468296075320766e-12
6023.529411764706,2.5332174580665976e-12
6206.060606060606,1.3968727989361854e-12
6400.0,7.304205608774278e-13
6606.451612903225,4.45632509160928e-13
6826.666666666667,2.6950340519581487e-13
7062.068965517241,1.5911728126246608e-13
7314.285714285714,1.0847713920306992e-13
7585.185185185186,6.969523547133907e-14
7876.923076923077,4.512752469388089e-14
