"Wavelength, nm",Intensity
136.44237175216523,1.2120398519556565e-21
136.53333333333333,1.627130986374257e-21
136.62441627751835,2.1944970119923817e-21
136.71562082777035,2.9676048809348097e-21
136.80694722778892,4.0612497359563185e-21
136.89839572192514,5.56298556058962e-21
136.98996655518394,7.769565830627114e-21
137.08165997322624,1.1856077723595604e-20
137.17347622237108,2.7161528962789253e-20
137.26541554959786,1.3477579666816518e-19
137.35747820254863,1.0417023899962874e-18
137.4496644295302,7.369456872908857e-18
137.54197447951645,4.376480800306501e-17
137.63440860215053,1.9963524186848765e-16
137.72696704774717,7.94225139428196e-16
137.81965006729476,2.5826346303629516e-15
137.9124579124579,7.425889928716267e-15
138.0053908355795,1.9713313356086542e-14
138.09844908968307,4.405905428255335e-14
138.19163292847506,1.0126970104427596e-13
138.28494260634707,1.9173820249826465e-13
138.37837837837836,3.859326321513096e-13
138.47194050033806,6.62321016180959e-13
138.5656292286874,1.1788304782925082e-12
138.65944482058225,1.923092267036854e-12
138.75338753387533,3.015204255097687e-12
138.84745762711862,4.902846325837685e-12
138.94165535956583,6.699860761449834e-12
139.03598099117448,1.1083771555291476e-11
139.1304347826087,1.3709710390408131e-11
139.22501699524133,2.2025375161406282e-11
139.31972789115645,2.701438016898661e-11
139.4145677331518,3.870005651182056e-11
139.50953678474113,5.1221524603483555e-11
139.60463531015677,6.194161663255755e-11
139.69986357435198,9.160873450829672e-11
139.79522184300342,9.396076358960183e-11
139.89071038251367,1.512156472238961e-10
139.98632946001365,1.4208038061456017e-10
140.08207934336525,2.256029478931222e-10
140.17796030116358,2.2519290978047995e-10
140.27397260273972,3.001468412613079e-10
140.37011651816314,3.682282840104603e-10
140.46639231824417,3.612615029813406e-10
140.56280027453673,5.790586785063804e-10
140.65934065934067,4.258955621122333e-10
140.75601374570448,8.252439219272704e-10
140.85281980742778,5.575112124106758e-10
140.949759119064,1.0251349256892173e-09
141.04683195592284,8.507044917486587e-10
141.14403859407307,1.0850380463595792e-09
141.24137931034483,1.3797833386428728e-09
141.33885438233264,9.869468584375649e-10
141.4364640883978,2.085483032748928e-09
141.53420870767104,8.860472634837257e-10
141.6320885200553,2.6998982841018827e-09
141.73010380622836,1.1243358031272735e-09
141.8282548476454,2.8501679811065753e-09
141.92654192654192,2.0322044755511714e-09
142.0249653259362,2.3293882803783885e-09
142.1235253296322,3.6064687250055093e-09
142.22222222222223,1.390629604477983e-09
142.32105628908963,5.321688734649258e-09
142.42002781641168,8.08880244872279e-10
142.51913709116212,6.257973812091364e-09
142.6183844011142,1.5321604554166234e-09
142.7177700348432,5.624273893505469e-09
142.81729428172943,4.024732232716971e-09
142.91695743196092,3.466485475937057e-09
143.0167597765363,7.682119329192382e-09
143.11670160726763,1.0091428001549305e-09
143.21678321678323,1.0839689617572473e-08
143.31700489853043,2.1042481733914567e-10
143.4173669467787,1.1617450438789682e-08
143.5178696566223,2.6358945797405844e-09
143.61851332398317,9.182052655548117e-09
143.71929824561403,8.272226557642333e-09
143.8202247191011,4.6341288200386464e-09
143.92129304286718,1.5107063554220312e-08
144.0225035161744,8.65741253254594e-10
144.12385643912737,1.9913361874056846e-08
144.22535211267606,1.2129699131089577e-09
144.32699083861874,1.9994176875040393e-08
144.42877291960508,7.514214281396029e-09
144.530698659139,1.505407550576875e-08
144.6327683615819,1.8654467189720795e-08
144.73498233215545,8.01983084864584e-09
144.83734087694484,3.055126822262283e-08
144.9398443029016,4.159752584150988e-09
145.04249291784703,3.79169151845226e-08
145.14528703047483,8.664541387128239e-09
145.24822695035462,3.71504813904467e-08
145.35131298793468,2.3638281967686984e-08
145.45454545454544,2.904998903861273e-08
145.55792466240226,4.60529776739075e-08
145.66145092460883,1.9855311345499688e-08
145.76512455516016,6.807359246047075e-08
145.86894586894587,1.9365617246638448e-08
145.9729151817534,8.043650029416844e-08
146.07703281027102,3.617922234766571e-08
146.18129907209135,7.805059840848451e-08
146.28571428571428,7.185342664957981e-08
146.39027877055037,6.511807731407655e-08
146.49499284692416,1.1739654654744913e-07
146.59985683607732,5.5884605462336494e-08
146.7048710601719,1.557698251170837e-07
146.8100358422939,6.858111735161441e-08
146.91535150645623,1.7106034672720043e-07
147.0208183776023,1.1411220033272612e-07
147.1264367816092,1.6018701378993856e-07
147.23220704529115,1.860995702457012e-07
147.33812949640287,1.3897052484387187e-07
147.4442044636429,2.603223957159913e-07
147.55043227665706,1.3643906835023468e-07
147.6568132660418,3.0668857922532324e-07
147.76334776334778,1.7791060386262142e-07
147.87003610108303,3.0857558332601895e-07
147.97687861271675,2.6658427897638515e-07
148.08387563268258,2.7712135142514597e-07
148.19102749638205,3.7625555690664827e-07
148.29833454018825,2.4960279915123763e-07
148.40579710144928,4.6280927297650215e-07
148.51341551849166,2.691766650169512e-07
148.6211901306241,4.902983160013002e-07
148.72912127814087,3.5689355429664744e-07
148.8372093023256,4.564880722782383e-07
148.94545454545454,4.931444395503191e-07
149.0538573508006,4.003424111498275e-07
149.16241806263656,6.233597073788798e-07
149.27113702623907,3.82687660440362e-07
149.38001458789202,6.883801424625324e-07
149.4890510948905,4.487583188757701e-07
149.59824689554418,6.636962152509266e-07
149.70760233918128,5.943760444054114e-07
149.81711777615214,5.815174894604377e-07
149.9267935578331,7.602961674127485e-07
150.03663003663004,5.17367217933832e-07
150.1466275659824,8.639168922989673e-07
150.25678650036684,5.443674678215386e-07
150.36710719530103,8.536884168468144e-07
150.47759000734754,6.807995038784683e-07
150.58823529411762,7.501803536826152e-07
150.69904341427517,8.68468694319512e-07
150.8100147275405,6.424540294968583e-07
150.92114959469419,1.0020436610956798e-06
151.03244837758112,6.343383238004142e-07
151.1439114391144,1.0006730139423545e-06
151.25553914327915,7.71531944414066e-07
151.3673318551367,8.685948607703024e-07
151.47928994082838,9.999241316058667e-07
151.59141376757958,7.071020689739639e-07
151.7037037037037,1.1894926223882982e-06
151.81616011860638,6.470245818712071e-07
151.92878338278933,1.2245247837845798e-06
152.04157386785448,7.64075492511596e-07
152.15453194650817,1.0902991451855001e-06
152.26765799256503,1.0051965992126565e-06
152.38095238095235,9.012961420046854e-07
152.4944154877141,1.2255318755717242e-06
152.6080476900149,8.150247604141202e-07
152.72184936614468,1.268909604904284e-06
152.8358208955224,9.244247355070747e-07
152.9499626587005,1.1358722054936841e-06
153.0642750373692,1.169062929383739e-06
153.1787584143605,9.729897089326294e-07
153.29341317365268,1.3893870726269978e-06
153.40823970037454,1.01106161580057e-06
153.5232383808096,1.3700207377645046e-06
153.6384096024006,1.2866875061786895e-06
153.75375375375376,1.0823099304776747e-06
153.86927122464311,1.77375130896329e-06
153.98496240601503,7.596959108728983e-07
154.10082768999246,2.2229942049569997e-06
154.2168674698795,7.205982782461282e-07
154.33308214016577,2.4529043461126056e-06
154.4494720965309,9.191090193926241e-07
154.56603773584905,2.0011530583186273e-06
154.68277945619334,1.2886936404202004e-06
154.79969765684052,1.5617093919347162e-06
154.91679273827532,1.8062962318968221e-06
155.0340651021953,1.4746099828594397e-06
155.15151515151516,2.3160355057282585e-06
155.2691432903715,1.7183019404124987e-06
155.38694992412746,1.8065159110753669e-06
155.50493545937738,1.1145372293892408e-06
155.62310030395136,1.7066022728417564e-06
155.74144486692012,1.3076113909703605e-06
155.8599695585997,3.1654545779138527e-06
155.97867479055597,1.6760597991558986e-06
156.09756097560975,4.969484480409001e-06
156.21662852784135,1.1770575437543489e-06
156.33587786259542,2.8826387846147475e-06
156.45530939648586,1.0965008341926419e-07
156.5749235474006,3.4906840300877236e-06
156.69472073450652,2.978006596752338e-06
156.8147013782542,6.6370218888460215e-06
156.93486590038313,4.844010356249961e-06
157.05521472392638,6.883410038811865e-06
157.17574827321565,5.657470503965111e-07
157.29646697388634,1.2885612667659351e-07
157.4173712528824,5.079275308152719e-06
157.53846153846155,4.935513988774525e-06
157.65973826020013,1.230704207565631e-05
157.78120184899845,7.548020714992656e-06
157.9028527370856,6.59383037835385e-06
158.02469135802468,1.1794261421881057e-06
158.14671814671814,7.619015490455336e-07
158.26893353941267,5.074042957416836e-06
158.39133797370457,1.2179350616688406e-05
158.5139318885449,4.073848271334589e-06
158.63671572424477,1.025684291471553e-05
158.7596899224806,5.082134981669707e-06
158.88285492629947,6.024833938397334e-06
159.0062111801242,1.9293732589016593e-06
159.12975912975912,4.970960902374204e-06
159.25349922239502,2.1825196701964028e-05
159.37743190661476,1.4300222381410472e-05
159.50155763239874,8.43837137486358e-06
159.62587685113016,3.708595481776414e-06
159.7503900156006,9.204158526305651e-07
159.87509758001562,1.5881939496725756e-05
160.0,3.448399873424893e-06
160.12509773260362,1.9222168063125494e-06
160.2503912363067,3.10436107262606e-06
160.37588097102582,1.2675188509854278e-05
160.5015673981191,1.8872957639959236e-05
160.62745098039213,1.4966293861417429e-05
160.7535321821036,8.217435408371543e-06
160.87981146897093,7.0352761384317995e-06
161.0062893081761,3.6307106364146335e-06
161.13296616837135,1.6330296087869712e-06
161.25984251968504,1.1269979680926505e-05
161.38691883372735,8.76959734933625e-06
161.51419558359618,9.172013126469905e-06
161.64167324388316,9.371691902089065e-06
161.7693522906793,5.282737743586565e-06
161.89723320158103,7.3793444432083966e-06
162.0253164556962,7.71647409347529e-07
162.15360253365006,1.835939742045582e-06
162.28209191759112,9.842090780082097e-06
162.41078509119745,2.2235615338430035e-06
162.53968253968253,2.3562329310198026e-05
162.66878474980143,4.472573200107943e-06
162.79809220985692,2.2045574100256195e-05
162.92760540970565,8.263343065044049e-07
163.05732484076432,6.761215035644885e-06
163.18725099601593,3.2648123522929523e-06
163.31738437001593,1.3632064704811345e-06
163.44772545889865,1.1716191303329155e-05
163.57827476038338,7.214026366321429e-06
163.709032773781,1.4788705098655027e-05
163.84,1.1440184929998119e-05
163.97117694155327,7.324974899359588e-06
164.1025641025641,1.0028840439601364e-05
164.23416198877305,4.156263668730596e-07
164.3659711075441,7.571776436958125e-06
164.49799196787149,5.233212014040193e-06
164.63022508038586,8.839333803875227e-06
164.76267095736122,1.6999906776780908e-05
164.89533011272144,9.853266009163582e-06
165.02820306204674,1.9242842576287675e-05
165.16129032258064,6.2238102811275995e-06
165.29459241323647,9.052455318844655e-06
165.4281098546042,4.905941073796959e-06
165.56184316895713,2.8151957671812864e-06
165.6957928802589,1.1392977207873562e-05
165.82995951417004,8.409025421915482e-06
165.9643435980551,1.564960023782997e-05
166.09894566098947,1.473191520959408e-05
166.23376623376623,9.98069504791758e-06
166.36880584890332,1.315059410312135e-05
166.5040650406504,3.6185178014264737e-06
166.63954434499593,8.370694869169702e-06
166.77524429967426,6.214577537762632e-06
166.9111654441728,6.8143639960962125e-06
167.047308319739,1.2290619820481242e-05
167.18367346938777,8.071226657299908e-06
167.3202614379085,1.1764078709351009e-05
167.45707277187245,8.672590681656102e-06
167.59410801963992,5.7911165156054975e-06
167.7313677313677,7.759809850909605e-06
167.86885245901638,3.1790383190652666e-06
168.00656275635768,6.527067678230446e-06
168.14449917898193,5.996146210164373e-06
168.28266228430567,5.370612809316045e-06
168.42105263157896,7.930136819171923e-06
168.559670781893,4.32419192084126e-06
168.6985172981878,5.535741366020853e-06
168.83759274525966,3.950720952138274e-06
168.97689768976898,2.5258995503260845e-06
169.11643270024774,3.989334798492534e-06
169.25619834710741,2.349110428379503e-06
169.39619520264682,3.314426333554017e-06
169.53642384105962,3.417409222384088e-06
169.67688483844242,2.074524711979967e-06
169.81757877280262,3.0972722953184094e-06
169.95850622406635,1.5189778350746183e-06
170.09966777408638,1.6861314045414913e-06
170.24106400665005,1.7000142514291185e-06
170.3826955074875,9.044581826006216e-07
170.52456286427974,1.5620032275184013e-06
170.66666666666666,1.0722987546696065e-06
170.8090075062552,9.136568708923712e-07
170.9515859766277,1.1992953958531308e-06
171.09440267335003,5.065388977869934e-07
171.23745819397996,7.843205422558207e-07
171.3807531380753,5.711364084911658e-07
171.52428810720266,3.35233208900159e-07
171.66806370494552,6.000180097051959e-07
171.81208053691276,2.942039787582384e-07
171.95633921074725,3.5799516770596903e-07
172.10084033613444,4.0109072640713685e-07
172.24558452481077,1.6021343287913495e-07
172.3905723905724,3.0586635300405684e-07
172.5358045492839,1.9344664415907846e-07
172.681281618887,1.2682361855618316e-07
172.82700421940928,2.4131656306475653e-07
172.97297297297297,1.0335175718575617e-07
173.11918850380385,1.5093507925132292e-07
173.26565143824024,1.6995143897603984e-07
173.41236240474177,6.82528290144847e-08
173.55932203389833,1.4885186042288817e-07
173.70653095843934,1.0120956151982731e-07
173.85398981324278,7.15217787679882e-08
174.0016992353441,1.3748792817856982e-07
174.14965986394557,6.563049121264374e-08
174.2978723404255,9.295683774563618e-08
174.44633730834755,1.1020788450385323e-07
174.59505541346974,5.218036594363518e-08
174.74402730375425,1.0443161463141388e-07
174.8932536293766,7.779284163539368e-08
175.04273504273505,5.989743418123027e-08
175.1924721984602,1.0197602967521783e-07
175.34246575342465,5.563656345322758e-08
175.49271636675235,7.447175484000608e-08
175.6432246998285,8.457941194793055e-08
175.79399141630904,4.816545624090566e-08
175.94501718213058,8.267909914517042e-08
176.0963026655202,6.307067319477879e-08
176.24784853700515,5.2984043808096554e-08
176.3996554694229,7.804614037238468e-08
176.55172413793102,4.738809165159949e-08
176.70405522001724,6.084914771087788e-08
176.85664939550952,6.464514767281803e-08
177.00950734658602,4.2233515563355234e-08
177.16262975778545,6.352178706871054e-08
177.3160173160173,4.906114245808894e-08
177.46967071057193,4.4154864941550525e-08
177.62359063313096,5.809329393603764e-08
177.77777777777777,3.844371994941993e-08
177.93223284100782,4.7503819226048336e-08
178.08695652173913,4.753814205886788e-08
178.24194952132288,3.453924202862215e-08
178.397212543554,4.701019699648889e-08
178.55274629468178,3.67821789587035e-08
178.70855148342056,3.4944434937906226e-08
178.86462882096066,4.179566853230414e-08
179.02097902097898,2.9615087780455634e-08
179.17760279965006,3.564822034229473e-08
179.33450087565674,3.3936872873051345e-08
179.4916739702016,2.6887425685209497e-08
179.64912280701753,3.4102026556200345e-08
179.80684811237927,2.657513210782769e-08
179.96485061511424,2.6581652069255503e-08
180.12313104661388,2.9629815666430794e-08
180.28169014084506,2.189592710044478e-08
180.44052863436124,2.6488217278882278e-08
180.59964726631395,2.393155334394852e-08
180.75904677846424,2.0013117584824074e-08
180.91872791519435,2.4693411505623225e-08
181.07869142351902,1.880723743808012e-08
181.23893805309734,1.96829344536954e-08
181.39946855624444,2.1269840076047336e-08
181.56028368794324,1.5544313891917373e-08
181.72138420585628,1.9384391438526293e-08
181.88277087033748,1.713394109425337e-08
182.04444444444445,1.4112145269322211e-08
182.20640569395016,1.817440452221083e-08
182.3686553873553,1.3272096035095489e-08
182.53119429590015,1.3983003007323562e-08
182.69402319357712,1.5940159905890014e-08
182.85714285714286,1.0653655693987001e-08
183.0205540661305,1.4076204889650507e-08
183.18425760286226,1.2849744358217205e-08
183.34825425246197,9.456908239526629e-09
183.51254480286738,1.376361029750669e-08
183.67713004484304,9.892725423162935e-09
183.84201077199282,9.177411884992532e-09
184.00718778077265,1.2559576235597708e-08
184.1726618705036,7.501888070570584e-09
184.33843384338437,9.507572072078652e-09
184.5045045045045,1.0761437905775326e-08
184.67087466185754,5.85494412548352e-09
184.83754512635377,9.752771940649589e-09
185.0045167118338,8.613976543424397e-09
185.17179023508135,5.1617088489102e-09
185.33936651583707,9.724464511234776e-09
185.5072463768116,6.4307921489296255e-09
185.675430643699,5.134236468255172e-09
185.84392014519057,9.175157658165432e-09
186.01271571298818,4.579101798260047e-09
186.1818181818182,5.6222586823607345e-09
186.3512283894449,8.165629580380291e-09
186.52094717668484,3.181582903645015e-09
186.69097538742025,6.289431891923409e-09
186.86131386861314,6.662299599849434e-09
187.03196347031962,2.454235724617857e-09
187.20292504570384,6.931120959892193e-09
187.37419945105214,4.7890152076968815e-09
187.54578754578753,2.495853064981821e-09
187.71769019248396,7.163350614125342e-09
187.88990825688072,2.8580125213736535e-09
188.06244260789717,3.3381436629077015e-09
188.23529411764707,6.8086864111494575e-09
188.40846366145354,1.25740775731301e-09
188.5819521178637,4.725199515196357e-09
188.75576036866357,5.744653401011381e-09
188.92988929889296,5.108779535684246e-10
189.10433979686056,6.550798450397944e-09
189.27911275415894,4.0733472691656236e-09
189.45420906567992,9.642894725544989e-10
189.62962962962962,8.032375897463156e-09
189.80537534754404,2.2465027550785404e-09
189.98144712430428,2.8440827717337525e-09
190.15784586815226,9.017909452117817e-09
190.3345724907063,7.28350871078588e-10
190.51162790697674,5.931811630813285e-09
190.68901303538178,8.779407448634605e-09
190.8667287977633,4.3185718063832095e-10
191.044776119403,9.647330160149616e-09
191.22315592903828,7.290614599202268e-09
191.4018691588785,1.9112092116349916e-09
191.5809167446211,1.2391198855955545e-08
191.76029962546815,5.202570911722736e-09
191.94001874414244,4.836135697532658e-09
192.12007504690433,1.3200285369945207e-08
192.3004694835681,3.473041248659838e-09
192.48120300751881,7.97746272171722e-09
192.66227657572907,1.1874732685044146e-08
192.8436911487759,2.8406290375123314e-09
193.02544769085767,1.006718571889616e-08
193.2075471698113,9.778812020437675e-09
193.38999055712932,3.3088351868331975e-09
193.57277882797732,1.13348506459839e-08
193.75591296121098,8.793305240710812e-09
193.93939393939394,4.957612492388043e-09
194.12322274881518,1.396121767078808e-08
194.30740037950665,1.0043678828426458e-08
194.49192782526114,9.198107229085398e-09
194.67680608365018,1.9935741507429223e-08
194.86203615604185,1.389222917932942e-08
195.04761904761907,1.797702418265434e-08
195.23355576739752,2.8960426218521735e-08
195.4198473282443,2.0520758810184332e-08
195.6064947468959,3.14194388232469e-08
195.79349904397705,3.8607058671118784e-08
195.9808612440191,2.9698564459447264e-08
196.1685823754789,4.672031043000945e-08
196.35666347075744,4.5805079651408075e-08
196.5451055662188,4.0655457408941345e-08
196.73390970220942,5.970593166700273e-08
196.92307692307693,5.0467663301385825e-08
197.1126082771896,5.2944394621938475e-08
197.30250481695566,7.00788142553567e-08
197.4927675988428,5.6983935335841356e-08
197.68339768339766,7.030253837548545e-08
197.8743961352657,8.427220130861228e-08
198.06576402321085,7.334338106868219e-08
198.25750242013552,9.876419411546213e-08
198.44961240310076,1.065721209047968e-07
198.64209505334625,1.0165453210995262e-07
198.83495145631065,1.3307128449822193e-07
199.02818270165207,1.2863721075936592e-07
199.22178988326846,1.3145225767913038e-07
199.4157740993184,1.5994856001983803e-07
199.61013645224173,1.4873000998527205e-07
199.8048780487805,1.6695024284944053e-07
200.0,1.988395119009701e-07
200.19550342130987,1.9649385547653713e-07
200.3913894324853,2.408487972148543e-07
200.58765915768853,2.748622370477462e-07
200.78431372549022,2.7960296324981695e-07
200.9813542688911,3.331159575129907e-07
201.17878192534383,3.3871745149554315e-07
201.37659783677483,3.4033342218791887e-07
201.5748031496063,3.77306559524944e-07
201.77339901477833,3.63117917233619e-07
201.9723865877712,3.8420933097152067e-07
202.1717670286278,4.3041748867029376e-07
202.3715415019763,4.411663642122941e-07
202.57171117705244,5.043336955392737e-07
202.77227722772278,5.635349384282145e-07
202.97324083250743,5.832159872194366e-07
203.17460317460316,6.508104647073763e-07
203.37636544190661,6.759420914303139e-07
203.57852882703776,6.848922603548352e-07
203.78109452736314,7.487162419845447e-07
203.98406374501994,7.67542531232416e-07
204.1874376869392,8.179071657073804e-07
204.39121756487026,9.127280518471286e-07
204.5954045954046,9.514405654850217e-07
204.79999999999998,1.0420180084208757e-06
205.005005005005,1.1317523869701028e-06
205.21042084168334,1.1822862824606048e-06
205.41624874623875,1.3053322397330782e-06
205.62248995983938,1.411110534951391e-06
205.8291457286432,1.5087221953195917e-06
206.03621730382292,1.6620999101188212e-06
206.24370594159112,1.7571010338258988e-06
206.4516129032258,1.8496031878006692e-06
206.65993945509584,1.9822623457336793e-06
206.86868686868684,2.0620228012446997e-06
207.07785642062692,2.1925277375781545e-06
207.28744939271257,2.355556731440428e-06
207.49746707193518,2.4552162985122464e-06
207.7079107505071,2.6223317096899617e-06
207.9187817258883,2.775813359531325e-06
208.130081300813,2.9166099229609952e-06
208.34181078331636,3.1811365787501737e-06
208.55397148676167,3.4197414884128644e-06
208.7665647298675,3.6872321249181046e-06
208.9795918367347,3.99449608277119e-06
209.19305413687437,4.2019009044540565e-06
209.40695296523518,4.454405959995081e-06
209.6212896622313,4.731127798709504e-06
209.83606557377047,5.018777006927411e-06
210.05128205128204,5.413708401362288e-06
210.26694045174537,5.82719473124919e-06
210.48304213771837,6.197337534260905e-06
210.69958847736626,6.578891697344968e-06
210.91658084449023,6.911483588020139e-06
211.1340206185567,7.238667319251878e-06
211.3519091847265,7.71777510067575e-06
211.5702479338843,8.215911971451615e-06
211.78903826266804,8.776828054132875e-06
212.00828157349895,9.383281380244063e-06
212.22797927461139,9.877390845205817e-06
212.448132780083,1.0491148171223755e-05
212.668743509865,1.11594394438894e-05
212.88981288981287,1.1818143640562094e-05
213.11134235171693,1.254374690889761e-05
213.33333333333334,1.3121807304308612e-05
213.555787278415,1.3777856910339877e-05
213.7787056367432,1.4631419792724477e-05
214.00208986415882,1.5592933104841484e-05
214.22594142259413,1.668922608870182e-05
214.4502617801047,1.766733997060829e-05
214.67505241090146,1.869961794368797e-05
214.900314795383,1.986516332614877e-05
215.12605042016807,2.1206503776314074e-05
215.35226077812828,2.2556600379645656e-05
215.57894736842104,2.366328927567122e-05
215.80611169652263,2.486634747520841e-05
216.03375527426158,2.6132410819003314e-05
216.26187961985215,2.7794597663245e-05
216.49048625792813,2.9410784006306254e-05
216.7195767195767,3.0763518301151506e-05
216.9491525423729,3.216936305682596e-05
217.17921527041358,3.376983207813552e-05
217.40976645435242,3.591225599019764e-05
217.64080765143464,3.825153036467817e-05
217.87234042553192,4.046001730112531e-05
218.10436634717786,4.240009251916927e-05
218.33688699360337,4.446976527828446e-05
218.5699039487727,4.651806509053477e-05
218.80341880341882,4.928550958516194e-05
219.0374331550802,5.212547912799732e-05
219.27194860813702,5.533141336684699e-05
219.5069667738478,5.8454339671418874e-05
219.74248927038627,6.121478412666747e-05
219.97851772287862,6.462059300477281e-05
220.21505376344086,6.727387750111713e-05
220.45209903121636,7.140019849423773e-05
220.68965517241378,7.399139181752125e-05
220.92772384034518,7.824128230035776e-05
221.16630669546436,8.186101163264246e-05
221.4054054054054,8.5990928449511e-05
221.64502164502164,9.162204810317173e-05
221.88515709642468,9.517135881171524e-05
222.12581344902384,0.00010186666598071584
222.36699239956567,0.00010463139386615922
222.6086956521739,0.00011081776017337415
222.85092491838955,0.00011434535758950987
223.09368191721134,0.00012176943804022775
223.3369683751363,0.00012711035944988082
223.58078602620085,0.00013329065847875665
223.82513661202185,0.00013981252433186846
224.07002188183807,0.0001432571963178557
224.31544359255204,0.00015631460641366192
224.56140350877192,0.00015588033713706615
224.80790340285398,0.00017274706263638748
225.05494505494505,0.00017112353380562817
225.30253025302528,0.0001868692200373693
225.55066079295153,0.00019322127999923694
225.79933847850054,0.0001990595226111773
226.0485651214128,0.00021706412324660915
226.29834254143645,0.00021087788421009037
226.54867256637166,0.00024122497607363843
226.79955703211516,0.0002274184492662298
227.0509977827051,0.0002658806309125691
227.30299667036624,0.0002508767309100743
227.55555555555554,0.00028342740905029824
227.80867630700777,0.00028393518076521245
228.06236080178175,0.0002916322622815748
228.31661092530658,0.0003333056871250217
228.57142857142856,0.00029499044719726605
228.82681564245812,0.0003856720600096034
229.082774049217,0.00030846973603266875
229.33930571108624,0.0004205035363128185
229.59641255605382,0.00034929218233943567
229.8540965207632,0.0004263442107781199
230.1123595505618,0.0004277772040792233
230.37120359955006,0.00040561477646608815
230.6306306306306,0.0005325516201328922
230.89064261555805,0.00037579692144039807
231.1512415349887,0.0006361521619249495
231.41242937853107,0.000376708213450173
231.67420814479635,0.0006929900889295902
231.9365798414496,0.00046166879972801654
232.19954648526078,0.0006525714102245223
232.46311010215663,0.0006627677439657724
232.7272727272727,0.00052450767652084
232.9920364050057,0.000937998006395055
233.25740318906605,0.0003841415190349757
233.52337514253134,0.0011766533340134106
233.78995433789953,0.00037526174666007215
234.05714285714288,0.0012321871319994375
234.32494279176203,0.0006297424860836594
234.59335624284074,0.001024645656129469
234.8623853211009,0.001186146210281907
235.13203214695753,0.0006042219028280124
235.4022988505747,0.001907776744774576
235.67318757192174,0.0002275798724144187
235.9447004608295,0.0024627708634360527
236.2168396770473,0.00029877625830940067
236.48960739030022,0.0024820749512919483
236.76300578034682,0.0011457316366401647
237.03703703703707,0.0017922653804253864
237.3117033603708,0.0027558582901025808
237.58700696055683,0.0006981459926403912
237.862950058072,0.0046210568973573665
238.13953488372093,8.72418098460804e-06
238.41676367869616,0.005845845663415584
238.69463869463866,0.0007220284475262586
238.97316219369893,0.0056098490891813325
239.25233644859816,0.0034555174355880365
239.53216374269007,0.0038332095014652987
239.81264637002343,0.007844495707136087
240.0937866354044,0.0016374941225568568
240.37558685446012,0.01230856095159737
240.65804935370153,0.0011389394621581642
240.94117647058823,0.014726576877148146
241.2249705535924,0.004478500168714605
241.50943396226415,0.01368913095718246
241.79456906729635,0.012335327518392659
242.080378250591,0.009908337488689049
242.3668639053254,0.022878005490383418
242.65402843601896,0.006738246973244031
242.94187425860022,0.03207586677415098
243.23040380047507,0.008957070529828172
243.51961950059456,0.03567415554180659
243.80952380952382,0.01999483635407719
244.1001191895113,0.03225480057512295
244.39140811455846,0.03912585456713015
244.68339307048984,0.025359151993328843
244.97607655502392,0.06048533316051789
245.2694610778443,0.022995594560785617
245.56354916067144,0.07519054299261348
245.85834333733493,0.033332316387607246
246.15384615384616,0.07693030017918309
246.4500601684717,0.05910624085642495
246.7469879518072,0.06710691172740814
247.04463208685164,0.09389486118770447
247.34299516908212,0.0568407973138044
247.6420798065296,0.12331312890099887
247.9418886198547,0.060767541308285176
248.24242424242422,0.1335107776021909
248.54368932038832,0.08895726666943292
248.8456865127582,0.12047492147022498
249.14841849148416,0.13669745137048642
249.45188794153472,0.09835478044009248
249.75609756097558,0.1839622583254097
250.06105006105005,0.08694669242704588
250.36674816625916,0.20489381140639945
250.6731946144431,0.11072774048537767
250.98039215686276,0.1874806882698533
251.2883435582822,0.16164456499467564
251.5970515970516,0.14929972480585652
251.90651906519062,0.2323825557740118
252.21674876847288,0.10778619080339595
252.52774352651045,0.25150671551848774
252.8395061728395,0.10997045943357263
253.15203955500616,0.25623487203989254
253.46534653465346,0.12029750691282348
253.7794299876084,0.1879803168641862
254.09429280397023,0.21660035657073012
254.40993788819875,0.20687778084161673
254.726368159204,0.14501103183037897
255.04358655043586,0.1845968533414774
255.36159600997507,0.2142718396128485
255.6803995006242,0.24751617353724586
255.99999999999997,0.029827450963512213
256.3204005006258,0.3750099964466688
256.64160401002505,0.23569191286633598
256.9636135508155,0.6165987187010749
257.286432160804,0.015220317395960893
257.61006289308176,0.27412989590047665
257.9345088161209,0.7048647053823979
258.2597730138714,0.5432352008832002
258.5858585858586,0.39843551313669656
258.91276864728195,0.26327500679792226
259.24050632911394,1.9344754230827352
259.5690747782003,1.2013263114287098
259.8984771573604,0.24751577497085747
260.22871664548916,1.6132979277725035
260.55979643765903,3.9288599244750086
260.89171974522293,1.3762737313859106
261.2244897959184,1.3652176016678075
261.5581098339719,3.1692524692403246
261.89258312020456,3.826239496467984
262.2279129321382,1.7049417352235174
262.56410256410254,3.1829170513998783
262.9011553273428,9.897757844053537
263.2390745501285,12.491715606873475
263.5778635778636,3.523080242489815
263.91752577319585,0.5745347285345511
264.258064516129,3.6040230524091617
264.59948320413434,0.976805689981552
264.9417852522639,1.851206452186708
265.2849740932642,3.736425814695969
265.6290531776913,5.0532858881844245
265.974025974026,5.126959309698692
266.3198959687906,2.562735531364319
266.66666666666663,0.7220304769867575
267.01434159061273,0.6854096896340739
267.3629242819843,0.44901191316693206
267.7124183006536,0.08035845583596295
268.0628272251309,0.15069294256983778
268.41415465268676,0.7554948656052421
268.76640419947506,0.047628448776084666
269.119579500657,2.3558915610202438
269.47368421052636,0.2820783075046801
269.82872200263506,2.9364337309231465
270.1846965699208,0.6268355644045882
270.5416116248349,0.4193814917425377
270.8994708994709,0.7455986361300598
271.25827814569533,0.4717186083114834
271.6180371352785,1.436472576912963
271.97875166002655,0.7842359536542447
272.3404255319149,1.0566141797516955
272.70306258322233,0.582205226861397
273.06666666666666,0.6247619224319066
273.4312416555407,0.3877557009130971
273.7967914438503,0.07400800862409296
274.1633199464525,0.3537257653825738
274.5308310991957,0.3149037080199562
274.8993288590604,1.0149157113491654
275.26881720430106,1.3069555000254156
275.6393001345895,1.1966881594991643
276.010781671159,1.023879188368454
276.3832658569501,0.31468143258721004
276.7567567567567,0.4009071408282806
277.1312584573748,0.09399017254499491
277.50677506775065,0.27390388619590733
277.88331071913166,0.5596488002104034
278.2608695652174,0.3876507254334904
278.6394557823129,0.749650730619893
279.01907356948226,0.5485289913964148
279.39972714870396,0.4563736622684454
279.78142076502735,0.4484783858838553
280.1641586867305,0.0687218047598806
280.54794520547944,0.27478084210824294
280.93278463648835,0.14666155529440972
281.31868131868134,0.26022149829375735
281.70563961485556,0.37541290427940144
282.0936639118457,0.21188141554606493
282.48275862068965,0.28464143104282547
282.8729281767956,0.1453174292080213
283.2641770401106,0.09227755669910245
283.6565096952908,0.1462054355545026
284.0499306518724,0.0458232716932654
284.44444444444446,0.11977799044664734
284.84005563282335,0.09921890371157448
285.2367688022284,0.06745736958447639
285.63458856345886,0.11845535767219188
286.0335195530726,0.04261629283342238
286.43356643356645,0.06112770947980896
286.8347338935574,0.04160266711194641
287.23702664796633,0.01602386034914553
287.6404494382022,0.04056635662852415
288.0450070323488,0.025368574352791735
288.4507042253521,0.023402859181576755
288.85754583921016,0.03498580135842239
289.2655367231638,0.00940567847021605
289.6746817538897,0.020603816664857357
290.08498583569406,0.013462084744698184
290.49645390070924,0.006401690823148791
290.9090909090909,0.01550543350399766
291.32290184921766,0.0067051545580717594
291.73789173789174,0.007536402682722318
292.15406562054204,0.011259441749754469
292.57142857142856,0.003567148431072161
292.9899856938483,0.00823625492030614
293.4097421203438,0.006463192627736158
293.83070301291247,0.0028393517821905068
294.2528735632184,0.007169368757048624
294.67625899280574,0.0035769587839222343
295.1008645533141,0.0038701889545375598
295.52669552669556,0.0061170248176039025
295.9537572254335,0.002349572440831561
296.3820549927641,0.0044860095958595865
296.81159420289856,0.004054548153064683
297.2423802612482,0.0020656764475828534
297.6744186046512,0.0045163261357731195
298.1077147016012,0.00268585754241104
298.54227405247815,0.002595484431408674
298.978102189781,0.0038603026654928365
299.41520467836256,0.0017972066651737325
299.8535871156662,0.002937204648423487
300.2932551319648,0.002834558387534211
300.73421439060206,0.0016464239581623719
301.17647058823525,0.0029566525285969324
301.620029455081,0.0019168381901878773
302.06489675516224,0.0017887527503069665
302.5110782865583,0.0025048900666281176
302.95857988165676,0.0013723299038155411
303.4074074074074,0.0019521306181970335
303.85756676557867,0.0019019776200424282
304.30906389301634,0.0011972814983752446
304.7619047619047,0.0018806008074615378
305.2160953800298,0.0013247584567047986
305.6716417910448,0.0012178698805791488
306.1285500747384,0.0016073953093819235
306.58682634730536,0.0009788122319393333
307.0464767616192,0.0012499164507180063
307.5075075075075,0.0012325229445641556
307.96992481203006,0.0008278072648247402
308.433734939759,0.0011777577393519347
308.8989441930618,0.0008896747458768573
309.3655589123867,0.0007985995414146542
309.83358547655064,0.0010053811528463557
310.3030303030303,0.0006672598611539538
310.7738998482549,0.0007826622879291864
311.2462006079027,0.0007823205711680012
311.7199391171994,0.0005517893058270059
312.1951219512195,0.0007249961128150973
312.67175572519085,0.0005826086703704799
313.1498470948012,0.000511394795078438
313.6294027565084,0.000618436701641387
314.11042944785277,0.00044117705058824167
314.5929339477727,0.0004826010139940498
315.0769230769231,0.0004902126519317775
315.5624036979969,0.0003619710473263211
316.04938271604937,0.0004421418960416675
316.53786707882534,0.00037355124544204935
317.0278637770898,0.0003219481431935661
317.5193798449612,0.00037819076077175786
318.0124223602484,0.00028726401898336584
318.50699844479004,0.0002980260694605339
319.0031152647975,0.0003053701300133299
319.5007800312012,0.00023362703559500327
320.0,0.00026757244708744675
320.5007824726134,0.00023890986904661398
321.0031347962382,0.00020355112942872778
321.5070643642072,0.00023149900227190622
322.0125786163522,0.00018567505802332088
322.5196850393701,0.00018301653079825272
323.02839116719235,0.00018981352558342462
323.5387045813586,0.0001506688183559401
324.0506329113924,0.00016420353992825253
324.56418383518223,0.00015089730523210252
325.07936507936506,0.0001288070111663991
325.59618441971384,0.00014135343345702436
326.11464968152865,0.00011934168055650729
326.63476874003186,0.00011308482657253862
327.15654952076676,0.0001181854443885581
327.68,9.68929103502597e-05
328.2051282051282,9.992009662894148e-05
328.7319422150882,9.492787385823371e-05
329.2604501607717,8.110510705364689e-05
329.7906602254429,8.667442052843861e-05
330.3225806451613,7.592806153847372e-05
330.8562197092084,7.032426560023011e-05
331.3915857605178,7.22282407770161e-05
331.9286871961102,6.15804084848202e-05
332.46753246753246,6.089264885833076e-05
333.0081300813008,5.935618948599107e-05
333.5504885993485,5.0717933951705214e-05
334.094616639478,5.2703873718122185e-05
334.640522875817,4.7330599239127993e-05
335.18821603927984,4.326522838741393e-05
335.73770491803276,4.4269939578243204e-05
336.28899835796386,3.794824947193887e-05
336.8421052631579,3.732513127616579e-05
337.3970345963756,3.6056476436410074e-05
337.95379537953795,3.150949982914977e-05
338.51239669421483,3.18834145947405e-05
339.07284768211923,2.90119865438049e-05
339.63515754560524,2.641602106969803e-05
340.19933554817277,2.6628428479546155e-05
340.765391014975,2.3740263991412355e-05
341.3333333333333,2.2138514616077484e-05
341.9031719532554,2.174952235177586e-05
342.4749163879599,1.9162857355492486e-05
343.04857621440533,1.906534614072364e-05
343.6241610738255,1.797958963965846e-05
344.2016806722689,1.566363990374507e-05
344.7811447811448,1.5537711859379796e-05
345.362563237774,1.449600990168774e-05
345.94594594594594,1.3344474788731147e-05
346.5313028764805,1.2935828976221971e-05
347.11864406779665,1.172118036038646e-05
347.70797962648555,1.1378498464097293e-05
348.29931972789115,1.071702758513168e-05
348.8926746166951,9.717921088923372e-06
349.4880546075085,9.604926296048472e-06
350.0854700854701,8.612742611503174e-06
350.6849315068493,8.174329227493265e-06
351.286449399657,7.795573065493602e-06
351.89003436426117,7.347900716277633e-06
352.4956970740103,6.83738758130892e-06
353.10344827586204,6.610400345143204e-06
353.71329879101904,5.8590666469237825e-06
354.3252595155709,5.76927096057522e-06
354.93934142114387,5.501851082205805e-06
355.55555555555554,4.939481064061598e-06
356.17391304347825,5.013013916576575e-06
356.794425087108,4.613514724800471e-06
357.4171029668411,4.3253926506161025e-06
358.04195804195797,4.213194874778918e-06
358.6690017513135,4.079196819937702e-06
359.29824561403507,3.899751156054297e-06
359.9297012302285,3.797421816184089e-06
360.5633802816901,3.607561021103834e-06
361.1992945326279,3.4027789154782044e-06
361.8374558303887,3.398119065923936e-06
362.4778761061947,3.2353581322084185e-06
363.1205673758865,3.1986531748210406e-06
363.76554174067496,3.054515511631427e-06
364.4128113879003,2.8071292289448618e-06
365.0623885918003,2.661990425584078e-06
365.7142857142857,2.6516315551187624e-06
366.3685152057245,2.4958357126763607e-06
367.02508960573476,2.4375138632276257e-06
367.68402154398564,2.203231283936778e-06
368.3453237410072,2.1161370260372133e-06
369.009009009009,1.99253452130231e-06
369.67509025270755,1.913540357968814e-06
370.3435804701627,1.6526785593677028e-06
371.0144927536232,1.6529796091703988e-06
371.68784029038113,1.4368654477688985e-06
372.3636363636364,1.3643461157396314e-06
373.0418943533697,1.3437035709792048e-06
373.7226277372263,1.218480749710637e-06
374.4058500914077,1.1377857110379478e-06
375.09157509157507,1.0207314201723588e-06
375.77981651376143,9.22150917389528e-07
376.47058823529414,8.553859294073516e-07
377.1639042357274,8.536970771166638e-07
377.8597785977859,6.634752162692763e-07
378.5582255083179,6.791776070289066e-07
379.25925925925924,6.512121012156732e-07
379.96289424860856,5.238629433049706e-07
380.6691449814126,6.159965939403967e-07
381.37802607076355,4.954184484231299e-07
382.089552238806,4.229401355176202e-07
382.803738317757,4.627206481449401e-07
383.5205992509363,3.2750674343957917e-07
384.24015009380867,3.6184763617829104e-07
384.96240601503763,3.459446961403975e-07
385.6873822975518,2.697292180261139e-07
386.4150943396226,2.9615375653318663e-07
387.14555765595463,2.8918124815034943e-07
387.8787878787879,1.776475936195834e-07
388.6148007590133,2.8609684189327637e-07
389.35361216730035,2.1213214084057206e-07
390.09523809523813,1.2217671275972112e-07
390.8396946564886,2.508600464134442e-07
391.5869980879541,1.255531357151599e-07
392.3371647509578,1.4426442247134842e-07
393.0902111324376,1.7059293798167228e-07
393.84615384615387,8.574723479616067e-08
394.6050096339113,1.1682506942594145e-07
395.3667953667953,1.7791945514437518e-07
396.1315280464217,4.4993151852023443e-08
396.8992248062015,1.2999442963335254e-07
397.6699029126213,1.419430399191256e-07
398.4435797665369,2.4964858250457184e-08
399.22027290448347,1.5018690940043624e-07
400.0,6.315942459932312e-08
400.7827788649706,2.6249791972098675e-08
401.56862745098044,1.5294810534436478e-07
402.35756385068765,3.327621565407984e-08
403.1496062992126,5.488336599491271e-08
403.9447731755424,1.64955427184159e-07
404.7430830039526,5.732741474374348e-09
405.54455445544556,1.0398202318961416e-07
406.3492063492063,1.188405321672537e-07
407.1570576540755,3.6490538598169745e-09
407.9681274900399,1.3066773351382882e-07
408.7824351297405,1.2614369303060403e-07
409.59999999999997,3.1916446044685146e-08
410.4208416833667,1.742051924758899e-07
411.24497991967877,9.089734190896072e-08
412.07243460764585,8.300239707614998e-08
412.9032258064516,2.2105484221615145e-07
413.7373737373737,9.652634737587012e-08
414.57489878542515,1.3625963558507594e-07
415.4158215010142,2.678967941153571e-07
416.260162601626,9.092978987905521e-08
417.10794297352334,2.2306408528276237e-07
417.9591836734694,2.9193413690943176e-07
418.81390593047036,1.41960852115685e-07
419.67213114754094,3.5701923473816357e-07
420.53388090349074,3.109446189451379e-07
421.3991769547325,2.5165846132009914e-07
422.2680412371134,4.3046518092465875e-07
423.1404958677686,3.955757671202333e-07
424.0165631469979,3.4404108098583555e-07
424.896265560166,5.356980760059952e-07
425.77962577962575,4.262207691933773e-07
426.6666666666667,4.524161186223937e-07
427.5574112734864,6.622888593198345e-07
428.45188284518827,4.495671791031295e-07
429.3501048218029,6.309323865076653e-07
430.25210084033614,7.421945484843041e-07
431.1578947368421,5.338504376217658e-07
432.06751054852316,8.556820464966734e-07
432.98097251585625,7.140502340330032e-07
433.8983050847458,6.923288760193369e-07
434.81953290870484,9.196011432675928e-07
435.74468085106383,7.626282042346951e-07
436.67377398720674,7.95768084126595e-07
437.60683760683764,9.473296827010243e-07
438.54389721627405,8.394345653091525e-07
439.48497854077254,7.990054756937378e-07
440.4301075268817,1.0173359752027421e-06
441.37931034482756,7.656208938285928e-07
442.3326133909287,9.077821033052428e-07
443.2900432900433,1.0131709679878646e-06
444.2516268980477,6.626732125300873e-07
445.2173913043478,1.0733774684155677e-06
446.1873638344227,7.997622155983839e-07
447.1615720524017,7.799154907483922e-07
448.14004376367615,1.2174922140417572e-06
449.12280701754383,7.752115726785454e-07
450.1098901098901,1.4134745638529339e-06
451.10132158590307,1.38917494195691e-06
452.0971302428256,1.6107407239128545e-06
453.0973451327433,2.3358879685092933e-06
454.1019955654102,2.519385940382239e-06
455.1111111111111,3.430391855234987e-06
456.1247216035635,4.455973359078613e-06
457.1428571428571,5.405711043108819e-06
458.165548098434,6.9775204912245395e-06
459.19282511210764,9.461083973886709e-06
460.2247191011236,1.117643013551682e-05
461.2612612612612,1.4623591779304115e-05
462.3024830699774,1.9249040667130736e-05
463.3484162895927,2.162843679553923e-05
464.39909297052156,2.9990937224629176e-05
465.4545454545454,3.552319307858097e-05
466.5148063781321,4.254924168527451e-05
467.57990867579906,5.6707933744542825e-05
468.64988558352405,6.344908102175477e-05
469.7247706422018,8.20598671594946e-05
470.8045977011494,9.913374734206337e-05
471.889400921659,0.00011478148236914744
472.97921478060044,0.00014806162409134992
474.07407407407413,0.00016690820104681365
475.17401392111367,0.00020739672048542945
476.27906976744185,0.00024668769981542327
477.3892773892773,0.00028303813456081214
478.5046728971963,0.0003586810089789942
479.62529274004686,0.00039639042149258036
480.75117370892025,0.0004856443897710629
481.88235294117646,0.0005826370312431013
483.0188679245283,0.0006360392280187251
484.160756501182,0.0008148833335580133
485.3080568720379,0.0009055008327487443
486.46080760095015,0.0010357077789292161
487.61904761904765,0.0013112001713826262
488.7828162291169,0.001378637647437549
489.95215311004785,0.0016917703329123168
491.1270983213429,0.0020134215182292894
492.3076923076923,0.002114049131023318
493.4939759036144,0.0026986125675568097
494.68599033816423,0.002986278791826242
495.8837772397094,0.0032805983885263773
497.08737864077665,0.004157711399842604
498.29683698296833,0.004370548194166977
499.51219512195115,0.005096847820073949
500.7334963325183,0.006187511384188475
501.9607843137255,0.006406373681122225
503.1941031941032,0.007812288203143946
504.43349753694577,0.008961081304512581
505.679012345679,0.0094422441738309
506.9306930693069,0.011691257081174192
508.18858560794047,0.012759042960426445
509.452736318408,0.013971810853697645
510.72319201995015,0.017059553858268038
511.99999999999994,0.018035639438889133
513.2832080200501,0.02053985298685227
514.572864321608,0.024311927081397088
515.8690176322418,0.025453853230349342
517.1717171717172,0.02983368765501112
518.4810126582279,0.03399888859201117
519.7969543147208,0.03594742012930283
521.1195928753181,0.042593376135474745
522.4489795918367,0.0469510920927511
523.7851662404091,0.05064914614244855
525.1282051282051,0.05972163977478631
526.478149100257,0.06429165415312939
527.8350515463917,0.07093468251709786
529.1989664082687,0.08237229082468427
530.5699481865284,0.08758998435396766
531.948051948052,0.09844539519170023
533.3333333333333,0.11192701941959558
534.7258485639686,0.1188630090020239
536.1256544502618,0.13499917795231708
537.5328083989501,0.15031338059632526
538.9473684210527,0.1605989626530768
540.3693931398416,0.18269169047291084
541.7989417989418,0.20020999070287282
543.236074270557,0.21540876524405106
544.6808510638298,0.24443557882814285
546.1333333333333,0.26448406592460477
547.5935828877006,0.2867299687654606
549.0616621983914,0.3235521660701275
550.5376344086021,0.34669596304348194
552.021563342318,0.3786776663415982
553.5135135135134,0.4236942569821787
555.0135501355013,0.4515715667886794
556.5217391304348,0.49534282902621946
558.0381471389645,0.5505909440398944
559.5628415300547,0.5825376333282576
561.0958904109589,0.643894841897397
562.6373626373627,0.7080857715403182
564.1873278236914,0.7459120897748144
565.7458563535912,0.8320094678374501
567.3130193905816,0.8991889836062644
568.8888888888889,0.9527143359281167
570.4735376044569,1.0623369757882084
572.0670391061452,1.1347758985217697
573.6694677871149,1.2071077673739785
575.2808988764044,1.3467727479770168
576.9014084507043,1.418146879318417
578.5310734463276,1.5218291023292208
580.1699716713881,1.6936343961779572
581.8181818181818,1.751486675589838
583.4757834757835,1.9221206723422648
585.1428571428571,2.087773561128468
586.8194842406876,2.1740723365057475
588.5057471264367,2.388219351481696
590.2017291066282,2.565791987383586
591.907514450867,2.6777047015913804
593.6231884057971,2.940147782061166
595.3488372093024,3.146460181297303
597.0845481049563,3.2430661388688145
598.8304093567251,3.6517886175134975
600.5865102639297,3.7436533298119916
602.3529411764705,4.009760060765765
604.1297935103245,4.388576635615761
605.9171597633135,4.510363938280583
607.7151335311573,4.875372946125497
609.5238095238094,5.222638341972899
611.3432835820896,5.483126847739883
613.1736526946107,5.718342082077553
615.015015015015,6.450321911102737
616.867469879518,6.234310581785632
618.7311178247734,7.150553210937577
620.6060606060606,7.381559301489751
622.4924012158054,7.472355049549281
624.390243902439,8.604083771271359
626.2996941896024,8.303927763873377
628.2208588957055,9.346016615234108
630.1538461538462,9.416031272785583
632.0987654320987,10.545042437246822
634.0557275541796,9.948624145075751
636.0248447204968,12.173257266421913
638.006230529595,11.163078328502612
640.0,12.385320243278455
642.0062695924764,14.262146758616716
644.0251572327044,11.63906069343493
646.0567823343847,17.062260889411544
648.1012658227849,12.585016862657865
650.1587301587301,17.87443686061395
652.2292993630573,14.918797477603981
654.3130990415335,18.443059311162614
656.4102564102564,17.3747908476281
658.5209003215434,18.50822149319884
660.6451612903226,22.636183951425004
662.7831715210356,15.315981865765448
664.9350649350649,31.279072896616853
667.100977198697,12.172965348899504
669.281045751634,36.26196429456764
671.4754098360655,17.16177349810729
673.6842105263158,32.30860694855359
675.9075907590759,31.726581593308072
678.1456953642385,22.45767705870062
680.3986710963455,50.652989774561156
682.6666666666666,11.533883015051325
684.9498327759198,69.63936938094207
687.248322147651,7.126743445322611
689.5622895622896,81.58413575134622
691.8918918918919,24.55284445673793
694.2372881355933,72.66389081003717
696.5986394557823,72.03275452916897
698.976109215017,38.684321346340255
701.3698630136986,137.92275591171273
703.7800687285223,6.3142185700943365
706.2068965517241,200.57061690561088
708.6505190311418,24.394480637102433
711.1111111111111,226.95829781795877
713.588850174216,126.94548201583794
716.0839160839159,182.50531659876057
718.5964912280701,317.8255710294706
721.1267605633802,92.42064216936915
723.6749116607774,585.1925420920812
726.241134751773,60.346085163739836
728.8256227758006,831.5558613181688
731.4285714285714,161.78647934367177
734.0501792114695,904.4411572862531
736.6906474820144,470.511984842348
739.3501805054151,777.9211784374743
742.0289855072464,1138.9373733486007
744.7272727272727,602.0821468137017
747.4452554744526,1677.728990652117
750.1831501831501,471.92622595336167
752.9411764705883,1655.8952162228063
755.7195571955718,858.8970879402361
758.5185185185185,1225.4669358113358
761.3382899628252,2375.997085171519
764.179104477612,999.7173607691375
767.0411985018726,3498.015243445138
769.9248120300753,832.0668015159288
772.8301886792452,2677.2110974753305
775.7575757575758,77.41341428911821
778.7072243346007,707.5828027850914
781.6793893129772,9989.25404869599
784.6743295019156,177.9005823757049
787.6923076923077,21659.709516579936
790.7335907335906,6157.757275347279
793.798449612403,5796.8878203180875
796.8871595330738,10373.605572287017
800.0,5213.405270680231
803.1372549019609,19317.333910282403
806.2992125984252,10950.794671655995
809.4861660079052,6544.210299780296
812.6984126984127,6804.02822925496
815.9362549800798,1797.9911301962582
819.1999999999999,1846.326639742279
822.4899598393575,566.3173542924088
825.8064516129032,2523.3388173372573
829.1497975708503,1343.854082182881
832.520325203252,4682.186230252322
835.9183673469388,3406.245748221192
839.3442622950819,4036.2690707261227
842.798353909465,2261.073215034287
846.2809917355372,1162.9553750810837
849.792531120332,969.6056471367106
853.3333333333334,4.458394391190725
856.9037656903765,624.8548493693384
860.5042016806723,673.3756930735444
864.1350210970463,598.8963025061317
867.7966101694916,870.0847622218712
871.4893617021277,442.76322430242766
875.2136752136753,300.4584929412816
878.9699570815451,322.04048687382203
882.7586206896551,7.030067165252761
886.5800865800866,201.4033594787726
890.4347826086956,111.18704046804822
894.3231441048034,80.6616194665517
898.2456140350877,164.3900077069168
902.2026431718061,45.72577535630519
906.1946902654867,71.1695035553486
910.2222222222222,62.77958964279169
914.2857142857142,10.899002081648307
918.3856502242153,46.12597983687763
922.5225225225224,30.990840286648087
926.6968325791854,13.46595779764465
930.9090909090908,41.80869180826823
935.1598173515981,12.804361054547154
939.4495412844036,18.620579554183994
943.778801843318,24.239226424445764
948.1481481481483,6.7622167650798835
952.5581395348837,17.148064906945283
957.0093457943926,14.815923733828228
961.5023474178405,6.1660935819761935
966.0377358490566,15.871654335611
970.6161137440758,8.372469797354182
975.2380952380953,7.1921497395874425
979.9043062200957,12.142048319476402
984.6153846153846,4.786168337728658
989.3719806763285,7.699732814355672
994.1747572815533,8.184575812688955
999.0243902439023,3.573986413247424
1003.921568627451,7.245155178637095
1008.8669950738915,5.054182768585296
1013.8613861386139,3.419802744560816
1018.905472636816,5.941815587641374
1023.9999999999999,3.02255010779782
1029.145728643216,3.480381196398819
1034.3434343434344,4.294775240951843
1039.5939086294416,2.020258663676402
1044.8979591836735,3.298094157774284
1050.2564102564102,2.8057483630194167
1055.6701030927834,1.6583403617867674
1061.139896373057,2.797432278981239
1066.6666666666665,1.7320713190643235
1072.2513089005236,1.549638983575729
1077.8947368421054,2.119536564349142
1083.5978835978835,1.1028248789362385
1089.3617021276596,1.4437301601179071
1095.1871657754011,1.4534309153942677
1101.0752688172042,0.8024652060305351
1107.0270270270269,1.2484258184221808
1113.0434782608695,0.9282030989386897
1119.1256830601094,0.6765499920170329
1125.2747252747254,0.9819439064853008
1131.4917127071824,0.58334244552258
1137.7777777777778,0.6047957751983961
1144.1340782122904,0.7045223140394046
1150.5617977528088,0.39119255317732926
1157.0621468926552,0.5256686914457482
1163.6363636363635,0.468912395419164
1170.2857142857142,0.29644555065292366
1177.0114942528735,0.4263940214304483
1183.815028901734,0.29941966066648007
1190.6976744186047,0.24756995889964276
1197.6608187134502,0.31969089181080906
1204.705882352941,0.19368999431664022
1211.834319526627,0.21161044647566563
1219.0476190476188,0.22303921880393446
1226.3473053892214,0.13480799647441757
1233.734939759036,0.17481690767266528
1241.2121212121212,0.14763019804443703
1248.780487804878,0.10328079361158268
1256.441717791411,0.13605596406964235
1264.1975308641975,0.0958518453983335
1272.0496894409937,0.08414260665566045
1280.0,0.09932491549886167
1288.0503144654087,0.06383022275902889
1296.2025316455697,0.06897918900720286
1304.4585987261146,0.06861099426669033
1312.8205128205127,0.04526717742076998
1321.2903225806451,0.05471410177190764
1329.8701298701299,0.04571947683786826
1338.562091503268,0.03432157870256326
1347.3684210526317,0.041284413967726995
1356.291390728477,0.030247319487840613
1365.3333333333333,0.026995391951620214
1374.496644295302,0.029597867801669245
1383.7837837837837,0.020515037248005265
1393.1972789115646,0.021188998183544517
1402.7397260273972,0.020355750883891084
1412.4137931034481,0.01456288660537899
1422.2222222222222,0.016166664180420127
1432.1678321678319,0.0136712818180277
1442.2535211267605,0.010784790554166855
1452.482269503546,0.011860544681908019
1462.857142857143,0.009171735504994824
1473.3812949640287,0.008152107038052
1484.0579710144928,0.00837593530868118
1494.890510948905,0.006276311377836998
1505.8823529411766,0.006133361896534494
1517.037037037037,0.005747981790502802
1528.358208955224,0.004424804816836662
1539.8496240601505,0.0045166387494749525
1551.5151515151515,0.0038912736970911624
1563.3587786259543,0.0031992467580402918
1575.3846153846155,0.0032345880850373912
1587.596899224806,0.0026413479473220143
1600.0,0.0023370193430003027
1612.5984251968505,0.00225868254304427
1625.3968253968253,0.0018210206701876426
1638.3999999999999,0.0016983965490771611
1651.6129032258063,0.0015517353235611896
1665.040650406504,0.0012786530960615834
1678.6885245901638,0.0012156699992708696
1692.5619834710744,0.001060518328783968
1706.6666666666667,0.0009097197503036576
1721.0084033613446,0.0008548319850427366
1735.5932203389832,0.0007287871822226142
1750.4273504273506,0.0006492442430625359
1765.5172413793102,0.0005921876223373185
1780.8695652173913,0.0005066175166879445
1796.4912280701753,0.00046019461710548144
1812.3893805309733,0.0004072694500210056
1828.5714285714284,0.0003556957376624953
1845.0450450450448,0.0003223308896831589
1861.8181818181815,0.0002803268725077248
1878.8990825688072,0.00025079888415524635
1896.2962962962965,0.00022293859858205174
1914.0186915887853,0.00019423830546763082
1932.0754716981132,0.00017609275145979088
1950.4761904761906,0.0001528635550695609
1969.2307692307693,0.00013558091901086873
1988.3495145631066,0.00012225685122453005
2007.843137254902,0.00010448078654846799
2027.7227722772277,9.480819744280594e-05
2047.9999999999998,8.373742797764699e-05
2068.686868686869,7.162225500180914e-05
2089.795918367347,6.597701345512553e-05
2111.340206185567,5.6577135651688894e-05
2133.333333333333,4.9269916397268655e-05
2155.789473684211,4.529610795886227e-05
2178.723404255319,3.783022203121145e-05
2202.1505376344085,3.390249492305018e-05
2226.086956521739,3.0452876931914507e-05
2250.5494505494507,2.5160645094955172e-05
2275.5555555555557,2.311587134028932e-05
2301.1235955056177,2.0006311941936736e-05
2327.272727272727,1.669630069756568e-05
2354.022988505747,1.545645104608237e-05
2381.3953488372094,1.2836517353949952e-05
2409.411764705882,1.0998609753561289e-05
2438.0952380952376,1.002319598602594e-05
2467.469879518072,8.056475020513722e-06
2497.560975609756,7.120090879289852e-06
2528.395061728395,6.232350149076586e-06
2560.0,4.944721128119616e-06
2592.4050632911394,4.45020314963734e-06
2625.6410256410254,3.6795215730743076e-06
2659.7402597402597,2.9417662706139373e-06
2694.7368421052633,2.6358170494078927e-06
2730.6666666666665,2.050461883266928e-06
2767.5675675675675,1.672831635052165e-06
2805.4794520547944,1.4362157858241297e-06
2844.4444444444443,1.058472151740065e-06
2884.507042253521,8.817811009751865e-07
2925.714285714286,6.969655268419632e-07
2968.1159420289855,4.934711441880845e-07
3011.764705882353,4.100604903284363e-07
3056.716417910448,2.899644641240716e-07
3103.030303030303,2.0052535496588958e-07
3150.769230769231,1.580254393858647e-07
3200.0,9.67156510084168e-08
3250.7936507936506,6.655671343139134e-08
3303.2258064516127,4.7301903383613964e-08
3357.3770491803275,2.4725479615914173e-08
3413.3333333333335,1.7609274122577897e-08
3471.1864406779664,1.1461376405806889e-08
3531.0344827586205,5.613935076046901e-09
3592.9824561403507,4.888886588363505e-09
3657.142857142857,3.706619100120844e-09
3723.636363636363,2.077449074446748e-09
3792.592592592593,2.2569863023495446e-09
3864.1509433962265,1.641905494809313e-09
3938.4615384615386,8.703764448556926e-10
4015.686274509804,9.21174292810968e-10
4095.9999999999995,5.097333037173709e-10
4179.591836734694,2.561091644901667e-10
4266.666666666666,2.732087869509828e-10
4357.446808510638,8.808236220317421e-11
4452.173913043478,4.846973610140509e-11
4551.111111111111,3.99087876802506e-11
4654.545454545454,8.388234558007685e-12
4762.790697674419,6.805785537718644e-12
4876.190476190475,4.889108187140118e-12
4995.121951219512,1.6304420978335878e-12
5120.0,8.328590202142761e-13
5251.282051282051,6.590342336950087e-13
5389.473684210527,2.820455569479282e-13
5535.135135135135,1.1137801633892572e-13
5688.888888888889,8.279658038487479e-14
5851.428571428572,4.144880379487602e-14
6023.529411764706,1.583520300764396e-14
6206.060606060606,1.115100994962744e-14
6400.0,6.270937979664129e-15
6606.451612903225,2.6604557741530436e-15
6826.666666666667,1.9824242193565214e-15
7062.068965517241,1.1905239755802146e-15
7314.285714285714,6.055731058863548e-16
7585.185185185186,4.891443308877379e-16
7876.923076923077,2.842280693637308e-16
