"Wavelength, nm",Intensity
136.44237175216523,1.421314941072894e-21
136.53333333333333,1.9247786823901837e-21
136.62441627751835,2.582263049466425e-21
136.71562082777035,3.495124017507938e-21
136.80694722778892,4.8118578893116364e-21
136.89839572192514,6.5563872411648105e-21
136.98996655518394,9.18832463589303e-21
137.08165997322624,1.3476355899679235e-20
137.17347622237108,2.451314360000598e-20
137.26541554959786,7.402086857518447e-20
137.35747820254863,3.588172817114985e-19
137.4496644295302,2.1374647967964213e-18
137.54197447951645,1.1070696278080813e-17
137.63440860215053,5.0967060476966915e-17
137.72696704774717,2.0162808449125587e-16
137.81965006729476,6.453646633095649e-16
137.9124579124579,1.938257045823992e-15
138.0053908355795,5.005839631933206e-15
138.09844908968307,1.1685445166332666e-14
138.19163292847506,2.6599092220118033e-14
138.28494260634707,5.344358464510502e-14
138.37837837837836,1.0380723538179317e-13
138.47194050033806,1.9186062632369884e-13
138.5656292286874,3.268716941398829e-13
138.65944482058225,5.561152860837115e-13
138.75338753387533,9.069416933978986e-13
138.84745762711862,1.4163204819317293e-12
138.94165535956583,2.1934581646775077e-12
139.03598099117448,3.2407589782460747e-12
139.1304347826087,4.639795322800349e-12
139.22501699524133,6.691177951121908e-12
139.31972789115645,9.312756756450582e-12
139.4145677331518,1.2840970086455144e-11
139.50953678474113,1.7668791842232494e-11
139.60463531015677,2.302793232869812e-11
139.69986357435198,3.031932667035836e-11
139.79522184300342,3.93174996115881e-11
139.89071038251367,4.965362229848189e-11
139.98632946001365,6.435553702221808e-11
140.08207934336525,7.977198085568083e-11
140.17796030116358,9.841832935063533e-11
140.27397260273972,1.216784549424223e-10
140.37011651816314,1.4545447859513917e-10
140.46639231824417,1.7806806347573174e-10
140.56280027453673,2.138022898187145e-10
140.65934065934067,2.533685691347073e-10
140.75601374570448,3.0212916989948044e-10
140.85281980742778,3.5176154389892085e-10
140.949759119064,4.111336195460161e-10
141.04683195592284,4.773497355690724e-10
141.14403859407307,5.480254003381923e-10
141.24137931034483,6.273661489318659e-10
141.33885438233264,7.141942057153547e-10
141.4364640883978,8.094082550902148e-10
141.53420870767104,9.127802142189537e-10
141.6320885200553,1.0309316212861286e-09
141.73010380622836,1.1478039834983382e-09
141.8282548476454,1.2791983554084402e-09
141.92654192654192,1.4193552698001976e-09
142.0249653259362,1.552160685233275e-09
142.1235253296322,1.7188263212820668e-09
142.22222222222223,1.8739602114781634e-09
142.32105628908963,2.0456809604245273e-09
142.42002781641168,2.24431889557815e-09
142.51913709116212,2.4129443793749776e-09
142.6183844011142,2.628293412597576e-09
142.7177700348432,2.8231705684107314e-09
142.81729428172943,3.0113908721745973e-09
142.91695743196092,3.2460859232355214e-09
143.0167597765363,3.44204660893114e-09
143.11670160726763,3.6957826875272056e-09
143.21678321678323,3.944511904398718e-09
143.31700489853043,4.1690353358261135e-09
143.4173669467787,4.4469996520359206e-09
143.5178696566223,4.680577220693595e-09
143.61851332398317,4.964570399555089e-09
143.71929824561403,5.252628336076431e-09
143.8202247191011,5.529563226647474e-09
143.92129304286718,5.85805336034795e-09
144.0225035161744,6.136195815077206e-09
144.12385643912737,6.458842120700623e-09
144.22535211267606,6.76840048760109e-09
144.32699083861874,7.101838562330788e-09
144.42877291960508,7.487826409275902e-09
144.530698659139,7.816459622005007e-09
144.6327683615819,8.213616336486366e-09
144.73498233215545,8.55873075706461e-09
144.83734087694484,8.948867202086006e-09
144.9398443029016,9.392814786578128e-09
145.04249291784703,9.780668976443639e-09
145.14528703047483,1.0266984412977928e-08
145.24822695035462,1.070599236986891e-08
145.35131298793468,1.117137883100356e-08
145.45454545454544,1.1716149381618068e-08
145.55792466240226,1.2195622367819413e-08
145.66145092460883,1.2714371092378722e-08
145.76512455516016,1.330699193003858e-08
145.86894586894587,1.3788485341470528e-08
145.9729151817534,1.453822374033673e-08
146.07703281027102,1.5140773388470876e-08
146.18129907209135,1.574535528214264e-08
146.28571428571428,1.6596364662489908e-08
146.39027877055037,1.7002994987688282e-08
146.49499284692416,1.806395863274821e-08
146.59985683607732,1.859002906054642e-08
146.7048710601719,1.9442698929450713e-08
146.8100358422939,2.0483374674618612e-08
146.91535150645623,2.0940741520666377e-08
147.0208183776023,2.2555568447651236e-08
147.1264367816092,2.2771510595758052e-08
147.23220704529115,2.4505903478076205e-08
147.33812949640287,2.4922455260893784e-08
147.4442044636429,2.630431451145032e-08
147.55043227665706,2.7535405483686533e-08
147.6568132660418,2.8183354659164926e-08
147.76334776334778,3.069157141441859e-08
147.87003610108303,3.0204237786351186e-08
147.97687861271675,3.3867344536722975e-08
148.08387563268258,3.282575747723834e-08
148.19102749638205,3.6438174067072014e-08
148.29833454018825,3.704753075712847e-08
148.40579710144928,3.782658545022956e-08
148.51341551849166,4.295742361698505e-08
148.6211901306241,3.877287688974972e-08
148.72912127814087,4.9165065545090525e-08
148.8372093023256,4.1724563232047e-08
148.94545454545454,5.2763026377167554e-08
149.0538573508006,4.938885899061435e-08
149.16241806263656,5.179915669057448e-08
149.27113702623907,6.25677859953953e-08
149.38001458789202,4.771525712791841e-08
149.4890510948905,7.780085098681471e-08
149.59824689554418,4.6901227465532227e-08
149.70760233918128,8.693198320535277e-08
149.81711777615214,5.855204073925637e-08
149.9267935578331,8.057573014158396e-08
150.03663003663004,8.8894370128172e-08
150.1466275659824,6.01626949510032e-08
150.25678650036684,1.3132485314803033e-07
150.36710719530103,4.517807271740812e-08
150.47759000734754,1.5560376592117632e-07
150.58823529411762,6.544416662599448e-08
150.69904341427517,1.3260581860411768e-07
150.8100147275405,1.5075137574341618e-07
150.92114959469419,7.79785569799522e-08
151.03244837758112,2.791953607512014e-07
151.1439114391144,2.5423956971585813e-08
151.25553914327915,3.557981491716213e-07
151.3673318551367,4.6788060925976704e-08
151.47928994082838,3.8193136035154746e-07
151.59141376757958,2.6757439328861293e-07
151.7037037037037,3.7040670855849844e-07
151.81616011860638,5.493156907480022e-07
151.92878338278933,1.350077773085214e-07
152.04157386785448,8.123838697281022e-07
152.15453194650817,3.913659201159141e-08
152.26765799256503,1.4187388391727626e-06
152.38095238095235,4.3089689730905373e-07
152.4944154877141,1.4200369015864158e-06
152.6080476900149,6.984944708671576e-07
152.72184936614468,3.771823831272679e-07
152.8358208955224,2.342914658459128e-06
152.9499626587005,8.388516511743096e-07
153.0642750373692,4.921416026525723e-06
153.1787584143605,1.1835789176541102e-06
153.29341317365268,3.2579396131008344e-06
153.40823970037454,2.2908616440222394e-06
153.5232383808096,4.003456158098336e-06
153.6384096024006,1.1475934721559317e-05
153.75375375375376,8.89456004849568e-06
153.86927122464311,1.4489150343469912e-05
153.98496240601503,4.5160220242096134e-06
154.10082768999246,1.1571096270406784e-05
154.2168674698795,1.1883117190722483e-05
154.33308214016577,2.856544264237312e-05
154.4494720965309,3.163396093453926e-05
154.56603773584905,3.23619826708473e-05
154.68277945619334,2.341218562333223e-05
154.79969765684052,1.1875002349389316e-05
154.91679273827532,3.08433296300161e-05
155.0340651021953,3.3376404669746416e-05
155.15151515151516,7.238704539343223e-05
155.2691432903715,4.372738062930181e-05
155.38694992412746,4.212261112377525e-05
155.50493545937738,1.3892472043599582e-05
155.62310030395136,2.327944095731286e-05
155.74144486692012,5.9743146060075534e-05
155.8599695585997,5.31686683058158e-05
155.97867479055597,6.169081094698456e-05
156.09756097560975,1.645906281307439e-05
156.21662852784135,3.0369318902855715e-05
156.33587786259542,1.9779795256655106e-05
156.45530939648586,3.751206844639377e-05
156.5749235474006,2.92353871999352e-05
156.69472073450652,2.571377536589512e-05
156.8147013782542,5.3582002702178714e-05
156.93486590038313,1.9698665524666152e-05
157.05521472392638,2.6419579842894137e-05
157.17574827321565,2.049914396016366e-06
157.29646697388634,4.122258928780085e-05
157.4173712528824,5.692077219327183e-05
157.53846153846155,4.763807334335896e-05
157.65973826020013,3.3326835661800126e-05
157.78120184899845,9.5018626051435e-07
157.9028527370856,4.9021392748188054e-05
158.02469135802468,1.812660690030591e-05
158.14671814671814,7.666933040577463e-05
158.26893353941267,3.401503763319249e-05
158.39133797370457,4.6566102919032655e-06
158.5139318885449,4.396054362606237e-05
158.63671572424477,4.783607953134734e-07
158.7596899224806,9.942429703126023e-05
158.88285492629947,2.6965652594964685e-06
159.0062111801242,9.45013306720044e-05
159.12975912975912,2.999567465864445e-05
159.25349922239502,2.0674674723834454e-05
159.37743190661476,5.397015476395979e-05
159.50155763239874,3.857534967883891e-06
159.62587685113016,9.917542143540178e-05
159.7503900156006,2.677499255198578e-06
159.87509758001562,8.602322271498826e-05
160.0,2.0574822620319732e-05
160.12509773260362,1.770769638399217e-05
160.2503912363067,2.0694459398626998e-05
160.37588097102582,1.8720980754705754e-05
160.5015673981191,4.2847150496018586e-05
160.62745098039213,7.396366059583717e-05
160.7535321821036,2.205822229023243e-05
160.87981146897093,2.9354426857522524e-05
161.0062893081761,3.099472261747216e-05
161.13296616837135,3.458717441827046e-05
161.25984251968504,5.517056036050951e-05
161.38691883372735,2.4481994064831008e-05
161.51419558359618,3.8914718459262895e-05
161.64167324388316,6.732765939725615e-05
161.7693522906793,6.58590172010002e-06
161.89723320158103,7.051519258961355e-05
162.0253164556962,4.809316450403729e-06
162.15360253365006,8.098787350917964e-05
162.28209191759112,3.485491117407389e-05
162.41078509119745,1.5474350553873816e-05
162.53968253968253,7.853732610700347e-05
162.66878474980143,1.504970949280242e-06
162.79809220985692,6.454004864250549e-05
162.92760540970565,5.54372449636548e-06
163.05732484076432,3.946192895303613e-05
163.18725099601593,7.265968405795249e-05
163.31738437001593,2.8831273173353982e-06
163.44772545889865,7.724051398724857e-05
163.57827476038338,7.476334476659271e-06
163.709032773781,3.644866610733571e-05
163.84,2.1728585060544353e-05
163.97117694155327,1.4104813256050121e-05
164.1025641025641,6.924727788089532e-05
164.23416198877305,2.567597409713239e-05
164.3659711075441,4.6103539267467306e-05
164.49799196787149,1.8384310779724562e-05
164.63022508038586,2.3646724036636476e-05
164.76267095736122,1.926884233360861e-05
164.89533011272144,3.472542629739783e-05
165.02820306204674,2.9015246426286443e-05
165.16129032258064,4.774324616239416e-05
165.29459241323647,1.8388498169566817e-05
165.4281098546042,2.4286476506534813e-05
165.56184316895713,2.3475850302113003e-05
165.6957928802589,1.4181947562568629e-05
165.82995951417004,4.387113256572993e-05
165.9643435980551,1.2098009244219468e-05
166.09894566098947,4.3365630413850986e-05
166.23376623376623,1.1778477135500202e-05
166.36880584890332,2.581076417187357e-05
166.5040650406504,2.164683246989207e-05
166.63954434499593,1.757583587080114e-05
166.77524429967426,3.330199342973278e-05
166.9111654441728,1.428802725990296e-05
167.047308319739,3.11834857269232e-05
167.18367346938777,1.3540610134697654e-05
167.3202614379085,2.3974843898591288e-05
167.45707277187245,1.8190411785932488e-05
167.59410801963992,1.9775535112179593e-05
167.7313677313677,2.2595636977186562e-05
167.86885245901638,1.6492892168070003e-05
168.00656275635768,2.2013336924907408e-05
168.14449917898193,1.4572143345431254e-05
168.28266228430567,1.9656413382037517e-05
168.42105263157896,1.5286008113976236e-05
168.559670781893,1.7398331756176728e-05
168.6985172981878,1.6262208906416354e-05
168.83759274525966,1.4947052937684214e-05
168.97689768976898,1.585269805006838e-05
169.11643270024774,1.3064367396178734e-05
169.25619834710741,1.466228169819157e-05
169.39619520264682,1.2308456033697822e-05
169.53642384105962,1.321453642543414e-05
169.67688483844242,1.1929003120844082e-05
169.81757877280262,1.1564560217731728e-05
169.95850622406635,1.1213532887999563e-05
170.09966777408638,1.0073488219728093e-05
170.24106400665005,1.024296381418753e-05
170.3826955074875,9.082043828786287e-06
170.52456286427974,9.183953536133202e-06
170.66666666666666,8.346262238040639e-06
170.8090075062552,8.020862398121686e-06
170.9515859766277,7.556437864272276e-06
171.09440267335003,6.948591948296698e-06
171.23745819397996,6.744722834970004e-06
171.3807531380753,6.1383930724070966e-06
171.52428810720266,5.941555527512646e-06
171.66806370494552,5.4571173488091905e-06
171.81208053691276,5.136285704616234e-06
171.95633921074725,4.797361184490926e-06
172.10084033613444,4.4319271131930425e-06
172.24558452481077,4.18950103703697e-06
172.3905723905724,3.857949045080602e-06
172.5358045492839,3.629296133472758e-06
172.681281618887,3.3485864652247483e-06
172.82700421940928,3.1160590790753427e-06
172.97297297297297,2.8887775858385254e-06
173.11918850380385,2.673578951085212e-06
173.26565143824024,2.490082736814197e-06
173.41236240474177,2.2976213734367583e-06
173.55932203389833,2.138363328991977e-06
173.70653095843934,1.9701051731741483e-06
173.85398981324278,1.8266227089094315e-06
174.0016992353441,1.6900134271683842e-06
174.14965986394557,1.5614741544375536e-06
174.2978723404255,1.450510741090903e-06
174.44633730834755,1.3382826107611362e-06
174.59505541346974,1.2416345043058953e-06
174.74402730375425,1.1489766006575313e-06
174.8932536293766,1.0633477840527589e-06
175.04273504273505,9.878928966811243e-07
175.1924721984602,9.15089057585648e-07
175.34246575342465,8.507599788986038e-07
175.49271636675235,7.900240605083488e-07
175.6432246998285,7.346810116592273e-07
175.79399141630904,6.837070867891857e-07
175.94501718213058,6.376962903901297e-07
176.0963026655202,5.944991265261458e-07
176.24784853700515,5.554858190201266e-07
176.3996554694229,5.19408109798709e-07
176.55172413793102,4.85797751431583e-07
176.70405522001724,4.559860003631821e-07
176.85664939550952,4.274890539070969e-07
177.00950734658602,4.019113712493403e-07
177.16262975778545,3.7779152168248495e-07
177.3160173160173,3.558945220758943e-07
177.46967071057193,3.355072550508399e-07
177.62359063313096,3.167811031927996e-07
177.77777777777777,2.995078904965781e-07
177.93223284100782,2.8274058944300556e-07
178.08695652173913,2.6818472011251004e-07
178.24194952132288,2.538570832471122e-07
178.397212543554,2.406591650023117e-07
178.55274629468178,2.2886706874503032e-07
178.70855148342056,2.1684051113650558e-07
178.86462882096066,2.062647324606782e-07
179.02097902097898,1.9650214765339746e-07
179.17760279965006,1.861793537510808e-07
179.33450087565674,1.7796848160265202e-07
179.4916739702016,1.6928034551973624e-07
179.64912280701753,1.6082851614038796e-07
179.80684811237927,1.53921831473108e-07
179.96485061511424,1.4629684894690547e-07
180.12313104661388,1.3931102878287287e-07
180.28169014084506,1.3375019361404317e-07
180.44052863436124,1.2627498746211083e-07
180.59964726631395,1.2143032305488628e-07
180.75904677846424,1.1576458675068393e-07
180.91872791519435,1.0971391758366977e-07
181.07869142351902,1.0554276704383922e-07
181.23893805309734,1.0051573803198857e-07
181.39946855624444,9.501633661075653e-08
181.56028368794324,9.240091824861321e-08
181.72138420585628,8.633945180105021e-08
181.88277087033748,8.299884845754146e-08
182.04444444444445,8.022541202404903e-08
182.20640569395016,7.461829896206941e-08
182.3686553873553,7.245586814806593e-08
182.53119429590015,6.934853852512324e-08
182.69402319357712,6.455906128126911e-08
182.85714285714286,6.331924847299913e-08
183.0205540661305,6.000848922783952e-08
183.18425760286226,5.573442908424952e-08
183.34825425246197,5.5497342523820865e-08
183.51254480286738,5.1558317744021184e-08
183.67713004484304,4.871204738328341e-08
183.84201077199282,4.843099752300358e-08
184.00718778077265,4.415211745327915e-08
184.1726618705036,4.270591649291375e-08
184.33843384338437,4.191092452308689e-08
184.5045045045045,3.795376358707335e-08
184.67087466185754,3.758634140005163e-08
184.83754512635377,3.567624061060898e-08
185.0045167118338,3.294019337773761e-08
185.17179023508135,3.285025844286466e-08
185.33936651583707,3.031487755908298e-08
185.5072463768116,2.8868649314536704e-08
185.675430643699,2.8451353530086964e-08
185.84392014519057,2.5699944770160436e-08
186.01271571298818,2.569025102117346e-08
186.1818181818182,2.446557507958443e-08
186.3512283894449,2.2061336638179748e-08
186.52094717668484,2.3038515956423996e-08
186.69097538742025,2.0552472423173236e-08
186.86131386861314,1.946086644703425e-08
187.03196347031962,2.048536442523221e-08
187.20292504570384,1.711788212915286e-08
187.37419945105214,1.747928946624079e-08
187.54578754578753,1.7808449073093455e-08
187.71769019248396,1.4278101719463341e-08
187.88990825688072,1.6086366392643787e-08
188.06244260789717,1.4738706619166264e-08
188.23529411764707,1.2287349001994425e-08
188.40846366145354,1.4601222871019869e-08
188.5819521178637,1.1818341167378045e-08
188.75576036866357,1.1080836415284363e-08
188.92988929889296,1.2828778799861058e-08
189.10433979686056,9.170531836740327e-09
189.27911275415894,1.0651094220401818e-08
189.45420906567992,1.0604793750369304e-08
189.62962962962962,7.47267497438739e-09
189.80537534754404,1.0428093595695087e-08
189.98144712430428,8.223085845990393e-09
190.15784586815226,6.740319429248401e-09
190.3345724907063,9.946553438388856e-09
190.51162790697674,6.001881644285193e-09
190.68901303538178,6.7984244680158196e-09
190.8667287977633,8.992480262030143e-09
191.044776119403,4.267982592204702e-09
191.22315592903828,7.215325834280382e-09
191.4018691588785,7.514833421154851e-09
191.5809167446211,3.373302682456888e-09
191.76029962546815,7.286927417042883e-09
191.94001874414244,6.164656965682113e-09
192.12007504690433,2.7183361834711103e-09
192.3004694835681,7.283835399060447e-09
192.48120300751881,5.026471294137492e-09
192.66227657572907,2.1079685429875727e-09
192.8436911487759,7.853985292451662e-09
193.02544769085767,3.6543103210209367e-09
193.2075471698113,2.2770965042452316e-09
193.38999055712932,9.092295854434931e-09
193.57277882797732,1.6703497350484185e-09
193.75591296121098,4.2852323735537665e-09
193.93939393939394,9.189367413771037e-09
194.12322274881518,2.1950393251617736e-10
194.30740037950665,7.355930994541005e-09
194.49192782526114,7.610972662752403e-09
194.67680608365018,3.193352188637902e-10
194.86203615604185,9.632824085117063e-09
195.04761904761907,5.532567613836329e-09
195.23355576739752,1.8952858758126627e-09
195.4198473282443,1.1766600594179693e-08
195.6064947468959,4.35740134541392e-09
195.79349904397705,5.5208491985001025e-09
195.9808612440191,1.4476413960029893e-08
196.1685823754789,4.187501579446773e-09
196.35666347075744,1.1672643820320908e-08
196.5451055662188,1.5509294471432976e-08
196.73390970220942,5.266230704262902e-09
196.92307692307693,1.7151694931236713e-08
197.1126082771896,1.3168185534563832e-08
197.30250481695566,7.291452829121803e-09
197.4927675988428,1.9193406566929365e-08
197.68339768339766,1.0905010407120664e-08
197.8743961352657,1.0906266177115331e-08
198.06576402321085,2.2875682079832776e-08
198.25750242013552,1.2796641062187864e-08
198.44961240310076,2.052111843836212e-08
198.64209505334625,3.1111894538803885e-08
198.83495145631065,1.8574611276569523e-08
199.02818270165207,3.49422975270521e-08
199.22178988326846,3.5153646208434246e-08
199.4157740993184,2.491922508410249e-08
199.61013645224173,4.35664165120364e-08
199.8048780487805,3.255239000947596e-08
200.0,3.09550287700372e-08
200.19550342130987,4.690605169069988e-08
200.3913894324853,3.1277435707923144e-08
200.58765915768853,3.953930246231204e-08
200.78431372549022,4.974225288837546e-08
200.9813542688911,3.4129373787074936e-08
201.17878192534383,5.1234404165928696e-08
201.37659783677483,5.552299139531122e-08
201.5748031496063,4.628701664058039e-08
201.77339901477833,7.36014273704581e-08
201.9723865877712,7.189247857052826e-08
202.1717670286278,7.306746906462275e-08
202.3715415019763,1.0255789811254308e-07
202.57171117705244,8.797331607784933e-08
202.77227722772278,1.0018803283971418e-07
202.97324083250743,1.1873288844136777e-07
203.17460317460316,1.0194142940467294e-07
203.37636544190661,1.29668873116764e-07
203.57852882703776,1.428502880876831e-07
203.78109452736314,1.3817762248090292e-07
203.98406374501994,1.7953716057906717e-07
204.1874376869392,1.8417595831384289e-07
204.39121756487026,1.9356325938756827e-07
204.5954045954046,2.418387938121945e-07
204.79999999999998,2.422341047226903e-07
205.005005005005,2.7564685986241093e-07
205.21042084168334,3.198194674309434e-07
205.41624874623875,3.054465953065863e-07
205.62248995983938,3.391415983130399e-07
205.8291457286432,3.3961556562961116e-07
206.03621730382292,3.205428590845275e-07
206.24370594159112,3.6791391111676695e-07
206.4516129032258,3.8744968501525243e-07
206.65993945509584,4.3332877957005364e-07
206.86868686868684,5.2368014842833e-07
207.07785642062692,5.49535308670139e-07
207.28744939271257,5.987955704033295e-07
207.49746707193518,6.447110354605622e-07
207.7079107505071,6.463673503658738e-07
207.9187817258883,7.115219283678442e-07
208.130081300813,7.782878800178107e-07
208.34181078331636,8.169908237614865e-07
208.55397148676167,9.079153607814428e-07
208.7665647298675,9.38890771418555e-07
208.9795918367347,9.61125618690573e-07
209.19305413687437,1.0571050948846644e-06
209.40695296523518,1.110975693485883e-06
209.6212896622313,1.2306071109486257e-06
209.83606557377047,1.3724555647778822e-06
210.05128205128204,1.4295164639624922e-06
210.26694045174537,1.5573179608337344e-06
210.48304213771837,1.6622852931731323e-06
210.69958847736626,1.7822719293783395e-06
210.91658084449023,1.9941758619722442e-06
211.1340206185567,2.1383104430895536e-06
211.3519091847265,2.2730874694309967e-06
211.5702479338843,2.4091255001731485e-06
211.78903826266804,2.5187639611980456e-06
212.00828157349895,2.704134862968252e-06
212.22797927461139,2.943294037569615e-06
212.448132780083,3.126916413577374e-06
212.668743509865,3.297251081761465e-06
212.88981288981287,3.473904093314132e-06
213.11134235171693,3.648112504703992e-06
213.33333333333334,4.007007185597337e-06
213.555787278415,4.387270457912843e-06
213.7787056367432,4.677530680152135e-06
214.00208986415882,4.9980774895329485e-06
214.22594142259413,5.160487405922472e-06
214.4502617801047,5.469484604517696e-06
214.67505241090146,5.920960564357649e-06
214.900314795383,6.285224633112774e-06
215.12605042016807,6.755815255939978e-06
215.35226077812828,7.068618157660602e-06
215.57894736842104,7.4314740635770755e-06
215.80611169652263,7.999958665943978e-06
216.03375527426158,8.561400035805933e-06
216.26187961985215,9.294818718076957e-06
216.49048625792813,9.974893396849353e-06
216.7195767195767,1.062248225726031e-05
216.9491525423729,1.1310084397470852e-05
217.17921527041358,1.1943995846644307e-05
217.40976645435242,1.2711047480697646e-05
217.64080765143464,1.3490704319489934e-05
217.87234042553192,1.4396052052995893e-05
218.10436634717786,1.529478685150271e-05
218.33688699360337,1.6223155176144246e-05
218.5699039487727,1.735175898891158e-05
218.80341880341882,1.833034328529649e-05
219.0374331550802,1.9455382559361528e-05
219.27194860813702,2.0460375402414707e-05
219.5069667738478,2.156403086024277e-05
219.74248927038627,2.3180075086126832e-05
219.97851772287862,2.461418901799778e-05
220.21505376344086,2.6377762770198144e-05
220.45209903121636,2.819034907960995e-05
220.68965517241378,2.997553840938701e-05
220.92772384034518,3.2186010879436485e-05
221.16630669546436,3.369079024432296e-05
221.4054054054054,3.5448630143854716e-05
221.64502164502164,3.7606416703679475e-05
221.88515709642468,3.974328002901627e-05
222.12581344902384,4.254487477445069e-05
222.36699239956567,4.4818666109477415e-05
222.6086956521739,4.761115081786613e-05
222.85092491838955,5.087863238880009e-05
223.09368191721134,5.3280872776835624e-05
223.3369683751363,5.633756514033591e-05
223.58078602620085,5.9339122473675524e-05
223.82513661202185,6.321566478650788e-05
224.07002188183807,6.770624739715787e-05
224.31544359255204,7.078534546451671e-05
224.56140350877192,7.494824316855372e-05
224.80790340285398,7.909421306184775e-05
225.05494505494505,8.358107888484203e-05
225.30253025302528,8.937452732635684e-05
225.55066079295153,9.389330529837407e-05
225.79933847850054,9.966171260265009e-05
226.0485651214128,0.00010491109240836058
226.29834254143645,0.00010973272569511863
226.54867256637166,0.00011745341009628344
226.79955703211516,0.00012347641975515034
227.0509977827051,0.00013020980845565623
227.30299667036624,0.0001377115423904222
227.55555555555554,0.00014425581553730686
227.80867630700777,0.00015420546011655115
228.06236080178175,0.0001614869259391122
228.31661092530658,0.00016883810925341926
228.57142857142856,0.00017994073477366058
228.82681564245812,0.00018865285193978216
229.082774049217,0.00020076403314739691
229.33930571108624,0.00021203628412617658
229.59641255605382,0.00022105042241841799
229.8540965207632,0.000235019563929569
230.1123595505618,0.0002450466382457323
230.37120359955006,0.0002572881917945898
230.6306306306306,0.00027324495264421
230.89064261555805,0.00028507912947992053
231.1512415349887,0.0003029657015140234
231.41242937853107,0.00031865417047950473
231.67420814479635,0.0003329524780430178
231.9365798414496,0.00035491413551168175
232.19954648526078,0.00036959615268162107
232.46311010215663,0.000386706352701569
232.7272727272727,0.0004086418352951033
232.9920364050057,0.00042724430439846446
233.25740318906605,0.0004542893982127209
233.52337514253134,0.00047687404015364285
233.78995433789953,0.0004971321151801876
234.05714285714288,0.0005271340647734166
234.32494279176203,0.0005493176321737639
234.59335624284074,0.0005757144475149989
234.8623853211009,0.0006082532451202394
235.13203214695753,0.0006325380265869652
235.4022988505747,0.0006709158220659441
235.67318757192174,0.0007050816104461228
235.9447004608295,0.0007351528621874859
236.2168396770473,0.0007784695108384832
236.48960739030022,0.0008104577653853297
236.76300578034682,0.0008532904037109823
237.03703703703707,0.00089628239704169
237.3117033603708,0.0009355589918657668
237.58700696055683,0.0009876744205613952
237.862950058072,0.0010334321325427426
238.13953488372093,0.0010849767270809407
238.41676367869616,0.0011374832192756422
238.69463869463866,0.0012017270319355322
238.97316219369893,0.001246630771719852
239.25233644859816,0.0013265868470095405
239.53216374269007,0.0013787871120807737
239.81264637002343,0.0014559338808849056
240.0937866354044,0.001535552560507536
240.37558685446012,0.001584608797704103
240.65804935370153,0.0017117694533635907
240.94117647058823,0.0017464036534406877
241.2249705535924,0.0018821441183185285
241.50943396226415,0.001950741863503157
241.79456906729635,0.0020503169086820133
242.080378250591,0.0021971793334398266
242.3668639053254,0.0022097078642995716
242.65402843601896,0.0024889658020731545
242.94187425860022,0.002407616502603743
243.23040380047507,0.0027675429831528256
243.51961950059456,0.002723734383329182
243.80952380952382,0.0029494964166353467
244.1001191895113,0.0032002334004462294
244.39140811455846,0.003061807707615305
244.68339307048984,0.0038374377776389515
244.97607655502392,0.0031432383810593456
245.2694610778443,0.004468743526017396
245.56354916067144,0.0035826383390840464
245.85834333733493,0.0046458022061924825
246.15384615384616,0.004686096278756996
246.4500601684717,0.00441437116086359
246.7469879518072,0.006215605201127702
247.04463208685164,0.0042783503938751645
247.34299516908212,0.007435595734858203
247.6420798065296,0.005223658003669941
247.9418886198547,0.007276236587392947
248.24242424242422,0.00853432470328811
248.54368932038832,0.00575807730126804
248.8456865127582,0.013651122289420862
249.14841849148416,0.0038348116954198762
249.45188794153472,0.018086654438342432
249.75609756097558,0.00447304424472871
250.06105006105005,0.019453933670553824
250.36674816625916,0.01332459514898814
250.6731946144431,0.021593036294477456
250.98039215686276,0.02244706584404321
251.2883435582822,0.01236227224211744
251.5970515970516,0.03128380066044281
251.90651906519062,0.0017589006237694934
252.21674876847288,0.06784319437063316
252.52774352651045,0.006579383978544089
252.8395061728395,0.04874535626784181
253.15203955500616,0.028143730312557326
253.46534653465346,0.010137143600827644
253.7794299876084,0.09043695893800444
254.09429280397023,0.026818210531066932
254.40993788819875,0.32803641898190417
254.726368159204,0.07379948541910833
255.04358655043586,0.1429407911360929
255.36159600997507,0.14806217830328025
255.6803995006242,0.3920147888744073
255.99999999999997,1.3270941441060946
256.3204005006258,0.9030948357943219
256.64160401002505,0.5329950311323067
256.9636135508155,0.05736851658216118
257.286432160804,1.3894362568631893
257.61006289308176,0.8915757740527955
257.9345088161209,1.298218901701087
258.2597730138714,0.9758489782781943
258.5858585858586,2.4438557996137047
258.91276864728195,3.1437234716256737
259.24050632911394,1.6750592742648152
259.5690747782003,0.39482967193671314
259.8984771573604,2.656877897861577
260.22871664548916,9.715045421729867
260.55979643765903,6.381304921138574
260.89171974522293,3.38806500271703
261.2244897959184,3.3492263412976495
261.5581098339719,4.28131488802314
261.89258312020456,6.6520538893819365
262.2279129321382,4.763689747503286
262.56410256410254,2.2216061922306154
262.9011553273428,10.368128183271942
263.2390745501285,12.447366245289771
263.5778635778636,1.6103287831839321
263.91752577319585,0.4435934362871319
264.258064516129,8.10303948891425
264.59948320413434,12.115096185825454
264.9417852522639,3.4354938914765194
265.2849740932642,0.4427413664711432
265.6290531776913,0.5040816164033278
265.974025974026,1.0351636912055142
266.3198959687906,0.41882907083697485
266.66666666666663,2.7224522254187136
267.01434159061273,1.2526131426033793
267.3629242819843,1.6078269204761115
267.7124183006536,0.5883030244098189
268.0628272251309,2.2202016515736394
268.41415465268676,0.6265433673291492
268.76640419947506,0.4279311933276969
269.119579500657,2.7816699270564
269.47368421052636,0.8574409496683529
269.82872200263506,1.4245637754791534
270.1846965699208,0.8498335927108853
270.5416116248349,0.338323401704869
270.8994708994709,1.6406804759352231
271.25827814569533,0.4331499808752917
271.6180371352785,3.484884968493784
271.97875166002655,3.136548002113288
272.3404255319149,0.546168923824672
272.70306258322233,0.5024058450516764
273.06666666666666,0.23651944008266043
273.4312416555407,0.8762573603549718
273.7967914438503,2.0245600569123705
274.1633199464525,0.5265074768067839
274.5308310991957,2.4842506282171555
274.8993288590604,0.10879388199330751
275.26881720430106,0.6153499163190733
275.6393001345895,0.48706150606378523
276.010781671159,0.08394071182979122
276.3832658569501,1.7299206085517016
276.7567567567567,0.07152947022464813
277.1312584573748,1.4646817325565615
277.50677506775065,0.10194794219207262
277.88331071913166,0.4374053141512497
278.2608695652174,0.4267167642691758
278.6394557823129,0.26340870845637665
279.01907356948226,0.8928992835774465
279.39972714870396,0.2640314193745342
279.78142076502735,0.6216303963577267
280.1641586867305,0.17095927984718484
280.54794520547944,0.3732529203357283
280.93278463648835,0.3129115264036823
281.31868131868134,0.3359840924716437
281.70563961485556,0.3909703333547015
282.0936639118457,0.24727724217984084
282.48275862068965,0.31545191715523657
282.8729281767956,0.19307495844859682
283.2641770401106,0.26973604740084933
283.6565096952908,0.20519752185307305
284.0499306518724,0.22817784886829448
284.44444444444446,0.2014808866992864
284.84005563282335,0.17714686897978002
285.2367688022284,0.18417232499460562
285.63458856345886,0.14099572157853882
286.0335195530726,0.15812392491641158
286.43356643356645,0.12408058588960805
286.8347338935574,0.1300525115972512
287.23702664796633,0.11670050274166566
287.6404494382022,0.10364014485817988
288.0450070323488,0.10097202722659059
288.4507042253521,0.08248657316213484
288.85754583921016,0.08234070730254109
289.2655367231638,0.07209960782561686
289.6746817538897,0.06806859380833927
290.08498583569406,0.06251535909273644
290.49645390070924,0.054887509921173465
290.9090909090909,0.05048217892323485
291.32290184921766,0.04500896472878321
291.73789173789174,0.04165677862414267
292.15406562054204,0.03794702803688657
292.57142857142856,0.034806798271668736
292.9899856938483,0.030938299910098454
293.4097421203438,0.028254606221146422
293.83070301291247,0.025486953744732824
294.2528735632184,0.02309484170071876
294.67625899280574,0.021566558726190878
295.1008645533141,0.019151971314051067
295.52669552669556,0.017737829860112388
295.9537572254335,0.016053850403936712
296.3820549927641,0.014445233431614527
296.81159420289856,0.013561540630452572
297.2423802612482,0.012208172182966465
297.6744186046512,0.011302907541898166
298.1077147016012,0.01045980919141021
298.54227405247815,0.009432871056229884
298.978102189781,0.0088505323148444
299.41520467836256,0.008123920218574283
299.8535871156662,0.007476974765229269
300.2932551319648,0.007048488002209997
300.73421439060206,0.006450197050573907
301.17647058823525,0.006017150186519782
301.620029455081,0.005648121341067755
302.06489675516224,0.00518948537333646
302.5110782865583,0.004904027849543099
302.95857988165676,0.004581603139898224
303.4074074074074,0.004250203805113104
303.85756676557867,0.00404605970955617
304.30906389301634,0.003741977975844274
304.7619047619047,0.0035226084813315753
305.2160953800298,0.0033351276185009868
305.6716417910448,0.0030935824832190634
306.1285500747384,0.002940809653223868
306.58682634730536,0.0027664759601031493
307.0464767616192,0.0025817395878935953
307.5075075075075,0.0024548879242341573
307.96992481203006,0.0023003013420532822
308.433734939759,0.002160929054011779
308.8989441930618,0.0020540311344006174
309.3655589123867,0.0019140630507112194
309.83358547655064,0.0018186472539850772
310.3030303030303,0.0017148384715212504
310.7738998482549,0.0016038917141722793
311.2462006079027,0.0015202970903627263
311.7199391171994,0.0014306952193349665
312.1951219512195,0.001342022935653038
312.67175572519085,0.0012753312718385926
313.1498470948012,0.001193483290993669
313.6294027565084,0.0011246768984749622
314.11042944785277,0.0010640406999125307
314.5929339477727,0.0009946982273203496
315.0769230769231,0.0009415946277356658
315.5624036979969,0.0008855867312146255
316.04938271604937,0.0008317178030552433
316.53786707882534,0.0007867197669447745
317.0278637770898,0.000736343923820979
317.5193798449612,0.0006941441799646499
318.0124223602484,0.0006556616385365241
318.50699844479004,0.0006133466002674426
319.0031152647975,0.0005787470617317551
319.5007800312012,0.0005447257212114325
320.0,0.0005111014916144271
320.5007824726134,0.00048241134736692757
321.0031347962382,0.000453239435065158
321.5070643642072,0.00042528666968545453
322.0125786163522,0.00040130816062101715
322.5196850393701,0.0003763308992829752
323.02839116719235,0.0003547920226856807
323.5387045813586,0.0003335005947643788
324.0506329113924,0.00031278799040263265
324.56418383518223,0.00029536630191083247
325.07936507936506,0.00027676235233852387
325.59618441971384,0.00026075764888688365
326.11464968152865,0.00024538951436284186
326.63476874003186,0.00023023845870004565
327.15654952076676,0.00021651507979611242
327.68,0.00020412116306639741
328.2051282051282,0.00019065433718629078
328.7319422150882,0.000181302718462956
329.2604501607717,0.00016794538585413108
329.7906602254429,0.00016027240206548528
330.3225806451613,0.00014935943305071766
330.8562197092084,0.00014047737564570025
331.3915857605178,0.00013216262665458894
331.9286871961102,0.00012427943676147362
332.46753246753246,0.00011678968314657328
333.0081300813008,0.00010960790995894783
333.5504885993485,0.00010309257145976008
334.094616639478,9.71708594810359e-05
334.640522875817,9.090127899523686e-05
335.18821603927984,8.551626253699258e-05
335.73770491803276,8.009559304478176e-05
336.28899835796386,7.566189740266004e-05
336.8421052631579,7.079242777064262e-05
337.3970345963756,6.661058977924978e-05
337.95379537953795,6.236431763835797e-05
338.51239669421483,5.892513219747694e-05
339.07284768211923,5.518174976677813e-05
339.63515754560524,5.1080526480392694e-05
340.19933554817277,4.913704297678549e-05
340.765391014975,4.557418655649671e-05
341.3333333333333,4.262076611409223e-05
341.9031719532554,4.0034519214150444e-05
342.4749163879599,3.7830619470859695e-05
343.04857621440533,3.5348037267666825e-05
343.6241610738255,3.2989400662021056e-05
344.2016806722689,3.076372160950273e-05
344.7811447811448,2.9172873476641044e-05
345.362563237774,2.741846970050998e-05
345.94594594594594,2.5479143017263418e-05
346.5313028764805,2.409207920149291e-05
347.11864406779665,2.2481515612850227e-05
347.70797962648555,2.0902933206346157e-05
348.29931972789115,1.9775658654251914e-05
348.8926746166951,1.8724234235383543e-05
349.4880546075085,1.725176685223827e-05
350.0854700854701,1.6434739653428927e-05
350.6849315068493,1.550606710910152e-05
351.286449399657,1.4335988371794148e-05
351.89003436426117,1.3401162692033794e-05
352.4956970740103,1.249407377592388e-05
353.10344827586204,1.1763442694106815e-05
353.71329879101904,1.1049890926079614e-05
354.3252595155709,1.0323497745030852e-05
354.93934142114387,9.76655873937266e-06
355.55555555555554,8.90632513630934e-06
356.17391304347825,8.513379485405498e-06
356.794425087108,7.882665748100445e-06
357.4171029668411,7.626310220420795e-06
358.04195804195797,7.085497270443508e-06
358.6690017513135,6.858160748791643e-06
359.29824561403507,6.4016621689826065e-06
359.9297012302285,6.236487293837458e-06
360.5633802816901,5.929836635810951e-06
361.1992945326279,5.647915249206015e-06
361.8374558303887,5.325033361755104e-06
362.4778761061947,5.303253844788346e-06
363.1205673758865,5.075141526779308e-06
363.76554174067496,4.806535448101719e-06
364.4128113879003,4.743032421911201e-06
365.0623885918003,4.497203167445931e-06
365.7142857142857,4.29112595358307e-06
366.3685152057245,4.169783500349937e-06
367.02508960573476,3.978302220902282e-06
367.68402154398564,3.7430291976422504e-06
368.3453237410072,3.6316910776029287e-06
369.009009009009,3.4187237892429818e-06
369.67509025270755,3.187306396069027e-06
370.3435804701627,3.0331086867749794e-06
371.0144927536232,3.0187777709967255e-06
371.68784029038113,2.695369788676631e-06
372.3636363636364,2.598976583999926e-06
373.0418943533697,2.338996525893586e-06
373.7226277372263,2.294784180417307e-06
374.4058500914077,2.080084261498781e-06
375.09157509157507,1.979787205996232e-06
375.77981651376143,1.7645387608810178e-06
376.47058823529414,1.7165710771456003e-06
377.1639042357274,1.5563156762207238e-06
377.8597785977859,1.3703727831521962e-06
378.5582255083179,1.40530648708906e-06
379.25925925925924,1.2484934587946416e-06
379.96289424860856,1.0885989923904053e-06
380.6691449814126,1.1210246377281164e-06
381.37802607076355,9.33523816912092e-07
382.089552238806,8.91862462501306e-07
382.803738317757,8.225634400694414e-07
383.5205992509363,7.346668170290864e-07
384.24015009380867,6.753075301720748e-07
384.96240601503763,6.692196213029283e-07
385.6873822975518,5.324337109618078e-07
386.4150943396226,5.623576669839603e-07
387.14555765595463,5.219654574479027e-07
387.8787878787879,4.161901169993214e-07
388.6148007590133,4.4206725733366766e-07
389.35361216730035,3.8099253413621074e-07
390.09523809523813,3.0650993239679976e-07
390.8396946564886,3.735297137645371e-07
391.5869980879541,2.70549444250131e-07
392.3371647509578,2.6097571260347774e-07
393.0902111324376,2.867482743828397e-07
393.84615384615387,1.8651742182569756e-07
394.6050096339113,2.1430089054041648e-07
395.3667953667953,2.2913633740667312e-07
396.1315280464217,1.2470089230933525e-07
396.8992248062015,1.9392523789911692e-07
397.6699029126213,1.7257833597095368e-07
398.4435797665369,8.671050606805651e-08
399.22027290448347,1.93128473148487e-07
400.0,9.584935876247959e-08
400.7827788649706,7.797050304842408e-08
401.56862745098044,1.71595365913903e-07
402.35756385068765,4.542106538150654e-08
403.1496062992126,9.481851319131135e-08
403.9447731755424,1.33649663884678e-07
404.7430830039526,2.0642106617930167e-08
405.54455445544556,1.1345419777113417e-07
406.3492063492063,8.57743304610707e-08
407.1570576540755,1.0468133355378544e-08
407.9681274900399,1.266792260296181e-07
408.7824351297405,6.031339257891392e-08
409.59999999999997,2.031762706510706e-08
410.4208416833667,1.3744393360967191e-07
411.24497991967877,3.1029291815392815e-08
412.07243460764585,4.896723271830581e-08
412.9032258064516,1.581431427186313e-07
413.7373737373737,1.3111579967191503e-08
414.57489878542515,9.687595539065978e-08
415.4158215010142,1.5456427977685983e-07
416.260162601626,2.0233093555455374e-08
417.10794297352334,1.531460834575201e-07
417.9591836734694,1.279746080740056e-07
418.81390593047036,5.4492107548387255e-08
419.67213114754094,2.2883253575179227e-07
420.53388090349074,1.0863195998669638e-07
421.3991769547325,1.0308104159057438e-07
422.2680412371134,2.7120665304222304e-07
423.1404958677686,1.2268341446044902e-07
424.0165631469979,1.9793995052882778e-07
424.896265560166,2.896845818762225e-07
425.77962577962575,1.7973053273176635e-07
426.6666666666667,3.185798044598866e-07
427.5574112734864,3.7497440103939127e-07
428.45188284518827,2.7043354859743635e-07
429.3501048218029,4.2427182961871965e-07
430.25210084033614,4.6074736601338526e-07
431.1578947368421,3.667375934586945e-07
432.06751054852316,6.052856530870585e-07
432.98097251585625,5.128442804815345e-07
433.8983050847458,4.818192188830006e-07
434.81953290870484,7.845183542073519e-07
435.74468085106383,6.267996763274418e-07
436.67377398720674,7.145394444791279e-07
437.60683760683764,8.788882499790869e-07
438.54389721627405,7.24960894365463e-07
439.48497854077254,8.841353468859206e-07
440.4301075268817,1.034076793997085e-06
441.37931034482756,1.0191247683574962e-06
442.3326133909287,1.0419672403311737e-06
443.2900432900433,1.2926791943719796e-06
444.2516268980477,1.119591885324586e-06
445.2173913043478,1.2909644174350734e-06
446.1873638344227,1.5224655063023908e-06
447.1615720524017,1.1091728637438216e-06
448.14004376367615,1.756058499781719e-06
449.12280701754383,1.4663806499469242e-06
450.1098901098901,1.4386819350890677e-06
451.10132158590307,1.9615891826078668e-06
452.0971302428256,1.3800466767553828e-06
453.0973451327433,1.8752140779327184e-06
454.1019955654102,1.8484622305591063e-06
455.1111111111111,1.70140746403954e-06
456.1247216035635,2.1671235447934745e-06
457.1428571428571,2.0772710215361687e-06
458.165548098434,2.1867822364968732e-06
459.19282511210764,2.4602173593388934e-06
460.2247191011236,2.8994710987677442e-06
461.2612612612612,2.7170550104637703e-06
462.3024830699774,3.845813453658062e-06
463.3484162895927,4.2685885475688345e-06
464.39909297052156,4.386556623924709e-06
465.4545454545454,7.24365577518707e-06
466.5148063781321,6.018765334149349e-06
467.57990867579906,9.505435278014243e-06
468.64988558352405,1.1740470694900524e-05
469.7247706422018,1.1211071890036528e-05
470.8045977011494,1.968391384499751e-05
471.889400921659,1.8699967236811835e-05
472.97921478060044,2.4820171021224996e-05
474.07407407407413,3.4615123266005015e-05
475.17401392111367,3.335971923823848e-05
476.27906976744185,5.078725383373653e-05
477.3892773892773,5.664511131120369e-05
478.5046728971963,6.61660404522374e-05
479.62529274004686,9.074651399559826e-05
480.75117370892025,9.629501542848223e-05
481.88235294117646,0.00012762926143479182
483.0188679245283,0.00014848034343151176
484.160756501182,0.00017510647108272357
485.3080568720379,0.00022170397411501065
486.46080760095015,0.00024355451921935836
487.61904761904765,0.000313879622360987
488.7828162291169,0.0003558222527855285
489.95215311004785,0.0004131011088730273
491.1270983213429,0.0005315521374677401
492.3076923076923,0.0005558729569554743
493.4939759036144,0.0007107180135255579
494.68599033816423,0.0008369245920512709
495.8837772397094,0.0008833763113198764
497.08737864077665,0.0011857043951484483
498.29683698296833,0.0012573610025387939
499.51219512195115,0.0014398679011279607
500.7334963325183,0.0018713206805690877
501.9607843137255,0.0018710989053290653
503.1941031941032,0.002348658125870362
504.43349753694577,0.002806892614238853
505.679012345679,0.0028232336554358927
506.9306930693069,0.0037306284498443807
508.18858560794047,0.0040612832615767825
509.452736318408,0.004343400891064975
510.72319201995015,0.0056958212780434956
511.99999999999994,0.005793385988337755
513.2832080200501,0.006724286537941018
514.572864321608,0.008343535990373336
515.8690176322418,0.00830424291297149
517.1717171717172,0.010262421247955702
518.4810126582279,0.0118419170696035
519.7969543147208,0.012045026888394497
521.1195928753181,0.015267801334347866
522.4489795918367,0.01648507351223647
523.7851662404091,0.01762333145572198
525.1282051282051,0.022054000563355144
526.478149100257,0.02279345655027972
527.8350515463917,0.025721529336676235
529.1989664082687,0.031011357540305328
530.5699481865284,0.031550080764439915
531.948051948052,0.03713264974970767
533.3333333333333,0.042675759564489726
534.7258485639686,0.04384408559390024
536.1256544502618,0.052686360946132695
537.5328083989501,0.057897910551959066
538.9473684210527,0.06105397205696973
540.3693931398416,0.0733302806635795
541.7989417989418,0.0779034654853484
543.236074270557,0.08481012295570756
544.6808510638298,0.10017101337164469
546.1333333333333,0.10445891610649055
547.5935828877006,0.11697048633562636
549.0616621983914,0.1346980282870933
550.5376344086021,0.13975185408007848
552.021563342318,0.1596580376804986
553.5135135135134,0.1788595721832937
555.0135501355013,0.18659938247232014
556.5217391304348,0.2153669032180614
558.0381471389645,0.23516737003031793
559.5628415300547,0.24835389245353864
561.0958904109589,0.28698262331175284
562.6373626373627,0.3067740949747439
564.1873278236914,0.3289806080300471
565.7458563535912,0.3780698063180046
567.3130193905816,0.39736321876249453
568.8888888888889,0.43345949149176527
570.4735376044569,0.4924133957333574
572.0670391061452,0.5115961506450928
573.6694677871149,0.5677072336229552
575.2808988764044,0.6340285844000756
576.9014084507043,0.6554577142460125
578.5310734463276,0.7384316241792972
580.1699716713881,0.8072037430512986
581.8181818181818,0.8367720417653461
583.4757834757835,0.9526962221016273
585.1428571428571,1.0166175529216597
586.8194842406876,1.0657457566749478
588.5057471264367,1.2169245811749112
590.2017291066282,1.2682558811610567
591.907514450867,1.3547132023858655
593.6231884057971,1.5362239801856774
595.3488372093024,1.5710343085231215
597.0845481049563,1.717506450658811
598.8304093567251,1.9141189967066006
600.5865102639297,1.9379235866598017
602.3529411764705,2.167184291071901
604.1297935103245,2.353742774789566
605.9171597633135,2.3874464067109047
607.7151335311573,2.7145490655293534
609.5238095238094,2.859181749174314
611.3432835820896,2.943456062683059
613.1736526946107,3.36477596389644
615.015015015015,3.440753527705142
616.867469879518,3.632101740031594
618.7311178247734,4.119319832978415
620.6060606060606,4.115747241146778
622.4924012158054,4.48042920773129
624.390243902439,4.975675113909172
626.2996941896024,4.911632327152397
628.2208588957055,5.514358518480643
630.1538461538462,5.9281137390361
632.0987654320987,5.8705740967370685
634.0557275541796,6.756407974196619
636.0248447204968,6.962243073819789
638.006230529595,7.072883353702356
640.0,8.183302405160532
642.0062695924764,8.116094322319219
644.0251572327044,8.576291364740289
646.0567823343847,9.78456481430769
648.1012658227849,9.43795237605636
650.1587301587301,10.455063648452017
652.2292993630573,11.53365813312276
654.3130990415335,11.0170955410277
656.4102564102564,12.791123317098476
658.5209003215434,13.371878729533702
660.6451612903226,13.04289442297281
662.7831715210356,15.637151256520234
664.9350649350649,15.173563877566897
667.100977198697,16.03268738192947
669.281045751634,18.477155659600687
671.4754098360655,17.588156153889564
673.6842105263158,19.762436968839932
675.9075907590759,21.405907966677592
678.1456953642385,21.297100932213034
680.3986710963455,23.464169422606794
682.6666666666666,26.17834109615337
684.9498327759198,24.412040478801288
687.248322147651,30.170722676365184
689.5622895622896,29.764613700145894
691.8918918918919,30.72644736417024
694.2372881355933,37.157499453562615
696.5986394557823,34.21641286043696
698.976109215017,40.12064657195222
701.3698630136986,44.0004666197806
703.7800687285223,41.204371020343665
706.2068965517241,56.518018708586744
708.6505190311418,43.44831255140697
711.1111111111111,73.41101934762713
713.588850174216,43.224018260617484
716.0839160839159,96.70296248313336
718.5964912280701,50.71358940270633
721.1267605633802,114.1000823948455
723.6749116607774,81.37827456467242
726.241134751773,102.46914463473772
728.8256227758006,126.22277435194495
731.4285714285714,65.20269611260731
734.0501792114695,198.2438809682039
736.6906474820144,58.07275713664379
739.3501805054151,266.93230393274695
742.0289855072464,145.61988260542515
744.7272727272727,137.41222912935632
747.4452554744526,804.2967880358152
750.1831501831501,105.76504752994705
752.9411764705883,1654.397497722392
755.7195571955718,136.69546695443992
758.5185185185185,573.7017297806583
761.3382899628252,1774.3034327644975
764.179104477612,2032.228025426059
767.0411985018726,9605.850037790582
769.9248120300753,7805.544476031095
772.8301886792452,7998.547559936932
775.7575757575758,704.0043465775763
778.7072243346007,2406.081894270334
781.6793893129772,4791.332036388669
784.6743295019156,26439.182327216364
787.6923076923077,5166.730008127484
790.7335907335906,13176.603929549747
793.798449612403,3595.225003844247
796.8871595330738,490.63794937506475
800.0,2187.4909947022447
803.1372549019609,14019.51499288685
806.2992125984252,35148.93959380462
809.4861660079052,6120.434317596342
812.6984126984127,30741.606253516573
815.9362549800798,2624.9759358677516
819.1999999999999,171.97557064382437
822.4899598393575,3649.9511627575357
825.8064516129032,126.82198818251466
829.1497975708503,12435.961826892175
832.520325203252,702.9582769929592
835.9183673469388,3931.4828034052653
839.3442622950819,238.42869539080107
842.798353909465,260.97422189189496
846.2809917355372,1652.1765379493995
849.792531120332,477.3272647141847
853.3333333333334,2167.3567001738243
856.9037656903765,628.9513329163885
860.5042016806723,816.6764361178335
864.1350210970463,202.40420626000002
867.7966101694916,390.07983786473324
871.4893617021277,388.3228212061811
875.2136752136753,384.03282319819255
878.9699570815451,431.8482726519658
882.7586206896551,209.941092769119
886.5800865800866,262.27788004877436
890.4347826086956,123.29429449183728
894.3231441048034,163.02993652004943
898.2456140350877,155.62843146112192
902.2026431718061,109.26348193448835
906.1946902654867,126.00248618014697
910.2222222222222,76.92166950643163
914.2857142857142,72.92394961740315
918.3856502242153,66.74932030672629
922.5225225225224,51.82390932558668
926.6968325791854,51.11620220824163
930.9090909090908,44.49899080611063
935.1598173515981,34.4771229629892
939.4495412844036,33.55926903184335
943.778801843318,28.395278075760444
948.1481481481483,23.295252130632104
952.5581395348837,24.137771294206157
957.0093457943926,18.861939794669556
961.5023474178405,17.307470677146505
966.0377358490566,16.796519131900244
970.6161137440758,12.967981759381072
975.2380952380953,13.198065699074348
979.9043062200957,11.659669082630993
984.6153846153846,9.732203319555843
989.3719806763285,9.977755574496399
994.1747572815533,8.254798805443615
999.0243902439023,7.584225427791992
1003.921568627451,7.3877256086891245
1008.8669950738915,6.078526920069565
1013.8613861386139,5.962916228811564
1018.905472636816,5.412210204770662
1023.9999999999999,4.647188970333165
1029.145728643216,4.618056299248911
1034.3434343434344,3.9670361570930273
1039.5939086294416,3.6395698691595157
1044.8979591836735,3.492846757996566
1050.2564102564102,2.9545822490342077
1055.6701030927834,2.8584512673463975
1061.139896373057,2.5860847947425287
1066.6666666666665,2.2525748230160905
1072.2513089005236,2.209346250139078
1077.8947368421054,1.898102476413366
1083.5978835978835,1.7479758142076205
1089.3617021276596,1.6649803519402677
1095.1871657754011,1.4031006605164191
1101.0752688172042,1.3595178173187539
1107.0270270270269,1.2251843017339843
1113.0434782608695,1.0558816416748125
1119.1256830601094,1.043074224929848
1125.2747252747254,0.8894872725835985
1131.4917127071824,0.80843368098729
1137.7777777777778,0.7818389800268593
1144.1340782122904,0.6468042503074154
1150.5617977528088,0.6229661934390834
1157.0621468926552,0.5718529926057213
1163.6363636363635,0.47729612817905487
1170.2857142857142,0.47630534588240164
1177.0114942528735,0.4109497669681005
1183.815028901734,0.35904460587739034
1190.6976744186047,0.3573472245951899
1197.6608187134502,0.29384193417955123
1204.705882352941,0.2736867167290962
1211.834319526627,0.2618717951778625
1219.0476190476188,0.21197672986760355
1226.3473053892214,0.20876873623061168
1233.734939759036,0.18788580367150517
1241.2121212121212,0.15570864522644992
1248.780487804878,0.15739243371162723
1256.441717791411,0.13307593100237355
1264.1975308641975,0.11648198288512451
1272.0496894409937,0.11631607734985744
1280.0,0.09415020744262802
1288.0503144654087,0.0880032821779664
1296.2025316455697,0.08406385700319173
1304.4585987261146,0.06729689324926419
1312.8205128205127,0.06635388829707983
1321.2903225806451,0.05960030973881245
1329.8701298701299,0.04891194691012551
1338.562091503268,0.049401402518960406
1347.3684210526317,0.04176624586600771
1356.291390728477,0.036106556623704496
1365.3333333333333,0.0360805359992496
1374.496644295302,0.029216716015215253
1383.7837837837837,0.026868300988274522
1393.1972789115646,0.02580962811839837
1402.7397260273972,0.02059528286046685
1412.4137931034481,0.01995054377249239
1422.2222222222222,0.018135489498828296
1432.1678321678319,0.014707317303724845
1442.2535211267605,0.014655954084295352
1452.482269503546,0.012589276700965985
1462.857142857143,0.01063977752029381
1473.3812949640287,0.010593211541658471
1484.0579710144928,0.008703354474025222
1494.890510948905,0.007758148855686626
1505.8823529411766,0.007521342963094681
1517.037037037037,0.0060376835874031065
1528.358208955224,0.005659739012001496
1539.8496240601505,0.005253703952386372
1551.5151515151515,0.004224707657401431
1563.3587786259543,0.004103600074597156
1575.3846153846155,0.003624652496833228
1587.596899224806,0.0029878815054926937
1600.0,0.0029416574416648673
1612.5984251968505,0.0024839011381114703
1625.3968253968253,0.0021313439793063447
1638.3999999999999,0.0020806589563992176
1651.6129032258063,0.0017000748808109198
1665.040650406504,0.0015275942510724174
1678.6885245901638,0.0014510400437406428
1692.5619834710744,0.0011687518863269409
1706.6666666666667,0.0010941825826577183
1721.0084033613446,0.000999703064230233
1735.5932203389832,0.0008097021359193498
1750.4273504273506,0.0007794909956217144
1765.5172413793102,0.0006824722538137129
1780.8695652173913,0.0005656317541045694
1796.4912280701753,0.0005503714072726184
1812.3893805309733,0.0004635002928865451
1828.5714285714284,0.0003982311690518701
1845.0450450450448,0.00038443337345479416
1861.8181818181815,0.00031437812734895623
1878.8990825688072,0.000281702356264855
1896.2962962962965,0.0002653218133577826
1914.0186915887853,0.00021392225401943807
1932.0754716981132,0.00019924997958899974
1950.4761904761906,0.00018086234875936422
1969.2307692307693,0.00014652952495129587
1988.3495145631066,0.0001402159645025748
2007.843137254902,0.00012201147491120724
2027.7227722772277,0.00010107901684587345
2047.9999999999998,9.765004912973887e-05
2068.686868686869,8.165820194738572e-05
2089.795918367347,7.010083469283534e-05
2111.340206185567,6.70481120878663e-05
2133.333333333333,5.430523569751493e-05
2155.789473684211,4.868980703209969e-05
2178.723404255319,4.514429097335124e-05
2202.1505376344085,3.6048230306216e-05
2226.086956521739,3.354083894274482e-05
2250.5494505494507,2.975416286091463e-05
2275.5555555555557,2.391996573376416e-05
2301.1235955056177,2.274451674536052e-05
2327.272727272727,1.914845099159565e-05
2354.022988505747,1.582296912373825e-05
2381.3953488372094,1.4991136048726027e-05
2409.411764705882,1.2048566129719947e-05
2438.0952380952376,1.0355225895373997e-05
2467.469879518072,9.534316219316429e-06
2497.560975609756,7.392132059344126e-06
2528.395061728395,6.631851333223761e-06
2560.0,5.777930941355527e-06
2592.4050632911394,4.433492844323376e-06
2625.6410256410254,4.076090894248932e-06
2659.7402597402597,3.3004097331545863e-06
2694.7368421052633,2.5680260022255165e-06
2730.6666666666665,2.3437592981948204e-06
2767.5675675675675,1.7525351952160078e-06
2805.4794520547944,1.4142370483270312e-06
2844.4444444444443,1.2267771693268956e-06
2884.507042253521,8.540746751965908e-07
2925.714285714286,7.156359578785801e-07
2968.1159420289855,5.592639805960664e-07
3011.764705882353,3.708024796959073e-07
3056.716417910448,3.136326397350255e-07
3103.030303030303,2.1164956749917707e-07
3150.769230769231,1.364519866852975e-07
3200.0,1.1255387351167756e-07
3250.7936507936506,6.227288824613975e-08
3303.2258064516127,4.143589347825806e-08
3357.3770491803275,3.126368601260232e-08
3413.3333333333335,1.4057594983853177e-08
3471.1864406779664,1.0734824588966951e-08
3531.0344827586205,8.414988103460956e-09
3592.9824561403507,3.6304040730790424e-09
3657.142857142857,3.916136891860285e-09
3723.636363636363,3.488074629675347e-09
3792.592592592593,1.5687190765830153e-09
3864.1509433962265,1.9989271693263133e-09
3938.4615384615386,1.4429477504788774e-09
4015.686274509804,5.729745567045644e-10
4095.9999999999995,7.629920253177627e-10
4179.591836734694,4.157442000616413e-10
4266.666666666666,1.431770260765122e-10
4357.446808510638,2.2369259933518626e-10
4452.173913043478,3.9365375882235493e-11
4551.111111111111,3.118810141777154e-11
4654.545454545454,2.7341849699148373e-11
4762.790697674419,5.345534077317911e-12
4876.190476190475,3.657696502618028e-12
4995.121951219512,3.4376475821401885e-12
5120.0,1.1738484935112221e-12
5251.282051282051,4.450588621205844e-13
5389.473684210527,4.309030709614724e-13
5535.135135135135,1.966707738386528e-13
5688.888888888889,6.133081949608872e-14
5851.428571428572,5.066400567354119e-14
6023.529411764706,2.7765132219690227e-14
6206.060606060606,8.849526033926495e-15
6400.0,6.8456307481416944e-15
6606.451612903225,4.2352371923436445e-15
6826.666666666667,1.5619322773015633e-15
7062.068965517241,1.3445362068768463e-15
7314.285714285714,8.466931434319657e-16
7585.185185185186,3.8794703781339236e-16
7876.923076923077,3.6185735624764965e-16
