"Wavelength, nm",Intensity
136.44237175216523,7.507981836279077e-22
136.53333333333333,1.0324734670535444e-21
136.62441627751835,1.429792423857265e-21
136.71562082777035,1.999033333172791e-21
136.80694722778892,2.814371595270913e-21
136.89839572192514,3.997252963619245e-21
136.98996655518394,5.742175104403435e-21
137.08165997322624,8.411460501604232e-21
137.17347622237108,1.3172368924419673e-20
137.26541554959786,2.480790204128003e-20
137.35747820254863,6.520900933169388e-20
137.4496644295302,2.367694695614264e-19
137.54197447951645,9.810414757299242e-19
137.63440860215053,3.954777421750348e-18
137.72696704774717,1.4487585665578148e-17
137.81965006729476,4.72952512741981e-17
137.9124579124579,1.3752021235236924e-16
138.0053908355795,3.578560069694488e-16
138.09844908968307,8.415295834076314e-16
138.19163292847506,1.8158330444127155e-15
138.28494260634707,3.663178548760227e-15
138.37837837837836,7.01480077672655e-15
138.47194050033806,1.2843981408705656e-14
138.5656292286874,2.2541332084378065e-14
138.65944482058225,3.787326238935683e-14
138.75338753387533,6.106744296061157e-14
138.84745762711862,9.526964915197231e-14
138.94165535956583,1.4456402371406301e-13
139.03598099117448,2.1388577092398256e-13
139.1304347826087,3.083165045509966e-13
139.22501699524133,4.320031411033831e-13
139.31972789115645,5.893326504981873e-13
139.4145677331518,7.869872857366702e-13
139.50953678474113,1.035031520193693e-12
139.60463531015677,1.3461377081253306e-12
139.69986357435198,1.733029720218573e-12
139.79522184300342,2.2046834790013354e-12
139.89071038251367,2.764597010603287e-12
139.98632946001365,3.4114448131543607e-12
140.08207934336525,4.14401450506967e-12
140.17796030116358,4.972912340181361e-12
140.27397260273972,5.9104135247369405e-12
140.37011651816314,6.979113072568143e-12
140.46639231824417,8.197847258189721e-12
140.56280027453673,9.547997216130197e-12
140.65934065934067,1.1032568595095918e-11
140.75601374570448,1.2665710733059689e-11
140.85281980742778,1.4429156330915756e-11
140.949759119064,1.6343157187849042e-11
141.04683195592284,1.8381258197542835e-11
141.14403859407307,2.0465615137268238e-11
141.24137931034483,2.2628637725674276e-11
141.33885438233264,2.492119419909374e-11
141.4364640883978,2.738883597330184e-11
141.53420870767104,3.009622893782284e-11
141.6320885200553,3.298118556430503e-11
141.73010380622836,3.597680341555849e-11
141.8282548476454,3.901812337176299e-11
141.92654192654192,4.197799479163321e-11
142.0249653259362,4.485805549002979e-11
142.1235253296322,4.7654973388410334e-11
142.22222222222223,5.048129070532218e-11
142.32105628908963,5.343038750121417e-11
142.42002781641168,5.631779179706184e-11
142.51913709116212,5.92556968753368e-11
142.6183844011142,6.254105828163353e-11
142.7177700348432,6.611950677602271e-11
142.81729428172943,6.965808359622082e-11
142.91695743196092,7.239250215551235e-11
143.0167597765363,7.400055963453634e-11
143.11670160726763,7.532684670073488e-11
143.21678321678323,7.700326818231336e-11
143.31700489853043,7.902079410281312e-11
143.4173669467787,8.119301306174165e-11
143.5178696566223,8.304316282072528e-11
143.61851332398317,8.478143441459253e-11
143.71929824561403,8.67938023861456e-11
143.8202247191011,8.849569234002458e-11
143.92129304286718,8.936335311541824e-11
144.0225035161744,8.897231907957822e-11
144.12385643912737,8.767280320573832e-11
144.22535211267606,8.676231677266247e-11
144.32699083861874,8.637225698187199e-11
144.42877291960508,8.633363190909885e-11
144.530698659139,8.663998275744703e-11
144.6327683615819,8.626764184460939e-11
144.73498233215545,8.524970695254163e-11
144.83734087694484,8.481232609023269e-11
144.9398443029016,8.518219147491872e-11
145.04249291784703,8.599382192702397e-11
145.14528703047483,8.680081225514594e-11
145.24822695035462,8.790669676074041e-11
145.35131298793468,8.98759435214408e-11
145.45454545454544,9.179633400639997e-11
145.55792466240226,9.40926737334277e-11
145.66145092460883,9.784028375158989e-11
145.76512455516016,1.0073919053690581e-10
145.86894586894587,1.0170672762349012e-10
145.9729151817534,1.0265156834232305e-10
146.07703281027102,1.0349408312354772e-10
146.18129907209135,1.0361184487820775e-10
146.28571428571428,1.0303945896444505e-10
146.39027877055037,1.0307298183903805e-10
146.49499284692416,1.0561025444783044e-10
146.59985683607732,1.1047512809208798e-10
146.7048710601719,1.205499952995391e-10
146.8100358422939,1.3885856372604403e-10
146.91535150645623,1.6470901339691692e-10
147.0208183776023,2.0070312370843645e-10
147.1264367816092,2.5099390328503715e-10
147.23220704529115,3.143550786078154e-10
147.33812949640287,3.929582796498988e-10
147.4442044636429,4.876487088952001e-10
147.55043227665706,5.988987839468855e-10
147.6568132660418,7.296205381196108e-10
147.76334776334778,8.76327406096899e-10
147.87003610108303,1.046616027381229e-09
147.97687861271675,1.2488300919669564e-09
148.08387563268258,1.4583427373328036e-09
148.19102749638205,1.6826977519070673e-09
148.29833454018825,1.9205780657703533e-09
148.40579710144928,2.1390009586944074e-09
148.51341551849166,2.3534933372305396e-09
148.6211901306241,2.559147867425272e-09
148.72912127814087,2.8004378760210387e-09
148.8372093023256,3.0931536476432187e-09
148.94545454545454,3.483917441520476e-09
149.0538573508006,4.073860890018581e-09
149.16241806263656,5.0487101280044954e-09
149.27113702623907,6.3817596792969936e-09
149.38001458789202,8.257988384407108e-09
149.4890510948905,1.1523605107437802e-08
149.59824689554418,1.588821102164044e-08
149.70760233918128,2.2215866175931396e-08
149.81711777615214,3.194698540789612e-08
149.9267935578331,4.532326549784843e-08
150.03663003663004,6.192821602235698e-08
150.1466275659824,8.047847340095792e-08
150.25678650036684,1.0646659316862891e-07
150.36710719530103,1.2186488465360942e-07
150.47759000734754,1.3292674699217386e-07
150.58823529411762,1.3852943926225536e-07
150.69904341427517,1.3072800541282347e-07
150.8100147275405,9.746993033894632e-08
150.92114959469419,5.754526560456989e-08
151.03244837758112,1.1112579906184662e-07
151.1439114391144,3.416569447288198e-08
151.25553914327915,1.890664071512975e-08
151.3673318551367,1.4159378879978052e-08
151.47928994082838,5.71944254494543e-08
151.59141376757958,6.978772551421983e-08
151.7037037037037,8.025443222243054e-08
151.81616011860638,1.6144760458096706e-07
151.92878338278933,1.455110389616122e-07
152.04157386785448,1.2827308649957976e-07
152.15453194650817,1.2514897449637691e-07
152.26765799256503,1.210831523481572e-07
152.38095238095235,6.413842062245155e-08
152.4944154877141,3.370646828737609e-08
152.6080476900149,3.528333636866132e-08
152.72184936614468,1.0950304533044204e-08
152.8358208955224,2.0532265180374124e-09
152.9499626587005,3.199774162790881e-09
153.0642750373692,2.6361605008945022e-09
153.1787584143605,1.0457622327391647e-09
153.29341317365268,4.305958577317892e-09
153.40823970037454,1.6147295462859626e-08
153.5232383808096,4.0639569003925745e-09
153.6384096024006,9.61209006409445e-09
153.75375375375376,2.373863415998704e-08
153.86927122464311,4.039277482995912e-08
153.98496240601503,1.0520848845606317e-08
154.10082768999246,1.2505135289583363e-08
154.2168674698795,4.0866740045117185e-08
154.33308214016577,4.4456620449337754e-08
154.4494720965309,6.1552912379833145e-09
154.56603773584905,1.9258134035164062e-09
154.68277945619334,2.2942639529111958e-08
154.79969765684052,9.525250162780268e-08
154.91679273827532,8.878798353722452e-08
155.0340651021953,9.9801742784014e-08
155.15151515151516,6.825087525527779e-08
155.2691432903715,3.578183458815063e-07
155.38694992412746,4.522651094796328e-07
155.50493545937738,2.735519609457396e-07
155.62310030395136,1.9465720845169367e-07
155.74144486692012,5.291429572601021e-07
155.8599695585997,8.90464835719614e-07
155.97867479055597,4.395347507756249e-07
156.09756097560975,1.6585437726497341e-07
156.21662852784135,6.849555820826108e-07
156.33587786259542,2.11576040848793e-06
156.45530939648586,1.299413836923131e-06
156.5749235474006,8.335791217474108e-08
156.69472073450652,8.610385259359105e-08
156.8147013782542,1.487864413949285e-06
156.93486590038313,1.3091706121940993e-06
157.05521472392638,5.080835354640228e-07
157.17574827321565,6.303803998496637e-07
157.29646697388634,3.1112332001744732e-06
157.4173712528824,2.18072657372847e-06
157.53846153846155,1.227855474145581e-06
157.65973826020013,4.398166723539596e-07
157.78120184899845,4.3046296143890044e-06
157.9028527370856,2.97885368390274e-06
158.02469135802468,1.7564383399444588e-06
158.14671814671814,3.3585782488910723e-07
158.26893353941267,3.254180371266845e-06
158.39133797370457,2.8659655883895503e-06
158.5139318885449,3.177951149990048e-06
158.63671572424477,9.492131769212018e-08
158.7596899224806,2.184665793370638e-06
158.88285492629947,5.404090040299963e-06
159.0062111801242,6.632651287019206e-06
159.12975912975912,7.902966516160493e-08
159.25349922239502,2.347142261314228e-06
159.37743190661476,8.019015216008411e-06
159.50155763239874,7.853942473118445e-06
159.62587685113016,1.292185085269462e-07
159.7503900156006,1.6277885376654038e-06
159.87509758001562,6.634520204641997e-06
160.0,7.251335366460757e-06
160.12509773260362,9.074715707313355e-07
160.2503912363067,2.5915049228217666e-07
160.37588097102582,7.055210677350375e-06
160.5015673981191,8.985777468442894e-06
160.62745098039213,8.379705871610552e-07
160.7535321821036,3.221459690337879e-07
160.87981146897093,8.124772230225929e-06
161.0062893081761,5.996067320459861e-06
161.13296616837135,6.430486327877281e-07
161.25984251968504,1.082167268792887e-07
161.38691883372735,2.8014854018021953e-06
161.51419558359618,3.3993133879334563e-06
161.64167324388316,2.432348425564986e-06
161.7693522906793,1.0981042479327003e-06
161.89723320158103,2.0057103205457767e-06
162.0253164556962,2.9246347341918423e-06
162.15360253365006,2.568123179108869e-06
162.28209191759112,3.238635714367261e-08
162.41078509119745,1.9746143093574105e-06
162.53968253968253,8.067718596223637e-07
162.66878474980143,8.325167287569179e-07
162.79809220985692,2.4398858849062564e-07
162.92760540970565,2.0397031723040236e-07
163.05732484076432,7.156831529815447e-07
163.18725099601593,3.6302373741654923e-06
163.31738437001593,2.0066933928770805e-06
163.44772545889865,1.9006199748571358e-06
163.57827476038338,1.2307600737706812e-06
163.709032773781,1.8743351548993786e-06
163.84,9.875615158640489e-08
163.97117694155327,4.7502304872972526e-08
164.1025641025641,1.5533675933654756e-07
164.23416198877305,1.9489173238010246e-07
164.3659711075441,6.143051225246048e-07
164.49799196787149,1.0402447370101008e-06
164.63022508038586,6.889571041472852e-07
164.76267095736122,1.5353546554611066e-06
164.89533011272144,8.938209238031012e-07
165.02820306204674,5.910895460948559e-07
165.16129032258064,4.028652985732894e-07
165.29459241323647,1.4854891820025924e-07
165.4281098546042,1.5963995476488855e-07
165.56184316895713,2.7465169827102276e-07
165.6957928802589,3.10708066852406e-07
165.82995951417004,5.016499029389824e-07
165.9643435980551,4.868738158278423e-07
166.09894566098947,5.561644752716275e-07
166.23376623376623,4.432521230968408e-07
166.36880584890332,3.416212415692682e-07
166.5040650406504,3.194123207068279e-07
166.63954434499593,1.955213412151765e-07
166.77524429967426,2.0198867469669702e-07
166.9111654441728,2.2940217742391321e-07
167.047308319739,2.0637861916172743e-07
167.18367346938777,2.637786882845169e-07
167.3202614379085,2.5848129655710576e-07
167.45707277187245,2.275508840023615e-07
167.59410801963992,2.3884113740763776e-07
167.7313677313677,1.872640511831865e-07
167.86885245901638,1.6774936908971235e-07
168.00656275635768,1.6072673312215006e-07
168.14449917898193,1.2970717275132974e-07
168.28266228430567,1.3659654283083026e-07
168.42105263157896,1.3130031766611974e-07
168.559670781893,1.1743222727031882e-07
168.6985172981878,1.2607345193870067e-07
168.83759274525966,1.0776842878766445e-07
168.97689768976898,1.0002099110437495e-07
169.11643270024774,9.760533272269684e-08
169.25619834710741,7.794775593376199e-08
169.39619520264682,7.820022604940035e-08
169.53642384105962,7.080235847977914e-08
169.67688483844242,5.998567620413478e-08
169.81757877280262,6.352863657193053e-08
169.95850622406635,5.3333219739640206e-08
170.09966777408638,4.9738174622831996e-08
170.24106400665005,4.9831363217554064e-08
170.3826955074875,3.950789478044343e-08
170.52456286427974,4.0123021472200326e-08
170.66666666666666,3.599666318584598e-08
170.8090075062552,2.960113202297327e-08
170.9515859766277,3.134157860149295e-08
171.09440267335003,2.5465477524051608e-08
171.23745819397996,2.347455971962961e-08
171.3807531380753,2.37691950848105e-08
171.52428810720266,1.8376427794745563e-08
171.66806370494552,1.8954320193637477e-08
171.81208053691276,1.7078659352456667e-08
171.95633921074725,1.3743095753051938e-08
172.10084033613444,1.4850697368491191e-08
172.24558452481077,1.1848986726982931e-08
172.3905723905724,1.0806707774158036e-08
172.5358045492839,1.1092683472326764e-08
172.681281618887,8.328345879770969e-09
172.82700421940928,8.692548445503236e-09
172.97297297297297,7.853235975142869e-09
173.11918850380385,6.167548589979224e-09
173.26565143824024,6.8561720956474465e-09
173.41236240474177,5.398427565383611e-09
173.55932203389833,4.886462273188038e-09
173.70653095843934,5.158317551266624e-09
173.85398981324278,3.7298541333108494e-09
174.0016992353441,3.954987407340429e-09
174.14965986394557,3.642152973929758e-09
174.2978723404255,2.743310172463201e-09
174.44633730834755,3.1563590557462733e-09
174.59505541346974,2.4849332166609344e-09
174.74402730375425,2.1749463658073143e-09
174.8932536293766,2.3819731154240878e-09
175.04273504273505,1.6933497421864754e-09
175.1924721984602,1.7923230604266133e-09
175.34246575342465,1.6998204846431715e-09
175.49271636675235,1.2350030829962933e-09
175.6432246998285,1.460584966769235e-09
175.79399141630904,1.1497111955870426e-09
175.94501718213058,9.710473354069802e-10
176.0963026655202,1.1138367249506764e-09
176.24784853700515,7.712409627739774e-10
176.3996554694229,8.030572742311832e-10
176.55172413793102,7.972901073727602e-10
176.70405522001724,5.489065458870962e-10
176.85664939550952,6.576891706818001e-10
177.00950734658602,5.363705459907328e-10
177.16262975778545,4.2935997033724735e-10
177.3160173160173,5.152089697722972e-10
177.46967071057193,3.5832638765612034e-10
177.62359063313096,3.6121160149252394e-10
177.77777777777777,3.7236203818644123e-10
177.93223284100782,2.48038692078423e-10
178.08695652173913,3.013732992905068e-10
178.24194952132288,2.511732682068582e-10
178.397212543554,1.9004801835268568e-10
178.55274629468178,2.380027284763696e-10
178.70855148342056,1.6157210619874274e-10
178.86462882096066,1.563681264718223e-10
179.02097902097898,1.7416691243236757e-10
179.17760279965006,1.0962895059736006e-10
179.33450087565674,1.3330615112389967e-10
179.4916739702016,1.176483968734439e-10
179.64912280701753,8.279287674449609e-11
179.80684811237927,1.091565499684324e-10
179.96485061511424,7.690578891785957e-11
180.12313104661388,7.056725058539557e-11
180.28169014084506,8.320773172697554e-11
180.44052863436124,4.921717534119612e-11
180.59964726631395,6.024231504610189e-11
180.75904677846424,5.693061840466672e-11
180.91872791519435,3.479061034502887e-11
181.07869142351902,4.8162571417760747e-11
181.23893805309734,3.598358818546419e-11
181.39946855624444,2.8081545675492233e-11
181.56028368794324,3.5959838972152113e-11
181.72138420585628,2.1626418319358677e-11
181.88277087033748,2.4391984637211694e-11
182.04444444444445,2.438211282591752e-11
182.20640569395016,1.5131589556808396e-11
182.3686553873553,2.3079696493211935e-11
182.53119429590015,1.6922438305174225e-11
182.69402319357712,1.3558507522046419e-11
182.85714285714286,2.0394896068185376e-11
183.0205540661305,1.3107101554393317e-11
183.18425760286226,1.5181866143282908e-11
183.34825425246197,1.9139143706166888e-11
183.51254480286738,1.2020528149269994e-11
183.67713004484304,1.57868278580521e-11
183.84201077199282,1.513733007287683e-11
184.00718778077265,9.64622825576937e-12
184.1726618705036,1.2194334152291108e-11
184.33843384338437,9.150837808706248e-12
184.5045045045045,5.544755739183681e-12
184.67087466185754,7.0172170151115224e-12
184.83754512635377,4.828950426957062e-12
185.0045167118338,2.670823141351471e-12
185.17179023508135,3.464744284234986e-12
185.33936651583707,3.8316592909278525e-12
185.5072463768116,2.7705045239468587e-12
185.675430643699,4.312720956512062e-12
185.84392014519057,8.769856747016496e-12
186.01271571298818,9.067299601628632e-12
186.1818181818182,1.3674318520907145e-11
186.3512283894449,2.0800835033198263e-11
186.52094717668484,2.1035810859921533e-11
186.69097538742025,2.6315680019869945e-11
186.86131386861314,3.321416636414065e-11
187.03196347031962,3.352730070479041e-11
187.20292504570384,4.03170802263567e-11
187.37419945105214,4.7345773644045855e-11
187.54578754578753,4.872402571585656e-11
187.71769019248396,5.6127138341836304e-11
187.88990825688072,6.326154115691368e-11
188.06244260789717,6.556272097257674e-11
188.23529411764707,7.123611567688601e-11
188.40846366145354,7.894973095265828e-11
188.5819521178637,8.350496544590334e-11
188.75576036866357,9.064749254818538e-11
188.92988929889296,1.0360844918625146e-10
189.10433979686056,1.1048151357078362e-10
189.27911275415894,1.219287271382768e-10
189.45420906567992,1.388670404179043e-10
189.62962962962962,1.5172828304033066e-10
189.80537534754404,1.6807838728926409e-10
189.98144712430428,1.9638612985119797e-10
190.15784586815226,2.1882746278101885e-10
190.3345724907063,2.510613119535047e-10
190.51162790697674,2.9522821140913863e-10
190.68901303538178,3.381819544323466e-10
190.8667287977633,3.9246326478833867e-10
191.044776119403,4.6344590664557056e-10
191.22315592903828,5.305050068360665e-10
191.4018691588785,6.170720071098963e-10
191.5809167446211,7.185896875712174e-10
191.76029962546815,8.176161828512328e-10
191.94001874414244,9.379799841052972e-10
192.12007504690433,1.0559238433637e-09
192.3004694835681,1.1682696039432176e-09
192.48120300751881,1.294774890978598e-09
192.66227657572907,1.3972693440770029e-09
192.8436911487759,1.4853050635531926e-09
193.02544769085767,1.5659898964349505e-09
193.2075471698113,1.6058124591799464e-09
193.38999055712932,1.6204811485072665e-09
193.57277882797732,1.612196406904535e-09
193.75591296121098,1.5480404198139912e-09
193.93939393939394,1.4605640337843057e-09
194.12322274881518,1.3376750169908164e-09
194.30740037950665,1.1842816252584276e-09
194.49192782526114,1.0324651833360795e-09
194.67680608365018,8.74135413799932e-10
194.86203615604185,7.376170307897498e-10
195.04761904761907,6.454597517054483e-10
195.23355576739752,5.964346056883995e-10
195.4198473282443,6.075394668629381e-10
195.6064947468959,6.817227141009251e-10
195.79349904397705,8.053735149973054e-10
195.9808612440191,9.73333555066318e-10
196.1685823754789,1.1661171140544895e-09
196.35666347075744,1.3500398552866715e-09
196.5451055662188,1.502574351431746e-09
196.73390970220942,1.6026864138980588e-09
196.92307692307693,1.6326055905261895e-09
197.1126082771896,1.5934321322997759e-09
197.30250481695566,1.4762634688081855e-09
197.4927675988428,1.3056556853832375e-09
197.68339768339766,1.106446966815818e-09
197.8743961352657,8.972740891534873e-10
198.06576402321085,7.292660876190679e-10
198.25750242013552,6.332466830742803e-10
198.44961240310076,6.252031469039445e-10
198.64209505334625,7.024953905192279e-10
198.83495145631065,8.418640104349815e-10
199.02818270165207,9.731233940534452e-10
199.22178988326846,1.0432126183479039e-09
199.4157740993184,9.940999811818124e-10
199.61013645224173,8.017593575425554e-10
199.8048780487805,5.08773431914927e-10
200.0,2.0534342334022712e-10
200.19550342130987,3.753662579887283e-11
200.3913894324853,1.3486887819266456e-10
200.58765915768853,5.676597333883418e-10
200.78431372549022,1.3068859537413524e-09
200.9813542688911,2.186985708813787e-09
201.17878192534383,2.985981990433345e-09
201.37659783677483,3.4809217351923948e-09
201.5748031496063,3.546688702195905e-09
201.77339901477833,3.235427568495628e-09
201.9723865877712,2.7779606108633456e-09
202.1717670286278,2.453340116615694e-09
202.3715415019763,2.4368318210101095e-09
202.57171117705244,2.811804132361543e-09
202.77227722772278,3.283984096019117e-09
202.97324083250743,3.5360661589414603e-09
203.17460317460316,3.2917745119113126e-09
203.37636544190661,2.5723632496361743e-09
203.57852882703776,1.8437951702616765e-09
203.78109452736314,1.911484594960306e-09
203.98406374501994,3.4542019159677743e-09
204.1874376869392,6.709167294675842e-09
204.39121756487026,1.1111309433299827e-08
204.5954045954046,1.538662425918222e-08
204.79999999999998,1.803082564542776e-08
205.005005005005,1.8231266522949418e-08
205.21042084168334,1.6068465174389517e-08
205.41624874623875,1.3017230767817821e-08
205.62248995983938,1.1044192804295855e-08
205.8291457286432,1.1730939203335301e-08
206.03621730382292,1.543714730069528e-08
206.24370594159112,2.1273069586997532e-08
206.4516129032258,2.7493166913531777e-08
206.65993945509584,3.258694703543446e-08
206.86868686868684,3.552754155366176e-08
207.07785642062692,3.60334555724855e-08
207.28744939271257,3.421175743503676e-08
207.49746707193518,3.094264152496946e-08
207.7079107505071,2.7981357886362502e-08
207.9187817258883,2.7936312961164234e-08
208.130081300813,3.2583827004667076e-08
208.34181078331636,4.122564081420971e-08
208.55397148676167,5.0226613949388054e-08
208.7665647298675,5.488402058454983e-08
208.9795918367347,5.352513292307421e-08
209.19305413687437,4.957674228342984e-08
209.40695296523518,4.9105347015969155e-08
209.6212896622313,5.5933217441089656e-08
209.83606557377047,6.774923374771307e-08
210.05128205128204,7.810738426771866e-08
210.26694045174537,8.301090367548954e-08
210.48304213771837,8.541685199158139e-08
210.69958847736626,9.275740461896167e-08
210.91658084449023,1.088876347219921e-07
211.1340206185567,1.2937932908507322e-07
211.3519091847265,1.4438219705752876e-07
211.5702479338843,1.477104197878692e-07
211.78903826266804,1.4251048976626475e-07
212.00828157349895,1.3868003856130716e-07
212.22797927461139,1.4481539380374632e-07
212.448132780083,1.622444463634112e-07
212.668743509865,1.868945912324499e-07
212.88981288981287,2.1251616495809573e-07
213.11134235171693,2.3361040579264136e-07
213.33333333333334,2.4858681391780875e-07
213.555787278415,2.58658728070535e-07
213.7787056367432,2.684945302275717e-07
214.00208986415882,2.8422699365166966e-07
214.22594142259413,3.060775462056214e-07
214.4502617801047,3.3012884244977464e-07
214.67505241090146,3.539859823211679e-07
214.900314795383,3.8079450290956487e-07
215.12605042016807,4.1878208648967646e-07
215.35226077812828,4.710437830195178e-07
215.57894736842104,5.28920650553206e-07
215.80611169652263,5.783365324097243e-07
216.03375527426158,6.127434048352689e-07
216.26187961985215,6.38969249627867e-07
216.49048625792813,6.722650553814744e-07
216.7195767195767,7.19707651134853e-07
216.9491525423729,7.763394249745397e-07
217.17921527041358,8.380464170992032e-07
217.40976645435242,9.051377493057703e-07
217.64080765143464,9.770328787579428e-07
217.87234042553192,1.0466795060091637e-06
218.10436634717786,1.1005336120167842e-06
218.33688699360337,1.1490595730711367e-06
218.5699039487727,1.2182797413479534e-06
218.80341880341882,1.3041526719314066e-06
219.0374331550802,1.3905164625253466e-06
219.27194860813702,1.4907666016855388e-06
219.5069667738478,1.64447507443157e-06
219.74248927038627,1.860482298966215e-06
219.97851772287862,2.0488748982350535e-06
220.21505376344086,2.1108059178607582e-06
220.45209903121636,2.1188285449918584e-06
220.68965517241378,2.2229548103474977e-06
220.92772384034518,2.4466904341727274e-06
221.16630669546436,2.6719278429782915e-06
221.4054054054054,2.8125066579149765e-06
221.64502164502164,2.9659586211289694e-06
221.88515709642468,3.246331205918352e-06
222.12581344902384,3.546287180392481e-06
222.36699239956567,3.731537853124424e-06
222.6086956521739,3.847108488420117e-06
222.85092491838955,4.015893998362436e-06
223.09368191721134,4.293923449370136e-06
223.3369683751363,4.614903896452521e-06
223.58078602620085,4.93759856076168e-06
223.82513661202185,5.318135954552662e-06
224.07002188183807,5.679793571811693e-06
224.31544359255204,5.957057443494104e-06
224.56140350877192,6.316819919239816e-06
224.80790340285398,6.815130044164997e-06
225.05494505494505,7.329721078288604e-06
225.30253025302528,7.740741178187022e-06
225.55066079295153,8.058755364066504e-06
225.79933847850054,8.583011249197997e-06
226.0485651214128,9.348334235138453e-06
226.29834254143645,1.0012861805957906e-05
226.54867256637166,1.0598511916025584e-05
226.79955703211516,1.119741762013196e-05
227.0509977827051,1.1812728112305528e-05
227.30299667036624,1.261845048902095e-05
227.55555555555554,1.3473253145246513e-05
227.80867630700777,1.4304105304614196e-05
228.06236080178175,1.5188540403292342e-05
228.31661092530658,1.587953335191234e-05
228.57142857142856,1.6760393613315253e-05
228.82681564245812,1.801328403157274e-05
229.082774049217,1.896964369438716e-05
229.33930571108624,1.9896637472041026e-05
229.59641255605382,2.1031281596160902e-05
229.8540965207632,2.2253315150302815e-05
230.1123595505618,2.385458369735205e-05
230.37120359955006,2.511623097824525e-05
230.6306306306306,2.6200996698562347e-05
230.89064261555805,2.7956469831948183e-05
231.1512415349887,2.940431513335056e-05
231.41242937853107,3.0896793784056555e-05
231.67420814479635,3.302548864542554e-05
231.9365798414496,3.4923346963627965e-05
232.19954648526078,3.7108848078781956e-05
232.46311010215663,3.88808981799963e-05
232.7272727272727,4.017373391331833e-05
232.9920364050057,4.2886455705578344e-05
233.25740318906605,4.5291490467461516e-05
233.52337514253134,4.722409667281177e-05
233.78995433789953,5.047523833915935e-05
234.05714285714288,5.298540820016446e-05
234.32494279176203,5.520739566314859e-05
234.59335624284074,5.831261500445045e-05
234.8623853211009,6.135095325864651e-05
235.13203214695753,6.540557284901623e-05
235.4022988505747,6.863178356526085e-05
235.67318757192174,7.095129770632744e-05
235.9447004608295,7.585015349877645e-05
236.2168396770473,8.000584787213614e-05
236.48960739030022,8.327435598560528e-05
236.76300578034682,8.900220992701406e-05
237.03703703703707,9.296194189096334e-05
237.3117033603708,9.667875416950873e-05
237.58700696055683,0.00010353339428823635
237.862950058072,0.00010906930657858257
238.13953488372093,0.0001139986061279806
238.41676367869616,0.00011887813164386194
238.69463869463866,0.00012291065703456838
238.97316219369893,0.00012997162970447803
239.25233644859816,0.00013554674769761664
239.53216374269007,0.00013895162375933938
239.81264637002343,0.00014804878532716163
240.0937866354044,0.00015511506461001102
240.37558685446012,0.00015968098277368135
240.65804935370153,0.0001713689897526544
240.94117647058823,0.00017941674057803572
241.2249705535924,0.0001877435082402948
241.50943396226415,0.00020330731865994938
241.79456906729635,0.00021315029158986445
242.080378250591,0.0002270531906367138
242.3668639053254,0.00024271240393957863
242.65402843601896,0.00024815918968410205
242.94187425860022,0.0002644060022280199
243.23040380047507,0.00027431857496724673
243.51961950059456,0.00026749017025764723
243.80952380952382,0.0002833940863318364
244.1001191895113,0.0002799189198060902
244.39140811455846,0.0002694522103542964
244.68339307048984,0.00028761436805726354
244.97607655502392,0.00028172659424474954
245.2694610778443,0.00030402976479798003
245.56354916067144,0.00033173961223004726
245.85834333733493,0.00035474716895453524
246.15384615384616,0.00043401002677241347
246.4500601684717,0.0004757339693161631
246.7469879518072,0.0005218369175168816
247.04463208685164,0.0006429007036788817
247.34299516908212,0.0006913068550011981
247.6420798065296,0.0006450385487106961
247.9418886198547,0.0007609744011478425
248.24242424242422,0.0007000389644469874
248.54368932038832,0.0006236635225979859
248.8456865127582,0.0005043738610918569
249.14841849148416,0.0003909928205336938
249.45188794153472,0.0004157799651716659
249.75609756097558,0.0001311355459280126
250.06105006105005,0.00024500390855569887
250.36674816625916,0.00044496562262848286
250.6731946144431,0.0003018597183815762
250.98039215686276,0.0009902636964752838
251.2883435582822,0.0015711666193109536
251.5970515970516,0.001916888432927648
251.90651906519062,0.0015822949885742632
252.21674876847288,0.0038101481291474325
252.52774352651045,0.0038145043961889434
252.8395061728395,0.003105340236000518
253.15203955500616,0.002510929763731272
253.46534653465346,0.0038537569044538277
253.7794299876084,0.00429600432212402
254.09429280397023,0.0008678926908582169
254.40993788819875,0.0011666585554280867
254.726368159204,0.00031543581306716744
255.04358655043586,0.0027037007028848986
255.36159600997507,0.005887720604031707
255.6803995006242,0.0010897517473857628
255.99999999999997,0.0013977539452321734
256.3204005006258,0.01000661829966761
256.64160401002505,0.026081943896387953
256.9636135508155,0.010791379126261552
257.286432160804,0.004175295738098934
257.61006289308176,0.030933156706554416
257.9345088161209,0.039281062308351884
258.2597730138714,0.0220570657702992
258.5858585858586,0.005429871211407641
258.91276864728195,0.038067467293678825
259.24050632911394,0.023090988041269196
259.5690747782003,0.035557651022984284
259.8984771573604,0.03962793889808931
260.22871664548916,0.011650591833689876
260.55979643765903,0.020163131985472753
260.89171974522293,0.1369479544570508
261.2244897959184,0.12656680364862252
261.5581098339719,0.014943551803342447
261.89258312020456,0.0500414953370604
262.2279129321382,0.4230304924982468
262.56410256410254,0.288826524481222
262.9011553273428,0.03353066056416322
263.2390745501285,0.09821673942011139
263.5778635778636,0.6942985599958004
263.91752577319585,0.3975024344535426
264.258064516129,0.1167916568492174
264.59948320413434,0.12782582412008783
264.9417852522639,0.9101799913350959
265.2849740932642,0.3336669203242958
265.6290531776913,0.13286800881037936
265.974025974026,0.16882750118308823
266.3198959687906,1.2097005750822525
266.66666666666663,0.5090487294037861
267.01434159061273,0.0659594503949566
267.3629242819843,0.3273424374476489
267.7124183006536,0.6000597198188548
268.0628272251309,0.10155536615181139
268.41415465268676,0.03295143502026234
268.76640419947506,0.13657762858855346
269.119579500657,0.0511874376601992
269.47368421052636,0.0017488456615523172
269.82872200263506,0.055976938767850086
270.1846965699208,0.008432839244605377
270.5416116248349,0.09231324995116913
270.8994708994709,0.22700792995255706
271.25827814569533,0.27121445372969566
271.6180371352785,0.04589960012260455
271.97875166002655,0.05501005501273857
272.3404255319149,0.07512895402814736
272.70306258322233,0.08701943276589531
273.06666666666666,0.02991217202466561
273.4312416555407,0.0475329986730265
273.7967914438503,0.023130061154609614
274.1633199464525,0.11760283367891239
274.5308310991957,0.03983173819745548
274.8993288590604,0.032593455006612725
275.26881720430106,0.06078307465403474
275.6393001345895,0.020618396355888597
276.010781671159,0.01120096417820669
276.3832658569501,0.004648758896585698
276.7567567567567,0.002306014493057353
277.1312584573748,0.016457943060756274
277.50677506775065,0.01709485033035929
277.88331071913166,0.022385742132156747
278.2608695652174,0.01965337895967302
278.6394557823129,0.014149585036214852
279.01907356948226,0.016306657488964208
279.39972714870396,0.00600167652188409
279.78142076502735,0.007006094720748802
280.1641586867305,0.00654676668398662
280.54794520547944,0.0031395628315474826
280.93278463648835,0.00665618421741307
281.31868131868134,0.006220390920333551
281.70563961485556,0.004882278987444035
282.0936639118457,0.007604046387195192
282.48275862068965,0.004461050929061299
282.8729281767956,0.004553046088309731
283.2641770401106,0.004509507997577628
283.6565096952908,0.0024571208655631686
284.0499306518724,0.003325961440808209
284.44444444444446,0.002676178861812604
284.84005563282335,0.0019937326078966204
285.2367688022284,0.0028138402019957224
285.63458856345886,0.0018552761611901327
286.0335195530726,0.0018674464575961218
286.43356643356645,0.002074801345849161
286.8347338935574,0.0011565668102783704
287.23702664796633,0.001516477068568731
287.6404494382022,0.0012338566079164376
288.0450070323488,0.000787006947266654
288.4507042253521,0.0011706553490691111
288.85754583921016,0.0007050105339513978
289.2655367231638,0.0006744766193113411
289.6746817538897,0.000836045740893074
290.08498583569406,0.0004162169970214501
290.49645390070924,0.0005953653477545562
290.9090909090909,0.0005122731530596824
291.32290184921766,0.00028488807966084515
291.73789173789174,0.0004774842007491994
292.15406562054204,0.00028064488667708037
292.57142857142856,0.00024316373258399544
292.9899856938483,0.0003445780905218111
293.4097421203438,0.00015197849150116628
293.83070301291247,0.0002254742674797732
294.2528735632184,0.00021833935705207414
294.67625899280574,9.874902872203781e-05
295.1008645533141,0.00019610444873226413
295.52669552669556,0.00012028406264059531
295.9537572254335,8.634565470219368e-05
296.3820549927641,0.00015066952195484667
296.81159420289856,6.132298616558113e-05
297.2423802612482,8.695688607356341e-05
297.6744186046512,9.929420434504038e-05
298.1077147016012,3.549852330335054e-05
298.54227405247815,8.195568794806723e-05
298.978102189781,5.6238190939838084e-05
299.41520467836256,3.087474775251426e-05
299.8535871156662,6.726784683264777e-05
300.2932551319648,2.7760813265453416e-05
300.73421439060206,3.348651700139843e-05
301.17647058823525,4.6898132925168374e-05
301.620029455081,1.3510089399472167e-05
302.06489675516224,3.38253114037642e-05
302.5110782865583,2.741006388058945e-05
302.95857988165676,1.0554030399771773e-05
303.4074074074074,3.054354616159719e-05
303.85756676557867,1.3296643436644876e-05
304.30906389301634,1.2027376624342519e-05
304.7619047619047,2.2339435102883404e-05
305.2160953800298,5.90597699806373e-06
305.6716417910448,1.3724887487384705e-05
306.1285500747384,1.3882381768367817e-05
306.58682634730536,3.652255503989364e-06
307.0464767616192,1.3119482947074677e-05
307.5075075075075,6.758158892587771e-06
307.96992481203006,3.969850521272283e-06
308.433734939759,1.0268992776821101e-05
308.8989441930618,2.8830686500839032e-06
309.3655589123867,5.1001309676902496e-06
309.83358547655064,6.7628912964760095e-06
310.3030303030303,1.2673452624651983e-06
310.7738998482549,5.367335005597111e-06
311.2462006079027,3.553525820770128e-06
311.7199391171994,1.160256833236319e-06
312.1951219512195,4.782607673999074e-06
312.67175572519085,1.4541376775022293e-06
313.1498470948012,1.722789536506952e-06
313.6294027565084,3.2170290398277768e-06
314.11042944785277,4.957687898346322e-07
314.5929339477727,2.0666373548757275e-06
315.0769230769231,1.8742946362324153e-06
315.5624036979969,3.5526456025174194e-07
316.04938271604937,1.9173800234942095e-06
316.53786707882534,8.174356355692273e-07
317.0278637770898,5.353688061539226e-07
317.5193798449612,1.4520007474024218e-06
318.0124223602484,2.564169945792973e-07
318.50699844479004,7.537724404340831e-07
319.0031152647975,8.691249926613867e-07
319.5007800312012,7.125356497115765e-08
320.0,7.585114709849976e-07
320.5007824726134,4.626230034755795e-07
321.0031347962382,1.336795817609827e-07
321.5070643642072,6.30012273484285e-07
322.0125786163522,1.6890314917489428e-07
322.5196850393701,2.3219596117248348e-07
323.02839116719235,4.7050283748804954e-07
323.5387045813586,4.3079807868998855e-08
324.0506329113924,3.062187936637263e-07
324.56418383518223,2.496357903481141e-07
325.07936507936506,2.746217996102262e-08
325.59618441971384,2.7785144316730125e-07
326.11464968152865,9.811672002266314e-08
326.63476874003186,6.430014461936392e-08
327.15654952076676,1.9381155824184286e-07
327.68,2.0957510977876338e-08
328.2051282051282,9.820954232750357e-08
328.7319422150882,1.1194257047697631e-07
329.2604501607717,7.482625499365635e-12
329.7906602254429,9.367346588858293e-08
330.3225806451613,6.842825957695286e-08
330.8562197092084,1.4075998379697364e-08
331.3915857605178,9.187994649808349e-08
331.9286871961102,1.641727310240464e-08
332.46753246753246,3.0272555507373625e-08
333.0081300813008,4.989510604715452e-08
333.5504885993485,3.6936865797498965e-09
334.094616639478,4.685608359136767e-08
334.640522875817,2.2810298494796678e-08
335.18821603927984,4.506719427484259e-10
335.73770491803276,3.507344214591067e-08
336.28899835796386,1.1157437888474412e-08
336.8421052631579,3.6716538533340237e-09
337.3970345963756,3.550115376861278e-08
337.95379537953795,1.8290980659695866e-09
338.51239669421483,1.0114542958470123e-08
339.07284768211923,1.9464486235755396e-08
339.63515754560524,5.619802328093008e-10
340.19933554817277,9.624131318800428e-09
340.765391014975,7.63604321922753e-09
341.3333333333333,6.075124426160353e-10
341.9031719532554,1.5037829926679754e-08
342.4749163879599,1.3358732348652863e-09
343.04857621440533,9.68838474631326e-10
343.6241610738255,1.255297861501583e-08
344.2016806722689,1.1526384338268406e-10
344.7811447811448,2.7368648609237276e-09
345.362563237774,4.919173003283561e-09
345.94594594594594,9.034433186462235e-10
346.5313028764805,3.6810086869146296e-09
347.11864406779665,3.0186411592471155e-09
347.70797962648555,5.771206410793592e-10
348.29931972789115,3.4595214247809395e-09
348.8926746166951,4.653910430233201e-09
349.4880546075085,3.74735797482101e-09
350.0854700854701,3.881353897832526e-09
350.6849315068493,4.07074984599436e-10
351.286449399657,3.4594147158146995e-09
351.89003436426117,1.480482807292837e-09
352.4956970740103,3.829812370965194e-10
353.10344827586204,1.474378221015133e-09
353.71329879101904,1.5887169496803389e-09
354.3252595155709,9.738925766628035e-10
354.93934142114387,1.1161926447044773e-09
355.55555555555554,1.1002291205251156e-09
356.17391304347825,3.31619495538693e-10
356.794425087108,2.1865054870345617e-09
357.4171029668411,4.5168679019554854e-10
358.04195804195797,1.5343996250019888e-09
358.6690017513135,2.6596825068702743e-09
359.29824561403507,1.1850196591554972e-11
359.9297012302285,3.73346179197976e-09
360.5633802816901,9.782859240481777e-11
361.1992945326279,6.845752382529353e-10
361.8374558303887,6.429667270724525e-10
362.4778761061947,8.322029307159211e-10
363.1205673758865,4.2574117402771793e-10
363.76554174067496,1.3979490548351296e-09
364.4128113879003,5.071602551316458e-10
365.0623885918003,4.508086085769515e-10
365.7142857142857,9.571502293443923e-10
366.3685152057245,5.690331411039302e-10
367.02508960573476,2.2709851557063116e-10
367.68402154398564,5.564592414618603e-10
368.3453237410072,3.1022457346842903e-10
369.009009009009,4.8613369825963307e-11
369.67509025270755,4.667962478983755e-10
370.3435804701627,6.567075792069002e-11
371.0144927536232,9.106535955127021e-10
371.68784029038113,8.220499083240357e-10
372.3636363636364,4.6181680608588e-10
373.0418943533697,3.649167044045737e-10
373.7226277372263,1.8297380223388002e-10
374.4058500914077,4.368887208938434e-11
375.09157509157507,3.366281511427295e-11
375.77981651376143,4.620286934774315e-11
376.47058823529414,3.549543436382242e-10
377.1639042357274,2.6455937977440013e-10
377.8597785977859,1.4370439027688994e-10
378.5582255083179,8.168542636281609e-10
379.25925925925924,1.8928992908162956e-09
379.96289424860856,3.999819714030569e-10
380.6691449814126,8.922309252530952e-10
381.37802607076355,1.385600310637565e-09
382.089552238806,3.4222003640404746e-10
382.803738317757,1.230470546072038e-09
383.5205992509363,9.908039420712236e-10
384.24015009380867,1.2028551105307392e-09
384.96240601503763,1.3210398335973446e-10
385.6873822975518,4.3841608989317337e-10
386.4150943396226,3.2655169523863357e-10
387.14555765595463,2.118390018307349e-10
387.8787878787879,1.0420180213735683e-09
388.6148007590133,6.91863567378267e-10
389.35361216730035,5.479503804312961e-10
390.09523809523813,6.431901284379545e-10
390.8396946564886,1.857179955801743e-10
391.5869980879541,5.585844547693119e-10
392.3371647509578,4.433246642150669e-11
393.0902111324376,6.716420265474484e-11
393.84615384615387,3.5641877515483494e-10
394.6050096339113,3.734581708591585e-10
395.3667953667953,1.2605369975782e-09
396.1315280464217,1.3881643497152772e-09
396.8992248062015,3.5483150884116624e-10
397.6699029126213,3.410105013183924e-10
398.4435797665369,1.1924056636861932e-09
399.22027290448347,1.7613240373303033e-10
400.0,7.087120008725387e-10
400.7827788649706,7.241677261845274e-11
401.56862745098044,2.5294908987712947e-09
402.35756385068765,1.8304444948940983e-09
403.1496062992126,4.1889310260073494e-10
403.9447731755424,4.109531864212328e-10
404.7430830039526,4.723119105586639e-10
405.54455445544556,2.9260254323254237e-09
406.3492063492063,2.0598305595047156e-09
407.1570576540755,2.318222851216015e-09
407.9681274900399,1.6744988252951145e-10
408.7824351297405,2.0021308258471895e-09
409.59999999999997,2.1388005514898018e-09
410.4208416833667,3.0763733813849315e-09
411.24497991967877,5.476196317468131e-09
412.07243460764585,6.505008649177345e-09
412.9032258064516,3.3037139961618865e-09
413.7373737373737,7.424777287912841e-09
414.57489878542515,3.5173754787645555e-09
415.4158215010142,6.3809824462041505e-09
416.260162601626,3.257027280647652e-09
417.10794297352334,7.86517236883231e-09
417.9591836734694,5.835775287256564e-09
418.81390593047036,9.049275562532256e-09
419.67213114754094,6.053066349609662e-09
420.53388090349074,5.714704837658969e-09
421.3991769547325,1.1150487776727841e-08
422.2680412371134,1.0635871834452422e-08
423.1404958677686,1.1234048578075754e-08
424.0165631469979,1.2837906713628058e-08
424.896265560166,1.7151932978994376e-08
425.77962577962575,2.1508830307755614e-08
426.6666666666667,1.6551106645765658e-08
427.5574112734864,2.609132293602195e-08
428.45188284518827,1.9985056521265956e-08
429.3501048218029,3.3331785748392934e-08
430.25210084033614,3.2288256061737664e-08
431.1578947368421,5.468766320447369e-08
432.06751054852316,4.184042597969247e-08
432.98097251585625,5.4467845934972585e-08
433.8983050847458,4.932506638911041e-08
434.81953290870484,6.636907984301736e-08
435.74468085106383,7.486020697209784e-08
436.67377398720674,6.485872605160128e-08
437.60683760683764,8.417330825649892e-08
438.54389721627405,8.902050280393977e-08
439.48497854077254,1.0568542316446253e-07
440.4301075268817,1.0926675927307287e-07
441.37931034482756,1.2614261504012162e-07
442.3326133909287,1.379103539831286e-07
443.2900432900433,1.5505490833749034e-07
444.2516268980477,1.596199248082108e-07
445.2173913043478,1.753428384476332e-07
446.1873638344227,1.961553929078432e-07
447.1615720524017,1.986278104042194e-07
448.14004376367615,2.0498585719984145e-07
449.12280701754383,2.598710146843781e-07
450.1098901098901,2.4879565644077744e-07
451.10132158590307,2.6562352456734764e-07
452.0971302428256,3.010075004353535e-07
453.0973451327433,2.827038513482462e-07
454.1019955654102,3.133262788315358e-07
455.1111111111111,3.472614153904355e-07
456.1247216035635,3.242103494498923e-07
457.1428571428571,3.5611826785570995e-07
458.165548098434,3.554639430317109e-07
459.19282511210764,3.1601783750180374e-07
460.2247191011236,3.6067687615030994e-07
461.2612612612612,3.1737014192494195e-07
462.3024830699774,3.1640441558531494e-07
463.3484162895927,3.5956433927247196e-07
464.39909297052156,2.925566043373613e-07
465.4545454545454,3.0852008438130263e-07
466.5148063781321,3.21256819209606e-07
467.57990867579906,2.657595595532763e-07
468.64988558352405,3.2314578510403263e-07
469.7247706422018,3.0447731926248953e-07
470.8045977011494,3.082379855756139e-07
471.889400921659,4.4863175506966886e-07
472.97921478060044,4.806080640918494e-07
474.07407407407413,6.877557631157575e-07
475.17401392111367,8.725999244523508e-07
476.27906976744185,1.087912700420573e-06
477.3892773892773,1.602664677200092e-06
478.5046728971963,2.073412619474523e-06
479.62529274004686,2.671812586991232e-06
480.75117370892025,3.997054032527823e-06
481.88235294117646,4.8047564582269425e-06
483.0188679245283,6.41269702186612e-06
484.160756501182,9.009536255138771e-06
485.3080568720379,1.0464984138405988e-05
486.46080760095015,1.4192176516138061e-05
487.61904761904765,1.846116791910504e-05
488.7828162291169,2.1672029205868967e-05
489.95215311004785,2.8979437836233786e-05
491.1270983213429,3.633405571329081e-05
492.3076923076923,4.245586628606806e-05
493.4939759036144,5.6372885103590296e-05
494.68599033816423,6.721515514539031e-05
495.8837772397094,8.057492172435447e-05
497.08737864077665,0.00010367644238591074
498.29683698296833,0.00012128315062170151
499.51219512195115,0.0001453080705918372
500.7334963325183,0.0001838919886534489
501.9607843137255,0.0002113056034855025
503.1941031941032,0.00025653045767956253
504.43349753694577,0.0003135134373012016
505.679012345679,0.00035852188807709466
506.9306930693069,0.0004369853434363654
508.18858560794047,0.0005212471577085386
509.452736318408,0.0005971400049788469
510.72319201995015,0.0007257783648214999
511.99999999999994,0.0008483498073228498
513.2832080200501,0.0009753819762273934
514.572864321608,0.0011749542617628414
515.8690176322418,0.0013527386631342552
517.1717171717172,0.0015636593052529067
518.4810126582279,0.0018598173823947638
519.7969543147208,0.0021286148713181795
521.1195928753181,0.002455213645678119
522.4489795918367,0.002892575829964254
523.7851662404091,0.0032905850468708986
525.1282051282051,0.003785995843537778
526.478149100257,0.004428272464992889
527.8350515463917,0.005007437593473455
529.1989664082687,0.005742286515951969
530.5699481865284,0.0066845798391866615
531.948051948052,0.007502814091150768
533.3333333333333,0.00859175329331346
534.7258485639686,0.009958160204268155
536.1256544502618,0.011056379170323255
537.5328083989501,0.01270650728466794
538.9473684210527,0.014618606269954934
540.3693931398416,0.016068018721508537
541.7989417989418,0.018605412096736926
543.236074270557,0.021127125002828196
544.6808510638298,0.023084199472411703
546.1333333333333,0.026971321525619447
547.5935828877006,0.030013750395585695
549.0616621983914,0.03289944706892454
550.5376344086021,0.0386132191070357
552.021563342318,0.04199880125046383
553.5135135135134,0.046640601151258725
555.0135501355013,0.054477536966678695
556.5217391304348,0.058051284104469934
558.0381471389645,0.06572402783401422
559.5628415300547,0.07557751800903398
561.0958904109589,0.0795503031179404
562.6373626373627,0.09196833661454505
564.1873278236914,0.10307752067509697
565.7458563535912,0.10849527950058802
567.3130193905816,0.12735621427343657
568.8888888888889,0.13840229410668467
570.4735376044569,0.14768376547611328
572.0670391061452,0.1739483314291822
573.6694677871149,0.1835240175543013
575.2808988764044,0.20058375293477013
576.9014084507043,0.23378950722256184
578.5310734463276,0.24135994060327084
580.1699716713881,0.271290525700568
581.8181818181818,0.30893002425558347
583.4757834757835,0.31613001397705326
585.1428571428571,0.3641580575825809
586.8194842406876,0.40182775459393083
588.5057471264367,0.41362698753030885
590.2017291066282,0.48325432020379366
591.907514450867,0.5159009622284445
593.6231884057971,0.5408994423724254
595.3488372093024,0.6322705205799235
597.0845481049563,0.6562333178780816
598.8304093567251,0.7055979186842917
600.5865102639297,0.8149746421394662
602.3529411764705,0.8300586080837764
604.1297935103245,0.9152673598559921
605.9171597633135,1.0359399907095277
607.7151335311573,1.045867586326554
609.5238095238094,1.177634130435592
611.3432835820896,1.301600724179917
613.1736526946107,1.3128091830649717
615.015015015015,1.5020416089380642
616.867469879518,1.6192936767133197
618.7311178247734,1.640334900062776
620.6060606060606,1.9008382133412056
622.4924012158054,1.9941969597356812
624.390243902439,2.0401236262959466
626.2996941896024,2.388130624444461
628.2208588957055,2.4249089931083287
630.1538461538462,2.530213024956301
632.0987654320987,2.9733972871157612
634.0557275541796,2.903675228070825
636.0248447204968,3.141517313978816
638.006230529595,3.651798106209356
640.0,3.428919918810907
642.0062695924764,3.922766835214537
644.0251572327044,4.400813870077451
646.0567823343847,4.0329593722185875
648.1012658227849,4.935963420246702
650.1587301587301,5.1839200836602375
652.2292993630573,4.809024129556402
654.3130990415335,6.217580405838527
656.4102564102564,5.954652085912604
658.5209003215434,5.889162524071045
660.6451612903226,7.69487065919282
662.7831715210356,6.641780784587336
664.9350649350649,7.3636351777445705
667.100977198697,9.10186387339279
669.281045751634,7.179672886940503
671.4754098360655,9.2317485545259
673.6842105263158,10.06836177004077
675.9075907590759,7.764142164111338
678.1456953642385,11.476027050016045
680.3986710963455,10.636827996026232
682.6666666666666,9.156400812306831
684.9498327759198,14.368228124772413
687.248322147651,11.744887860670438
689.5622895622896,12.473719911810289
691.8918918918919,18.489424015333498
694.2372881355933,13.931981635444743
696.5986394557823,18.415012018219848
698.976109215017,22.50561715871647
701.3698630136986,14.956971378101054
703.7800687285223,26.119195373516842
706.2068965517241,20.09461952682919
708.6505190311418,13.478115662273492
711.1111111111111,27.153128050551242
713.588850174216,10.743689288346923
716.0839160839159,10.468595829975042
718.5964912280701,19.599705017944057
721.1267605633802,10.92370843922264
723.6749116607774,11.68608116659779
726.241134751773,32.92785084577558
728.8256227758006,48.36737367855333
731.4285714285714,36.713552543109394
734.0501792114695,89.86428074333145
736.6906474820144,89.68542625150391
739.3501805054151,222.32137823892432
742.0289855072464,67.77806779008769
744.7272727272727,97.11302476761622
747.4452554744526,375.3370921953795
750.1831501831501,178.221042310451
752.9411764705883,70.04617596979391
755.7195571955718,5.758081684557287
758.5185185185185,414.79126545765433
761.3382899628252,370.46665126266504
764.179104477612,153.08141666854084
767.0411985018726,289.9284332949533
769.9248120300753,632.0465911340788
772.8301886792452,1817.9109595793193
775.7575757575758,2223.6311524764956
778.7072243346007,2471.0213630780763
781.6793893129772,2637.5120566313926
784.6743295019156,1458.3375271208806
787.6923076923077,9161.300153386186
790.7335907335906,8083.855853232416
793.798449612403,4709.7041460085675
796.8871595330738,2611.6500830344394
800.0,4867.821570871775
803.1372549019609,128.52648959180448
806.2992125984252,818.3366414454898
809.4861660079052,1278.4375316725125
812.6984126984127,11795.611829940635
815.9362549800798,7816.4086952926045
819.1999999999999,2103.298587636142
822.4899598393575,2034.2551534514653
825.8064516129032,3220.300321619791
829.1497975708503,998.2487499114942
832.520325203252,84.66097849183524
835.9183673469388,389.08788543648336
839.3442622950819,317.2538880518072
842.798353909465,152.05879095728034
846.2809917355372,64.5698592987357
849.792531120332,188.7737146522628
853.3333333333334,297.05744932390644
856.9037656903765,121.82232853736642
860.5042016806723,268.3168528347046
864.1350210970463,52.53800182935558
867.7966101694916,109.13819057082003
871.4893617021277,76.42563378895606
875.2136752136753,4.339209800864679
878.9699570815451,57.27831697137948
882.7586206896551,32.46920052799719
886.5800865800866,9.740105783270685
890.4347826086956,44.8209763439661
894.3231441048034,11.055639356359833
898.2456140350877,15.512810589237338
902.2026431718061,24.42134227844019
906.1946902654867,1.8090291493620227
910.2222222222222,13.077308615690741
914.2857142857142,9.553445155772714
918.3856502242153,0.8272115705206377
922.5225225225224,9.58689146642883
926.6968325791854,3.367010226057736
930.9090909090908,1.7638810540316348
935.1598173515981,6.406702541903023
939.4495412844036,0.6794489954168648
943.778801843318,2.4264825235032594
948.1481481481483,3.5425281228410315
952.5581395348837,0.010893239381103753
957.0093457943926,2.4030591789006777
961.5023474178405,1.669011827206704
966.0377358490566,0.13291987458116203
970.6161137440758,1.9851468536290873
975.2380952380953,0.6127310413009618
979.9043062200957,0.42137574833277097
984.6153846153846,1.390317933949814
989.3719806763285,0.13861631105953137
994.1747572815533,0.6097471799201378
999.0243902439023,0.8204587372851827
1003.921568627451,0.02424741608633289
1008.8669950738915,0.6312228790638388
1013.8613861386139,0.3953098160248602
1018.905472636816,0.07242205705240287
1023.9999999999999,0.5239425160817114
1029.145728643216,0.14376533290671673
1034.3434343434344,0.15031115260352804
1039.5939086294416,0.3606774744259293
1044.8979591836735,0.0362754048190392
1050.2564102564102,0.19215590733397225
1055.6701030927834,0.2058497636814858
1061.139896373057,0.01723922251885141
1066.6666666666665,0.1851141240867656
1072.2513089005236,0.09446415752888339
1077.8947368421054,0.03425604008396602
1083.5978835978835,0.14496072817584874
1089.3617021276596,0.03277192289974516
1095.1871657754011,0.05307585552133042
1101.0752688172042,0.0946236514828769
1107.0270270270269,0.009269102614278909
1113.0434782608695,0.05933973019230879
1119.1256830601094,0.05125309140951949
1125.2747252747254,0.007016388998551919
1131.4917127071824,0.05264424481790013
1137.7777777777778,0.022305295983755805
1144.1340782122904,0.011921644218188714
1150.5617977528088,0.038847685342369896
1157.0621468926552,0.007394609021563348
1163.6363636363635,0.015897443737055032
1170.2857142857142,0.024227160612546435
1177.0114942528735,0.0022172307719344636
1183.815028901734,0.016283682525966986
1190.6976744186047,0.01267639354401253
1197.6608187134502,0.0019530796408923942
1204.705882352941,0.013658929711983585
1211.834319526627,0.005399098899833126
1219.0476190476188,0.003098947834747356
1226.3473053892214,0.009721416794977537
1233.734939759036,0.0017819857062586336
1241.2121212121212,0.003872754387973935
1248.780487804878,0.005944387019426453
1256.441717791411,0.0005248754814425245
1264.1975308641975,0.00380797744284403
1272.0496894409937,0.003109810189697189
1280.0,0.0004032775421250337
1288.0503144654087,0.003118095423570909
1296.2025316455697,0.0013619370964815638
1304.4585987261146,0.000607355116477504
1312.8205128205127,0.002197094439169622
1321.2903225806451,0.000482013284580693
1329.8701298701299,0.0007497994593541692
1338.562091503268,0.001351723000555508
1347.3684210526317,0.00014573123255666643
1356.291390728477,0.000733881102086187
1365.3333333333333,0.0007277413860652449
1374.496644295302,7.465036286749953e-05
1383.7837837837837,0.0006019774110163668
1393.1972789115646,0.0003397327915166525
1402.7397260273972,9.168376657336401e-05
1412.4137931034481,0.0004285069431167459
1422.2222222222222,0.00013604185004404012
1432.1678321678319,0.00011241940805593175
1442.2535211267605,0.0002698222101271927
1452.482269503546,4.78135570129243e-05
1462.857142857143,0.00011199370727788978
1473.3812949640287,0.00015184547037034462
1484.0579710144928,1.8785079865774324e-05
1494.890510948905,9.358769681922619e-05
1505.8823529411766,7.673469082563118e-05
1517.037037037037,1.3374778585412226e-05
1528.358208955224,6.8257749973795e-05
1539.8496240601505,3.509116089680203e-05
1551.5151515151515,1.3750399545193236e-05
1563.3587786259543,4.4470123585713006e-05
1575.3846153846155,1.4849425225705731e-05
1587.596899224806,1.3404413338092561e-05
1600.0,2.631687828078928e-05
1612.5984251968505,6.30347094161132e-06
1625.3968253968253,1.1322300071343425e-05
1638.3999999999999,1.4340662557134489e-05
1651.6129032258063,3.1676753949021994e-06
1665.040650406504,8.418353354350503e-06
1678.6885245901638,7.356246079794777e-06
1692.5619834710744,2.054635742908495e-06
1706.6666666666667,5.654687279279763e-06
1721.0084033613446,3.625008895258535e-06
1735.5932203389832,1.5470446539573849e-06
1750.4273504273506,3.4949139125149446e-06
1765.5172413793102,1.7982455072431391e-06
1780.8695652173913,1.1498945216867958e-06
1796.4912280701753,2.0271322245864475e-06
1812.3893805309733,9.250372283888629e-07
1828.5714285714284,8.002363330845125e-07
1845.0450450450448,1.1422692295078855e-06
1861.8181818181815,4.951505732808816e-07
1878.8990825688072,5.146763665578633e-07
1896.2962962962965,6.317279929480141e-07
1914.0186915887853,2.73162364017798e-07
1932.0754716981132,3.130644414165625e-07
1950.4761904761906,3.5389707257793543e-07
1969.2307692307693,1.4404906609842988e-07
1988.3495145631066,1.8829333443915723e-07
2007.843137254902,1.9751512549925872e-07
2027.7227722772277,7.163661742645112e-08
2047.9999999999998,1.1361493671986822e-07
2068.686868686869,1.0785980012375496e-07
2089.795918367347,3.1362048478878086e-08
2111.340206185567,7.192125710407735e-08
2133.333333333333,5.274822394370494e-08
2155.789473684211,1.4509939298752257e-08
2178.723404255319,4.4923989447838296e-08
2202.1505376344085,2.328987506952672e-08
2226.086956521739,8.4686052937168e-09
2250.5494505494507,2.7221159927421195e-08
2275.5555555555557,7.873298240267842e-09
2301.1235955056177,6.785988253941562e-09
2327.272727272727,1.517303823375741e-08
2354.022988505747,1.5732178949110188e-09
2381.3953488372094,6.260890708547787e-09
2409.411764705882,6.835755358907362e-09
2438.0952380952376,7.136356756362523e-11
2467.469879518072,4.684521436606196e-09
2497.560975609756,2.6366133713792e-09
2528.395061728395,3.69114377436907e-10
2560.0,3.115986681191327e-09
2592.4050632911394,5.457442551883713e-10
2625.6410256410254,8.240598628817548e-10
2659.7402597402597,1.563537957283331e-09
2694.7368421052633,4.3897876500389664e-11
2730.6666666666665,9.618786460806662e-10
2767.5675675675675,6.025098175312992e-10
2805.4794520547944,1.149374996920863e-10
2844.4444444444443,7.414653427335537e-10
2884.507042253521,9.69519916068337e-11
2925.714285714286,2.4215254934651876e-10
2968.1159420289855,3.6214643921840355e-10
3011.764705882353,5.434839115000859e-12
3056.716417910448,2.2939961418565436e-10
3103.030303030303,1.2242879766880482e-10
3150.769230769231,3.5569238485509685e-11
3200.0,1.4071560000143945e-10
3250.7936507936506,2.9540291641828426e-11
3303.2258064516127,4.439353839180749e-11
3357.3770491803275,6.26145249331996e-11
3413.3333333333335,7.318130711033199e-12
3471.1864406779664,3.3953462936256834e-11
3531.0344827586205,1.8357226500839172e-11
3592.9824561403507,1.2245539204204551e-11
3657.142857142857,1.3496054751601036e-11
3723.636363636363,9.031597299067333e-12
3792.592592592593,4.2364233848693526e-12
3864.1509433962265,6.923322238709008e-12
3938.4615384615386,5.725021386050695e-12
4015.686274509804,1.4811575042997808e-12
4095.9999999999995,2.393449433303781e-12
4179.591836734694,2.5886591895038393e-12
4266.666666666666,9.299349647598688e-13
4357.446808510638,1.5096113131456827e-12
4452.173913043478,1.0885591063645805e-12
4551.111111111111,4.692962389330228e-13
4654.545454545454,3.0676511250796916e-13
4762.790697674419,9.206762894194539e-14
4876.190476190475,2.63748031988568e-14
4995.121951219512,2.027702381491397e-14
5120.0,7.814101105063847e-15
5251.282051282051,1.622880782879877e-15
5389.473684210527,1.5030951095854741e-15
5535.135135135135,8.314785501622955e-16
5688.888888888889,1.6145322804129718e-16
5851.428571428572,1.1352736573158312e-16
6023.529411764706,8.668712446523513e-17
6206.060606060606,1.9223542815247594e-17
6400.0,1.0559598630082202e-17
6606.451612903225,1.0554170633155526e-17
6826.666666666667,2.340255352306473e-18
7062.068965517241,1.5863986256101666e-18
7314.285714285714,1.6767866802310894e-18
7585.185185185186,2.581343900243594e-19
7876.923076923077,3.9765984292999423e-19
