"Wavelength, nm",Intensity
136.44237175216523,8.116807777074688e-21
136.53333333333333,1.1056581709583497e-20
136.62441627751835,1.5181264430349856e-20
136.71562082777035,2.0974136042075093e-20
136.80694722778892,2.921170904355864e-20
136.89839572192514,4.1022852400678413e-20
136.98996655518394,5.802912072977651e-20
137.08165997322624,8.257096250878271e-20
137.17347622237108,1.161394695571078e-19
137.26541554959786,1.541202714637657e-19
137.35747820254863,1.7317247373233476e-19
137.4496644295302,1.25721748755622e-19
137.54197447951645,2.7909074066344025e-20
137.63440860215053,3.897325092237615e-19
137.72696704774717,3.534279498263174e-18
137.81965006729476,1.671951488532582e-17
137.9124579124579,5.823767121421249e-17
138.0053908355795,1.6760913785296946e-16
138.09844908968307,4.207057207922706e-16
138.19163292847506,9.516823020674765e-16
138.28494260634707,1.9838594106437677e-15
138.37837837837836,3.867793561186514e-15
138.47194050033806,7.122290854241748e-15
138.5656292286874,1.2494607208579515e-14
138.65944482058225,2.1049111970098838e-14
138.75338753387533,3.438857296365371e-14
138.84745762711862,5.4949235608762384e-14
138.94165535956583,8.639136990417886e-14
139.03598099117448,1.3402098744154276e-13
139.1304347826087,2.0529673038086617e-13
139.22501699524133,3.1063823514221917e-13
139.31972789115645,4.649304162719351e-13
139.4145677331518,6.881597729347672e-13
139.50953678474113,1.0060372833766794e-12
139.60463531015677,1.4499822411308688e-12
139.69986357435198,2.0557210121088807e-12
139.79522184300342,2.8652544986233613e-12
139.89071038251367,3.921425392469529e-12
139.98632946001365,5.259571770268445e-12
140.08207934336525,6.898967092614219e-12
140.17796030116358,8.8267039384829e-12
140.27397260273972,1.0998772672227677e-11
140.37011651816314,1.335981522604666e-11
140.46639231824417,1.583721374381625e-11
140.56280027453673,1.842407711672374e-11
140.65934065934067,2.124612280261152e-11
140.75601374570448,2.4721471021660072e-11
140.85281980742778,2.9750643124099513e-11
140.949759119064,3.7781570962691925e-11
141.04683195592284,5.087793333653167e-11
141.14403859407307,7.199969449129421e-11
141.24137931034483,1.0494358272907043e-10
141.33885438233264,1.5436684624140099e-10
141.4364640883978,2.251790492934297e-10
141.53420870767104,3.211505343164206e-10
141.6320885200553,4.446750085770678e-10
141.73010380622836,5.957152504144203e-10
141.8282548476454,7.707467188580277e-10
141.92654192654192,9.6252997052654e-10
142.0249653259362,1.1556831926712053e-09
142.1235253296322,1.3295828310334375e-09
142.22222222222223,1.4597599866725552e-09
142.32105628908963,1.5219808165694896e-09
142.42002781641168,1.4997080252023068e-09
142.51913709116212,1.3822312388124776e-09
142.6183844011142,1.1779268889993004e-09
142.7177700348432,9.212613905301688e-10
142.81729428172943,6.857488642459449e-10
142.91695743196092,5.958807287798672e-10
143.0167597765363,8.240132454498085e-10
143.11670160726763,1.605477157314774e-09
143.21678321678323,3.224846784694126e-09
143.31700489853043,6.0121917249540615e-09
143.4173669467787,1.0325666134991314e-08
143.5178696566223,1.6523370607067134e-08
143.61851332398317,2.498268068612729e-08
143.71929824561403,3.604762853056362e-08
143.8202247191011,4.99759276096574e-08
143.92129304286718,6.691889193215797e-08
144.0225035161744,8.684395571738398e-08
144.12385643912737,1.0963783950268543e-07
144.22535211267606,1.3519005446807278e-07
144.32699083861874,1.6325300841837323e-07
144.42877291960508,1.938270749899188e-07
144.530698659139,2.2699576622302214e-07
144.6327683615819,2.630484286458303e-07
144.73498233215545,3.0318484926756914e-07
144.83734087694484,3.4846425477471366e-07
144.9398443029016,4.0134254583105805e-07
145.04249291784703,4.6552032917481577e-07
145.14528703047483,5.449274522867882e-07
145.24822695035462,6.476261447270207e-07
145.35131298793468,7.811733758696725e-07
145.45454545454544,9.560277344406584e-07
145.55792466240226,1.187095912816642e-06
145.66145092460883,1.4834609479912032e-06
145.76512455516016,1.8627715490590382e-06
145.86894586894587,2.334623608836293e-06
145.9729151817534,2.904276326309943e-06
146.07703281027102,3.5904402009498616e-06
146.18129907209135,4.3843798062131005e-06
146.28571428571428,5.302853722850376e-06
146.39027877055037,6.350817306242128e-06
146.49499284692416,7.509397683083867e-06
146.59985683607732,8.811125003513844e-06
146.7048710601719,1.0203125097037547e-05
146.8100358422939,1.1678556033976311e-05
146.91535150645623,1.3232810809927473e-05
147.0208183776023,1.4771213709222317e-05
147.1264367816092,1.6390543853163043e-05
147.23220704529115,1.8039730670654357e-05
147.33812949640287,1.9777011044056735e-05
147.4442044636429,2.1787218856424638e-05
147.55043227665706,2.3968060077520478e-05
147.6568132660418,2.6582603281830403e-05
147.76334776334778,2.961058944477611e-05
147.87003610108303,3.293473541530576e-05
147.97687861271675,3.692001009638068e-05
148.08387563268258,4.115859983927989e-05
148.19102749638205,4.5961897910351394e-05
148.29833454018825,5.155529115266968e-05
148.40579710144928,5.741699767605486e-05
148.51341551849166,6.455626349978393e-05
148.6211901306241,7.204792531166138e-05
148.72912127814087,7.985646323837084e-05
148.8372093023256,8.825335688215601e-05
148.94545454545454,9.509399751303024e-05
149.0538573508006,0.000101781511581353
149.16241806263656,0.00010706575425719166
149.27113702623907,0.00011059810063732288
149.38001458789202,0.00011527982701194396
149.4890510948905,0.00011794857159067893
149.59824689554418,0.00012210693618644827
149.70760233918128,0.00012645639957467144
149.81711777615214,0.00012836196815463184
149.9267935578331,0.00013231288005488074
150.03663003663004,0.00013218237394096123
150.1466275659824,0.00013183708822550835
150.25678650036684,0.00013301559112854607
150.36710719530103,0.00013103558712458956
150.47759000734754,0.00013530290951428738
150.58823529411762,0.0001398733695688345
150.69904341427517,0.00014454189638889135
150.8100147275405,0.000155831388015423
150.92114959469419,0.00015642868392501904
151.03244837758112,0.00015947662841920413
151.1439114391144,0.00015507902801975023
151.25553914327915,0.0001407452017553795
151.3673318551367,0.00013305226823539943
151.47928994082838,0.00011652155495854677
151.59141376757958,0.000107063800955211
151.7037037037037,0.00010275997849983178
151.81616011860638,8.936142011740339e-05
151.92878338278933,8.668924345777698e-05
152.04157386785448,7.315657022053327e-05
152.15453194650817,5.614797737417767e-05
152.26765799256503,5.0408490089310845e-05
152.38095238095235,3.361053531404607e-05
152.4944154877141,2.846520543294813e-05
152.6080476900149,2.8083061500618866e-05
152.72184936614468,2.3790724154415937e-05
152.8358208955224,3.4729076526948284e-05
152.9499626587005,4.651007482273171e-05
153.0642750373692,5.761999055884566e-05
153.1787584143605,8.881501998991816e-05
153.29341317365268,9.455569524278639e-05
153.40823970037454,9.637175773621968e-05
153.5232383808096,0.00010849786714627459
153.6384096024006,7.019497264236818e-05
153.75375375375376,7.411728157656925e-05
153.86927122464311,5.5490857557699466e-05
153.98496240601503,5.475330079361048e-05
154.10082768999246,8.402868081885004e-05
154.2168674698795,9.606110386368213e-05
154.33308214016577,0.00014422950285461594
154.4494720965309,0.00019171428843172978
154.56603773584905,0.00018242851119728854
154.68277945619334,0.00020293811308601432
154.79969765684052,0.00017539449435395469
154.91679273827532,0.00010671018521032018
155.0340651021953,0.00012598877843517244
155.15151515151516,6.751381690346896e-05
155.2691432903715,0.00015258296151954393
155.38694992412746,0.00012819772097487556
155.50493545937738,0.00017168677562707238
155.62310030395136,0.0001690334027102994
155.74144486692012,0.00011261549958624365
155.8599695585997,8.091541851233992e-05
155.97867479055597,5.975985144861301e-05
156.09756097560975,3.684158603110252e-05
156.21662852784135,1.55394842138684e-05
156.33587786259542,3.279889219350647e-05
156.45530939648586,1.013039030679497e-05
156.5749235474006,0.00011032790995468776
156.69472073450652,9.554657186888693e-05
156.8147013782542,0.00026950837327378423
156.93486590038313,0.0002960330938359343
157.05521472392638,0.0002517065932174227
157.17574827321565,0.0002538493860513373
157.29646697388634,0.00011355839959141833
157.4173712528824,7.679514954088484e-05
157.53846153846155,4.359002046377685e-05
157.65973826020013,4.4082456400618466e-05
157.78120184899845,8.856452824253915e-05
157.9028527370856,6.25511706826827e-05
158.02469135802468,4.5824299025826616e-05
158.14671814671814,0.00010180490988585106
158.26893353941267,8.443499380279234e-05
158.39133797370457,0.00011519120214289537
158.5139318885449,0.0001470690563655532
158.63671572424477,6.438296384843495e-05
158.7596899224806,0.0001291434289001216
158.88285492629947,0.00014331019427044195
159.0062111801242,0.00018899838964272177
159.12975912975912,0.0002629851011973704
159.25349922239502,0.0002463269479634819
159.37743190661476,0.0004498224454368734
159.50155763239874,0.00028272869628073575
159.62587685113016,0.00010718284762644185
159.7503900156006,3.340940648649894e-05
159.87509758001562,4.166920426124745e-05
160.0,0.00011040118626064858
160.12509773260362,6.848419849918264e-05
160.2503912363067,0.00014962116518907827
160.37588097102582,0.00014979618790443352
160.5015673981191,9.600888569243994e-05
160.62745098039213,0.0001268827232266759
160.7535321821036,0.00012243174623101212
160.87981146897093,0.00010407825782195449
161.0062893081761,0.0001631887462456314
161.13296616837135,0.00010094283714106332
161.25984251968504,0.00019154281969420157
161.38691883372735,0.00013116199212771058
161.51419558359618,0.00018649049334695252
161.64167324388316,0.00016062067256180845
161.7693522906793,9.278896496007894e-05
161.89723320158103,0.00011089952673357845
162.0253164556962,7.371295674673903e-05
162.15360253365006,0.00010362769069942805
162.28209191759112,9.369300021410238e-05
162.41078509119745,6.612678830232795e-05
162.53968253968253,2.1729596026588566e-05
162.66878474980143,3.263075695863439e-05
162.79809220985692,0.00014662060027952414
162.92760540970565,0.00035559538826275533
163.05732484076432,0.0003591694874502004
163.18725099601593,0.000347041870625711
163.31738437001593,0.00014009388658924103
163.44772545889865,2.3647428310118887e-05
163.57827476038338,1.4260380813410186e-05
163.709032773781,0.00011162959724865622
163.84,0.00019544436715469824
163.97117694155327,0.00027693456799634495
164.1025641025641,0.00026975377012703405
164.23416198877305,0.0002461810394044551
164.3659711075441,0.00014843385712905345
164.49799196787149,5.707519972515932e-05
164.63022508038586,2.2243998109446086e-05
164.76267095736122,6.707516631159662e-05
164.89533011272144,0.0001507128811450093
165.02820306204674,0.00022701080697750992
165.16129032258064,0.00023968592501636223
165.29459241323647,0.00017850367316660083
165.4281098546042,0.00010939745319860612
165.56184316895713,4.753151430314417e-05
165.6957928802589,2.9407417627538334e-05
165.82995951417004,4.256766039440101e-05
165.9643435980551,7.863549997085575e-05
166.09894566098947,0.00010992197383357498
166.23376623376623,0.0001351879260091628
166.36880584890332,0.00012434910530837012
166.5040650406504,0.00010801935997027598
166.63954434499593,7.821557704290983e-05
166.77524429967426,6.978852561396363e-05
166.9111654441728,7.194568448271826e-05
167.047308319739,9.049872393328513e-05
167.18367346938777,0.0001033567413357457
167.3202614379085,0.00011462092309335445
167.45707277187245,0.00010963059100228377
167.59410801963992,0.00010416917845148419
167.7313677313677,9.19121022592738e-05
167.86885245901638,8.627609378131611e-05
168.00656275635768,8.266121287589691e-05
168.14449917898193,8.63127016752575e-05
168.28266228430567,8.9975134057422e-05
168.42105263157896,9.38582961450755e-05
168.559670781893,9.288052432080843e-05
168.6985172981878,8.956515288702093e-05
168.83759274525966,8.362393232544113e-05
168.97689768976898,7.894784871958505e-05
169.11643270024774,7.603876954994058e-05
169.25619834710741,7.59994793425793e-05
169.39619520264682,7.816887573881632e-05
169.53642384105962,8.154051881120666e-05
169.67688483844242,8.516088219908111e-05
169.81757877280262,8.79230876058706e-05
169.95850622406635,8.974648889018321e-05
170.09966777408638,9.043699583807682e-05
170.24106400665005,9.062700460846849e-05
170.3826955074875,9.046708189753831e-05
170.52456286427974,9.052635195193746e-05
170.66666666666666,9.057334660958469e-05
170.8090075062552,9.086332048023343e-05
170.9515859766277,9.094778353978863e-05
171.09440267335003,9.080461575345515e-05
171.23745819397996,9.005506010408887e-05
171.3807531380753,8.863271505942512e-05
171.52428810720266,8.638362558435185e-05
171.66806370494552,8.341001628763486e-05
171.81208053691276,7.979348243846606e-05
171.95633921074725,7.579592423283526e-05
172.10084033613444,7.158802264943196e-05
172.24558452481077,6.736718416746248e-05
172.3905723905724,6.323274502010845e-05
172.5358045492839,5.920381022405567e-05
172.681281618887,5.523065170210179e-05
172.82700421940928,5.126609781361368e-05
172.97297297297297,4.7246861640213593e-05
173.11918850380385,4.3195587362261756e-05
173.26565143824024,3.915343593498468e-05
173.41236240474177,3.522619898189595e-05
173.55932203389833,3.150012224693039e-05
173.70653095843934,2.8064095863955904e-05
173.85398981324278,2.493950897919699e-05
174.0016992353441,2.2134929147665595e-05
174.14965986394557,1.96050874023528e-05
174.2978723404255,1.7309489577533505e-05
174.44633730834755,1.5202281693572273e-05
174.59505541346974,1.3260571101473853e-05
174.74402730375425,1.1476299089946772e-05
174.8932536293766,9.857641895831292e-06
175.04273504273505,8.418238904870712e-06
175.1924721984602,7.160819389328762e-06
175.34246575342465,6.083617985018174e-06
175.49271636675235,5.164694000036058e-06
175.6432246998285,4.3846674746547904e-06
175.79399141630904,3.7137211703939644e-06
175.94501718213058,3.134282004428311e-06
176.0963026655202,2.6276751470529993e-06
176.24784853700515,2.1877874116670433e-06
176.3996554694229,1.8064242398264472e-06
176.55172413793102,1.4835943331922546e-06
176.70405522001724,1.2127754366084336e-06
176.85664939550952,9.908877031460065e-07
177.00950734658602,8.098275525637349e-07
177.16262975778545,6.622676060083574e-07
177.3160173160173,5.414393764762545e-07
177.46967071057193,4.4153413314721376e-07
177.62359063313096,3.5825704182150554e-07
177.77777777777777,2.8895757816173286e-07
177.93223284100782,2.31304172788971e-07
178.08695652173913,1.8352735102438277e-07
178.24194952132288,1.4490868837758314e-07
178.397212543554,1.1358829203292993e-07
178.55274629468178,8.909799863182193e-08
178.70855148342056,6.984183590078457e-08
178.86462882096066,5.517921003013942e-08
179.02097902097898,4.388026734209822e-08
179.17760279965006,3.517270226234558e-08
179.33450087565674,2.8129204158501575e-08
179.4916739702016,2.2328210617517046e-08
179.64912280701753,1.7242794563286116e-08
179.80684811237927,1.2970781859356594e-08
179.96485061511424,9.42154811230732e-09
180.12313104661388,6.699340942657418e-09
180.28169014084506,4.851796680529489e-09
180.44052863436124,3.735948487234203e-09
180.59964726631395,3.1269396405286338e-09
180.75904677846424,2.7814431644727532e-09
180.91872791519435,2.4482678729024242e-09
181.07869142351902,1.989858509834012e-09
181.23893805309734,1.45716426146081e-09
181.39946855624444,8.873692042776141e-10
181.56028368794324,4.455813201115698e-10
181.72138420585628,1.8960105074113899e-10
181.88277087033748,1.3202713277723765e-10
182.04444444444445,2.0785082539542492e-10
182.20640569395016,3.3906649463851013e-10
182.3686553873553,4.220947706085465e-10
182.53119429590015,4.18391085031504e-10
182.69402319357712,3.333908512544044e-10
182.85714285714286,1.936077168217044e-10
183.0205540661305,9.334878830241497e-11
183.18425760286226,4.8660368560277736e-11
183.34825425246197,8.344340622766064e-11
183.51254480286738,1.5301109481087957e-10
183.67713004484304,2.364919800828177e-10
183.84201077199282,2.846880555281423e-10
184.00718778077265,3.040655247926338e-10
184.1726618705036,2.8033157763684333e-10
184.33843384338437,2.7083369142671257e-10
184.5045045045045,2.6062565176912795e-10
184.67087466185754,2.7544161233427894e-10
184.83754512635377,3.1289144024178877e-10
185.0045167118338,3.621616976592586e-10
185.17179023508135,4.213479115937409e-10
185.33936651583707,4.613232732560917e-10
185.5072463768116,4.914536997675838e-10
185.675430643699,5.072460731409923e-10
185.84392014519057,5.363203373740678e-10
186.01271571298818,5.660370051014519e-10
186.1818181818182,6.153828586843072e-10
186.3512283894449,6.451042854112323e-10
186.52094717668484,7.105683473846409e-10
186.69097538742025,7.591635201370529e-10
186.86131386861314,8.173180985639417e-10
187.03196347031962,8.583953083345576e-10
187.20292504570384,9.041043532874014e-10
187.37419945105214,9.714770600182678e-10
187.54578754578753,1.0449553335358503e-09
187.71769019248396,1.1196311806441101e-09
187.88990825688072,1.1956478332988746e-09
188.06244260789717,1.29108506335363e-09
188.23529411764707,1.3701755331124915e-09
188.40846366145354,1.5025461995796179e-09
188.5819521178637,1.604345271322327e-09
188.75576036866357,1.7523722180009888e-09
188.92988929889296,1.8508759700027694e-09
189.10433979686056,1.9941577233713535e-09
189.27911275415894,2.1412557213535773e-09
189.45420906567992,2.3531771017465785e-09
189.62962962962962,2.553132150612246e-09
189.80537534754404,2.7616952518042573e-09
189.98144712430428,2.965581159084944e-09
190.15784586815226,3.211664492834632e-09
190.3345724907063,3.489948388427842e-09
190.51162790697674,3.773679591556926e-09
190.68901303538178,4.068554495174492e-09
190.8667287977633,4.4067450120224175e-09
191.044776119403,4.836339301701539e-09
191.22315592903828,5.337894523411774e-09
191.4018691588785,5.851973910292713e-09
191.5809167446211,6.4866001839318425e-09
191.76029962546815,7.1037649710218405e-09
191.94001874414244,7.835135261929345e-09
192.12007504690433,8.579266400381996e-09
192.3004694835681,9.450177581372825e-09
192.48120300751881,1.0299347623734725e-08
192.66227657572907,1.1283574190674943e-08
192.8436911487759,1.227923818126152e-08
193.02544769085767,1.3421823823753563e-08
193.2075471698113,1.4569482943604359e-08
193.38999055712932,1.577991576116574e-08
193.57277882797732,1.7150970261525608e-08
193.75591296121098,1.853327979855145e-08
193.93939393939394,1.9961166126675285e-08
194.12322274881518,2.15155991372141e-08
194.30740037950665,2.3257167916778313e-08
194.49192782526114,2.508227687074075e-08
194.67680608365018,2.7183297233741076e-08
194.86203615604185,2.9504634505615702e-08
195.04761904761907,3.234079957505359e-08
195.23355576739752,3.540775931658844e-08
195.4198473282443,3.9023606300349214e-08
195.6064947468959,4.318492172437167e-08
195.79349904397705,4.8073336735496924e-08
195.9808612440191,5.3342987871065e-08
196.1685823754789,5.9490622233210403e-08
196.35666347075744,6.578230848680219e-08
196.5451055662188,7.226171766777679e-08
196.73390970220942,7.865876265648406e-08
196.92307692307693,8.527158124576297e-08
197.1126082771896,9.208889014046913e-08
197.30250481695566,9.86898318109423e-08
197.4927675988428,1.0532375887872547e-07
197.68339768339766,1.125600829385667e-07
197.8743961352657,1.2080511066398646e-07
198.06576402321085,1.2998911434583149e-07
198.25750242013552,1.4100202740480454e-07
198.44961240310076,1.5335132910956616e-07
198.64209505334625,1.6791944872748298e-07
198.83495145631065,1.8378458940925008e-07
199.02818270165207,2.0039396892457866e-07
199.22178988326846,2.1662890110005403e-07
199.4157740993184,2.3159509401967578e-07
199.61013645224173,2.440830861257673e-07
199.8048780487805,2.542917889641783e-07
200.0,2.618000520560394e-07
200.19550342130987,2.693124603855544e-07
200.3913894324853,2.7962165191337026e-07
200.58765915768853,2.95349393763049e-07
200.78431372549022,3.2010995378246126e-07
200.9813542688911,3.558476947928971e-07
201.17878192534383,4.0183881763688513e-07
201.37659783677483,4.55306708530853e-07
201.5748031496063,5.095932140550622e-07
201.77339901477833,5.5875436647829e-07
201.9723865877712,5.994451574266682e-07
202.1717670286278,6.306088915969297e-07
202.3715415019763,6.574094351078548e-07
202.57171117705244,6.84704256082195e-07
202.77227722772278,7.192185541233285e-07
202.97324083250743,7.644979425151932e-07
203.17460317460316,8.21388845207446e-07
203.37636544190661,8.866380224146337e-07
203.57852882703776,9.59541215668764e-07
203.78109452736314,1.0381161323362957e-06
203.98406374501994,1.123536788340975e-06
204.1874376869392,1.2140604741036249e-06
204.39121756487026,1.3040563770116422e-06
204.5954045954046,1.3851571733365667e-06
204.79999999999998,1.4509639132686236e-06
205.005005005005,1.5020964727432796e-06
205.21042084168334,1.5529391602974193e-06
205.41624874623875,1.6243116211940482e-06
205.62248995983938,1.7349942415430177e-06
205.8291457286432,1.8896978422418147e-06
206.03621730382292,2.070492815725132e-06
206.24370594159112,2.249016604888608e-06
206.4516129032258,2.400324964099847e-06
206.65993945509584,2.524415697580962e-06
206.86868686868684,2.6436389641272704e-06
207.07785642062692,2.79295253779691e-06
207.28744939271257,2.9904726008473537e-06
207.49746707193518,3.2361441128959366e-06
207.7079107505071,3.504509902096795e-06
207.9187817258883,3.767600484468362e-06
208.130081300813,4.014680417382755e-06
208.34181078331636,4.249454681055656e-06
208.55397148676167,4.4895935321599656e-06
208.7665647298675,4.743340175435622e-06
208.9795918367347,5.012476068994163e-06
209.19305413687437,5.3063081049942685e-06
209.40695296523518,5.63776363263382e-06
209.6212896622313,6.011959315870167e-06
209.83606557377047,6.426580876158178e-06
210.05128205128204,6.852053553187767e-06
210.26694045174537,7.274404864845946e-06
210.48304213771837,7.70720521542146e-06
210.69958847736626,8.179880781287305e-06
210.91658084449023,8.726648859512789e-06
211.1340206185567,9.329556309283624e-06
211.3519091847265,9.928527582565806e-06
211.5702479338843,1.0495807555728736e-05
211.78903826266804,1.1054892962031847e-05
212.00828157349895,1.1671966779502154e-05
212.22797927461139,1.2410768135571576e-05
212.448132780083,1.3217215290599525e-05
212.668743509865,1.403915855483664e-05
212.88981288981287,1.4855480025515875e-05
213.11134235171693,1.5690652637530377e-05
213.33333333333334,1.6617799105560765e-05
213.555787278415,1.7610841711968173e-05
213.7787056367432,1.8573885578901457e-05
214.00208986415882,1.951493274845197e-05
214.22594142259413,2.048755348813804e-05
214.4502617801047,2.164187516600086e-05
214.67505241090146,2.3020235511046127e-05
214.900314795383,2.4465779646463678e-05
215.12605042016807,2.5878250310218623e-05
215.35226077812828,2.727623605578081e-05
215.57894736842104,2.8672687243100938e-05
215.80611169652263,3.0206966123441568e-05
216.03375527426158,3.180521376920568e-05
216.26187961985215,3.349496295096286e-05
216.49048625792813,3.544174413534361e-05
216.7195767195767,3.757441133109947e-05
216.9491525423729,3.977277061856026e-05
217.17921527041358,4.1886141532528046e-05
217.40976645435242,4.381148378733022e-05
217.64080765143464,4.598565711133246e-05
217.87234042553192,4.8566850561896735e-05
218.10436634717786,5.130940058939735e-05
218.33688699360337,5.414753429987682e-05
218.5699039487727,5.693925435654901e-05
218.80341880341882,5.999319507810119e-05
219.0374331550802,6.355510085944651e-05
219.27194860813702,6.700897530072108e-05
219.5069667738478,7.030030812260614e-05
219.74248927038627,7.372130207324608e-05
219.97851772287862,7.744320428086949e-05
220.21505376344086,8.190382278306914e-05
220.45209903121636,8.644214817767835e-05
220.68965517241378,9.067852596192378e-05
220.92772384034518,9.535113045816783e-05
221.16630669546436,0.00010015951887550406
221.4054054054054,0.00010511469422099385
221.64502164502164,0.0001102250530789591
221.88515709642468,0.00011504368355557877
222.12581344902384,0.00012075398411628216
222.36699239956567,0.00012710904174986114
222.6086956521739,0.00013300328922093453
222.85092491838955,0.00013940191148009536
223.09368191721134,0.00014612582243686076
223.3369683751363,0.00015363891739193566
223.58078602620085,0.00016250726725225043
223.82513661202185,0.0001707934592697167
224.07002188183807,0.0001797379903761618
224.31544359255204,0.00018997238765746725
224.56140350877192,0.00019976145440295348
224.80790340285398,0.00021052508205945958
225.05494505494505,0.00022092409359143782
225.30253025302528,0.00023044282680794505
225.55066079295153,0.00024158039583307308
225.79933847850054,0.00025174501718149553
226.0485651214128,0.0002616833264838538
226.29834254143645,0.00027198505316320244
226.54867256637166,0.00027940139518403467
226.79955703211516,0.00028873331733679096
227.0509977827051,0.00029957628002973954
227.30299667036624,0.0003083750619833343
227.55555555555554,0.00031895903940621094
227.80867630700777,0.00032934432852661425
228.06236080178175,0.0003425094980323433
228.31661092530658,0.0003620436093131937
228.57142857142856,0.00038141028618796227
228.82681564245812,0.00040650031435079075
229.082774049217,0.00043932327646437834
229.33930571108624,0.0004727422153077067
229.59641255605382,0.0005149014551773288
229.8540965207632,0.0005611361343878727
230.1123595505618,0.0006056489264960918
230.37120359955006,0.0006545174371653228
230.6306306306306,0.0006939753385869268
230.89064261555805,0.0007304414781265913
231.1512415349887,0.0007633854266329693
231.41242937853107,0.0007711147514156377
231.67420814479635,0.0007685490638129678
231.9365798414496,0.0007452438520361217
232.19954648526078,0.0006975248797731998
232.46311010215663,0.0006450856083244914
232.7272727272727,0.000578502389196365
232.9920364050057,0.0005143684628072857
233.25740318906605,0.000466215556535981
233.52337514253134,0.00043434459350464693
233.78995433789953,0.0004482755207715336
234.05714285714288,0.0005294879482430748
234.32494279176203,0.0006747424344487718
234.59335624284074,0.0009256236663891906
234.8623853211009,0.0012685171560061174
235.13203214695753,0.0016765013918386405
235.4022988505747,0.0021941432437413847
235.67318757192174,0.0027423942050603116
235.9447004608295,0.0033426586711656015
236.2168396770473,0.003957858196083726
236.48960739030022,0.004483136015827942
236.76300578034682,0.004931288440897948
237.03703703703707,0.005131488291889229
237.3117033603708,0.005106599641159517
237.58700696055683,0.004836201448529062
237.862950058072,0.004320471642738263
238.13953488372093,0.003696179274131543
238.41676367869616,0.0029392831650317548
238.69463869463866,0.0022432044174855604
238.97316219369893,0.0016747081420943998
239.25233644859816,0.0014544222992255494
239.53216374269007,0.0019643495763373513
239.81264637002343,0.0031784300187388563
240.0937866354044,0.005588980009059116
240.37558685446012,0.00915576605027911
240.65804935370153,0.013757834935876477
240.94117647058823,0.02039828292978363
241.2249705535924,0.028032738996589205
241.50943396226415,0.037844223253818476
241.79456906729635,0.04928454293960987
242.080378250591,0.060109072120969706
242.3668639053254,0.0722939588068333
242.65402843601896,0.08115483601712449
242.94187425860022,0.0888312032473394
243.23040380047507,0.0966806329052252
243.51961950059456,0.10066322257731151
243.80952380952382,0.10970851649982558
244.1001191895113,0.11663515164088788
244.39140811455846,0.12331632769373371
244.68339307048984,0.13643720965676018
244.97607655502392,0.140482823370427
245.2694610778443,0.15293154896495248
245.56354916067144,0.16783194769366602
245.85834333733493,0.1784824450028562
246.15384615384616,0.21445811523551916
246.4500601684717,0.25022633076315776
246.7469879518072,0.30471018350259826
247.04463208685164,0.40180622626627105
247.34299516908212,0.46414447876800957
247.6420798065296,0.5863942529660859
247.9418886198547,0.6614765075479148
248.24242424242422,0.6963576278282964
248.54368932038832,0.7890819190668052
248.8456865127582,0.7631673338265065
249.14841849148416,0.8581267836386658
249.45188794153472,0.9334854615326923
249.75609756097558,0.9878915806148242
250.06105006105005,1.1875281497738843
250.36674816625916,1.1492349516351132
250.6731946144431,1.1690821936502174
250.98039215686276,1.1838017321474659
251.2883435582822,0.8765184276875554
251.5970515970516,0.9607362619732638
251.90651906519062,0.7577708824752162
252.21674876847288,0.83136636610221
252.52774352651045,1.0061913827638929
252.8395061728395,0.9991247557054035
253.15203955500616,1.3469701483838075
253.46534653465346,1.3780169030455436
253.7794299876084,1.1144597236786715
254.09429280397023,1.2994004764052514
254.40993788819875,0.7810751069211304
254.726368159204,0.6302665898869334
255.04358655043586,0.7015646473330492
255.36159600997507,0.5019504060138593
255.6803995006242,1.1108220095727022
255.99999999999997,0.5966039561322041
256.3204005006258,0.9765417183865007
256.64160401002505,0.6962915968899678
256.9636135508155,0.250173749927859
257.286432160804,0.1667645200319142
257.61006289308176,0.2882004633872639
257.9345088161209,0.29076500806964245
258.2597730138714,0.006824037090134932
258.5858585858586,0.24330480890678075
258.91276864728195,0.04760193805230695
259.24050632911394,0.8928941435491418
259.5690747782003,0.24410516954846037
259.8984771573604,2.689483142798856
260.22871664548916,2.5909902248640595
260.55979643765903,1.8073048148925261
260.89171974522293,2.3426530386961306
261.2244897959184,1.4427166506313307
261.5581098339719,0.8225292454633576
261.89258312020456,0.2718603084134535
262.2279129321382,0.25574779723392554
262.56410256410254,4.112817048135882
262.9011553273428,3.947416061353955
263.2390745501285,2.0115570581077744
263.5778635778636,2.2929880508942753
263.91752577319585,1.2287802911221406
264.258064516129,0.19817045504931807
264.59948320413434,0.4590553037731109
264.9417852522639,0.2135409728635023
265.2849740932642,1.2313811573999225
265.6290531776913,0.3879074334153082
265.974025974026,1.8483976777335114
266.3198959687906,2.673894764045255
266.66666666666663,1.4472805792011583
267.01434159061273,3.846739862480066
267.3629242819843,1.7634062258233214
267.7124183006536,2.0946808006641136
268.0628272251309,0.5493224546447854
268.41415465268676,0.5008757977372882
268.76640419947506,0.25866499081758354
269.119579500657,0.1956361510869198
269.47368421052636,0.023201554599822954
269.82872200263506,0.024165396932303893
270.1846965699208,1.066204228913328
270.5416116248349,3.355110206620577
270.8994708994709,4.568295400589685
271.25827814569533,2.2927404995062814
271.6180371352785,0.7618852848078298
271.97875166002655,0.2508543601332674
272.3404255319149,1.9895315447399116
272.70306258322233,2.4050653368234443
273.06666666666666,4.006924185355379
273.4312416555407,2.173530101770948
273.7967914438503,1.0735341990384886
274.1633199464525,0.7061539708774042
274.5308310991957,0.06673479958456754
274.8993288590604,0.023932036033789742
275.26881720430106,0.4615415536809461
275.6393001345895,0.652548744766654
276.010781671159,1.3740221298114497
276.3832658569501,1.5520830795717118
276.7567567567567,1.2116178443484145
277.1312584573748,0.9080820210153087
277.50677506775065,0.2583267998486296
277.88331071913166,0.22468962511810592
278.2608695652174,0.2663361465590824
278.6394557823129,0.4787224210417564
279.01907356948226,0.5586892593180627
279.39972714870396,0.5972388638549169
279.78142076502735,0.5040770833004358
280.1641586867305,0.5115405700141447
280.54794520547944,0.3970829564056985
280.93278463648835,0.46070597558609117
281.31868131868134,0.4742919122676604
281.70563961485556,0.6662719352905229
282.0936639118457,0.7344059135294493
282.48275862068965,0.8524820017983339
282.8729281767956,0.8283124625910467
283.2641770401106,0.8152226148063136
283.6565096952908,0.7394535367989108
284.0499306518724,0.7277829365189947
284.44444444444446,0.6911618181418959
284.84005563282335,0.6980223241239625
285.2367688022284,0.6971984579904897
285.63458856345886,0.696703518518192
286.0335195530726,0.6794694074424853
286.43356643356645,0.6409741661496108
286.8347338935574,0.5929203285335921
287.23702664796633,0.5284793357536679
287.6404494382022,0.472764548117182
288.0450070323488,0.4151043705004055
288.4507042253521,0.3725618833665065
288.85754583921016,0.3312403729984182
289.2655367231638,0.3005083431977138
289.6746817538897,0.2675500380457227
290.08498583569406,0.23930628711693114
290.49645390070924,0.20729579533074136
290.9090909090909,0.17781767778411275
291.32290184921766,0.14870455465920285
291.73789173789174,0.12284202596451277
292.15406562054204,0.1011888096933781
292.57142857142856,0.0836062952249997
292.9899856938483,0.06998714321116982
293.4097421203438,0.05879458688603339
293.83070301291247,0.050046569804150495
294.2528735632184,0.04154910133165028
294.67625899280574,0.034520401623231535
295.1008645533141,0.027418491136631334
295.52669552669556,0.02174881378210222
295.9537572254335,0.016566355309773597
296.3820549927641,0.01287639186575636
296.81159420289856,0.009849917330235913
297.2423802612482,0.007928884013132423
297.6744186046512,0.006329740203575431
298.1077147016012,0.0052395539261151924
298.54227405247815,0.004218671288500282
298.978102189781,0.003358795342925428
299.41520467836256,0.0025586126133123562
299.8535871156662,0.0018684028955130356
300.2932551319648,0.0013367663470713932
300.73421439060206,0.0009216276082611013
301.17647058823525,0.0006777556542364863
301.620029455081,0.0004994233289518267
302.06489675516224,0.0004216725013502715
302.5110782865583,0.0003366735985352628
302.95857988165676,0.0002944586680816619
303.4074074074074,0.0002176870757347751
303.85756676557867,0.00016932019750598578
304.30906389301634,0.00010311065401856682
304.7619047619047,6.7226796493971e-05
305.2160953800298,3.500176808145297e-05
305.6716417910448,2.4452905779446255e-05
306.1285500747384,1.6707213541307837e-05
306.58682634730536,1.8276085648309814e-05
307.0464767616192,1.6545031180592195e-05
307.5075075075075,1.6319400338855332e-05
307.96992481203006,1.2935556439188504e-05
308.433734939759,8.55007564582787e-06
308.8989441930618,5.53984645798947e-06
309.3655589123867,1.6359418725941027e-06
309.83358547655064,7.587755263382973e-07
310.3030303030303,7.58760718217486e-08
310.7738998482549,4.4432716625332765e-07
311.2462006079027,8.058188800242768e-07
311.7199391171994,1.4683966638974323e-06
312.1951219512195,9.648753015149934e-07
312.67175572519085,1.276985559762982e-06
313.1498470948012,6.096785714905014e-07
313.6294027565084,4.593820952399782e-07
314.11042944785277,2.546599436929934e-07
314.5929339477727,4.5774986285920815e-08
315.0769230769231,1.1202300576608357e-07
315.5624036979969,2.0024009546677235e-07
316.04938271604937,9.572159255908466e-08
316.53786707882534,2.752915595401585e-07
317.0278637770898,1.9238319390546993e-07
317.5193798449612,1.2100903275647023e-07
318.0124223602484,1.7917690354853622e-07
318.50699844479004,4.8576360052481414e-08
319.0031152647975,6.5545093636489e-08
319.5007800312012,9.707402449699439e-08
320.0,2.8497506283281943e-08
320.5007824726134,9.960472471260893e-08
321.0031347962382,7.220726741484199e-08
321.5070643642072,3.372160226221253e-08
322.0125786163522,8.067168190809325e-08
322.5196850393701,1.9365840823465087e-08
323.02839116719235,3.251272263016277e-08
323.5387045813586,4.7455286888498236e-08
324.0506329113924,1.133693570867867e-08
324.56418383518223,3.1209277802115595e-08
325.07936507936506,2.6954786214070677e-08
325.59618441971384,4.6075912251954965e-09
326.11464968152865,1.7767289657661678e-08
326.63476874003186,1.696550537153003e-08
327.15654952076676,1.0892162828899368e-08
327.68,1.5915824805972425e-08
328.2051282051282,9.213026298048672e-09
328.7319422150882,1.6176190972607312e-08
329.2604501607717,1.1452538558354502e-08
329.7906602254429,2.802486229409605e-09
330.3225806451613,1.4706657346756863e-08
330.8562197092084,5.9076508010632946e-09
331.3915857605178,3.5590457566419744e-09
331.9286871961102,1.4055711630970364e-08
332.46753246753246,1.184303094990904e-09
333.0081300813008,2.5097553843681927e-09
333.5504885993485,5.231960370196371e-09
334.094616639478,3.4456576593262084e-10
334.640522875817,3.0520761767123467e-09
335.18821603927984,2.919240064372788e-09
335.73770491803276,9.786593277429785e-10
336.28899835796386,1.0507752601309677e-09
336.8421052631579,1.268218761671156e-09
337.3970345963756,2.5270832219520005e-10
337.95379537953795,4.274372012318042e-09
338.51239669421483,1.6020178368571871e-09
339.07284768211923,3.2815232516861074e-09
339.63515754560524,2.4006069883573544e-10
340.19933554817277,7.735702367136433e-11
340.765391014975,8.141941145948035e-10
341.3333333333333,3.797410169935526e-09
341.9031719532554,1.0780043399587558e-09
342.4749163879599,3.084165746602722e-10
343.04857621440533,1.0851036511854038e-09
343.6241610738255,1.3244489553969135e-10
344.2016806722689,1.7269444436419023e-09
344.7811447811448,6.362826792969063e-10
345.362563237774,3.551599064004693e-10
345.94594594594594,1.9394396540495057e-09
346.5313028764805,2.3023608705095114e-10
347.11864406779665,1.4368058205345128e-10
347.70797962648555,1.1428107075057332e-09
348.29931972789115,4.277009209060754e-10
348.8926746166951,3.783819506931157e-10
349.4880546075085,1.7278680263700298e-09
350.0854700854701,9.807928214555982e-10
350.6849315068493,1.4788739513739554e-09
351.286449399657,2.483560203650463e-10
351.89003436426117,4.131579122284016e-11
352.4956970740103,2.5196507380150105e-10
353.10344827586204,5.913690151063782e-10
353.71329879101904,8.328505665716101e-11
354.3252595155709,1.1588955228724266e-09
354.93934142114387,2.625841551337238e-10
355.55555555555554,1.444076982773146e-09
356.17391304347825,7.669601991398331e-10
356.794425087108,5.840740436884804e-10
357.4171029668411,1.6965009674724488e-09
358.04195804195797,5.0912488051023806e-11
358.6690017513135,1.4432204313794022e-10
359.29824561403507,2.407893532121906e-09
359.9297012302285,6.388426659330062e-10
360.5633802816901,9.968487546849684e-11
361.1992945326279,1.4474138374249479e-09
361.8374558303887,6.868212347109359e-10
362.4778761061947,1.6076332077951012e-10
363.1205673758865,4.924469008440234e-10
363.76554174067496,5.461317353655348e-10
364.4128113879003,1.3509761168415621e-09
365.0623885918003,6.284462744314962e-10
365.7142857142857,1.1145697841900442e-10
366.3685152057245,2.616347715694204e-10
367.02508960573476,1.1273719286112574e-10
367.68402154398564,1.7507747020963024e-10
368.3453237410072,2.512918543647167e-09
369.009009009009,7.218221353352301e-10
369.67509025270755,4.765745800870935e-10
370.3435804701627,2.5338447527050054e-09
371.0144927536232,2.2176532213396045e-09
371.68784029038113,6.274754728703096e-10
372.3636363636364,1.415264023814721e-09
373.0418943533697,1.294682647071251e-09
373.7226277372263,1.2824260878129544e-09
374.4058500914077,1.8314467739105987e-09
375.09157509157507,1.1551484218291555e-09
375.77981651376143,1.0875957230231865e-09
376.47058823529414,9.725292963574431e-10
377.1639042357274,1.4889489125058014e-09
377.8597785977859,1.494843994187315e-09
378.5582255083179,6.455035114688276e-09
379.25925925925924,2.338700161830609e-09
379.96289424860856,3.4013245947752557e-09
380.6691449814126,8.532965951163914e-09
381.37802607076355,3.1591627615089726e-09
382.089552238806,3.1694287498601274e-09
382.803738317757,2.601536501782684e-09
383.5205992509363,6.014214582216838e-09
384.24015009380867,4.916083013622154e-09
384.96240601503763,4.410345306397114e-09
385.6873822975518,3.6580920049164306e-09
386.4150943396226,4.681647577006653e-09
387.14555765595463,7.440726486478428e-09
387.8787878787879,5.2905742223733305e-09
388.6148007590133,9.949338402746133e-09
389.35361216730035,8.471413504949883e-09
390.09523809523813,8.23146980312943e-09
390.8396946564886,1.429196467075054e-08
391.5869980879541,8.387158674633034e-09
392.3371647509578,1.5210535976367997e-08
393.0902111324376,2.1167849472468717e-08
393.84615384615387,1.6039718218464464e-08
394.6050096339113,2.4988590231869216e-08
395.3667953667953,1.230477192691645e-08
396.1315280464217,2.2738388770513178e-08
396.8992248062015,2.6768096316373208e-08
397.6699029126213,2.6011607050613357e-08
398.4435797665369,3.0819940945797076e-08
399.22027290448347,3.7706759411910674e-08
400.0,2.8475811063068805e-08
400.7827788649706,4.689115486623699e-08
401.56862745098044,4.3301132065933323e-08
402.35756385068765,4.5225129983493616e-08
403.1496062992126,5.557156064074888e-08
403.9447731755424,5.710040026079281e-08
404.7430830039526,6.794257717088686e-08
405.54455445544556,8.0336351705184e-08
406.3492063492063,7.369645507803001e-08
407.1570576540755,1.0177432381634116e-07
407.9681274900399,1.032580355070425e-07
408.7824351297405,1.049822838497153e-07
409.59999999999997,1.430935349640874e-07
410.4208416833667,1.3416551743018078e-07
411.24497991967877,1.5018952270594961e-07
412.07243460764585,1.9346729401434895e-07
412.9032258064516,1.6673579065630262e-07
413.7373737373737,2.2120928556888676e-07
414.57489878542515,2.2957827984136757e-07
415.4158215010142,2.506969567396297e-07
416.260162601626,2.661632996548174e-07
417.10794297352334,2.8284049771913056e-07
417.9591836734694,2.967752173137549e-07
418.81390593047036,3.28133454798855e-07
419.67213114754094,4.006634836436012e-07
420.53388090349074,3.9356620674366703e-07
421.3991769547325,4.6183269346064926e-07
422.2680412371134,4.791703773526406e-07
423.1404958677686,5.275091847643015e-07
424.0165631469979,5.726914425569455e-07
424.896265560166,5.809836134688026e-07
425.77962577962575,6.685487681708181e-07
426.6666666666667,6.749767460082357e-07
427.5574112734864,7.222628382051559e-07
428.45188284518827,7.503531551857455e-07
429.3501048218029,8.300629423243527e-07
430.25210084033614,8.61960371181696e-07
431.1578947368421,9.189981968806081e-07
432.06751054852316,9.047138263605778e-07
432.98097251585625,9.531941475450205e-07
433.8983050847458,9.790530250245938e-07
434.81953290870484,9.931953196045926e-07
435.74468085106383,1.0346582235619187e-06
436.67377398720674,1.0892942395025415e-06
437.60683760683764,1.0812989961698317e-06
438.54389721627405,1.0671528700540679e-06
439.48497854077254,1.0708483375760498e-06
440.4301075268817,1.0296633799419691e-06
441.37931034482756,1.0742921979291983e-06
442.3326133909287,1.0341926581347357e-06
443.2900432900433,1.0319286407846699e-06
444.2516268980477,1.0353866455176295e-06
445.2173913043478,1.084987239498909e-06
446.1873638344227,1.0731507058570476e-06
447.1615720524017,1.158138437245179e-06
448.14004376367615,1.2567741888436539e-06
449.12280701754383,1.4818735859376764e-06
450.1098901098901,1.722561737717598e-06
451.10132158590307,2.0633002102613286e-06
452.0971302428256,2.6004874140489443e-06
453.0973451327433,3.2293821125999923e-06
454.1019955654102,4.038931916826785e-06
455.1111111111111,5.169950875638201e-06
456.1247216035635,6.547583971018942e-06
457.1428571428571,8.494494102805517e-06
458.165548098434,1.0456836083617539e-05
459.19282511210764,1.3552742192399717e-05
460.2247191011236,1.7107605391989137e-05
461.2612612612612,2.1533248008207333e-05
462.3024830699774,2.6947635628985208e-05
463.3484162895927,3.328678933345496e-05
464.39909297052156,4.14962170672361e-05
465.4545454545454,5.0806376321774294e-05
466.5148063781321,6.16486803416606e-05
467.57990867579906,7.651757785965818e-05
468.64988558352405,9.18562742015957e-05
469.7247706422018,0.00011189381684515625
470.8045977011494,0.0001351942386334611
471.889400921659,0.00016043141749194525
472.97921478060044,0.0001950322567815923
474.07407407407413,0.00023097469816703704
475.17401392111367,0.0002739664330041902
476.27906976744185,0.000329609314573768
477.3892773892773,0.00038424970784506503
478.5046728971963,0.0004554764427418039
479.62529274004686,0.0005397257540653188
480.75117370892025,0.0006230946990348413
481.88235294117646,0.0007420525846738163
483.0188679245283,0.0008622223630372533
484.160756501182,0.0009972794624995647
485.3080568720379,0.001178883767792202
486.46080760095015,0.0013480380832442225
487.61904761904765,0.0015676696276565147
488.7828162291169,0.0018263815018585068
489.95215311004785,0.0020783332977580143
491.1270983213429,0.002422349359200798
492.3076923076923,0.002779833511700595
493.4939759036144,0.003167716436585829
494.68599033816423,0.00367590269508958
495.8837772397094,0.004165679146075899
497.08737864077665,0.004760231869223304
498.29683698296833,0.005477226729927412
499.51219512195115,0.006164026951193496
500.7334963325183,0.0070663975740609866
501.9607843137255,0.008026726273134641
503.1941031941032,0.009034235083939848
504.43349753694577,0.010333056032922401
505.679012345679,0.011614031866164866
506.9306930693069,0.013108824568649341
508.18858560794047,0.014886624241827672
509.452736318408,0.016631943384897648
510.72319201995015,0.018813448504891576
511.99999999999994,0.021154042735717034
513.2832080200501,0.02360746264564516
514.572864321608,0.02666217889809966
515.8690176322418,0.029709638767287893
517.1717171717172,0.033222948952347196
518.4810126582279,0.03730398642084304
519.7969543147208,0.041350602877239684
521.1195928753181,0.046307738382010216
522.4489795918367,0.05156905147568472
523.7851662404091,0.05707521790287889
525.1282051282051,0.06388683978452295
526.478149100257,0.07054530208978353
527.8350515463917,0.07819468097103727
529.1989664082687,0.08715870201274108
530.5699481865284,0.0956261068659759
531.948051948052,0.10629985011506966
533.3333333333333,0.11759691380258795
534.7258485639686,0.12861470564244645
536.1256544502618,0.14327910227013838
537.5328083989501,0.15696290636165472
538.9473684210527,0.1718838402858087
540.3693931398416,0.19127644991948425
541.7989417989418,0.2074828113002831
543.236074270557,0.22839948642279503
544.6808510638298,0.2526329367918301
546.1333333333333,0.2721058601981206
547.5935828877006,0.30161880598847285
549.0616621983914,0.3298667939644912
550.5376344086021,0.3547371785486244
552.021563342318,0.39537001865590365
553.5135135135134,0.42589588744760404
555.0135501355013,0.4608085103368918
556.5217391304348,0.5132816386174468
558.0381471389645,0.5446081789931574
559.5628415300547,0.5969703975566357
561.0958904109589,0.6584607179222026
562.6373626373627,0.6922137253717252
564.1873278236914,0.7705838545372791
565.7458563535912,0.8335470429735332
567.3130193905816,0.877761624134327
568.8888888888889,0.9877638589558008
570.4735376044569,1.041599582738506
572.0670391061452,1.1140983779174165
573.6694677871149,1.2519652767559437
575.2808988764044,1.2893235333892945
576.9014084507043,1.4158144680810392
578.5310734463276,1.5609616607623873
580.1699716713881,1.5884708560074197
581.8181818181818,1.7935164818799672
583.4757834757835,1.910493981376957
585.1428571428571,1.9622565936806502
586.8194842406876,2.2520106589564484
588.5057471264367,2.299919359983267
590.2017291066282,2.43844359040801
591.907514450867,2.7780528166645153
593.6231884057971,2.7416977925653123
595.3488372093024,3.0515234971211913
597.0845481049563,3.360225364920852
598.8304093567251,3.2859341585567767
600.5865102639297,3.823776488002733
602.3529411764705,3.976013945549407
604.1297935103245,3.993709511768403
605.9171597633135,4.741640419285241
607.7151335311573,4.648829256623219
609.5238095238094,4.971122709749668
611.3432835820896,5.774156498101271
613.1736526946107,5.414261233974712
615.015015015015,6.215120336680425
616.867469879518,6.757029443044856
618.7311178247734,6.325208241193271
620.6060606060606,7.693231938759199
622.4924012158054,7.637944585620046
624.390243902439,7.5163048108055355
626.2996941896024,9.126286326271382
628.2208588957055,8.206241883151854
630.1538461538462,8.880641786216847
632.0987654320987,10.253092410667666
634.0557275541796,8.926504525406557
636.0248447204968,10.814490834149945
638.006230529595,11.357083481148406
640.0,10.121482110646511
642.0062695924764,13.06355289774094
644.0251572327044,12.611722878048681
646.0567823343847,12.793022027994978
648.1012658227849,17.30175965003687
650.1587301587301,15.539561205464967
652.2292993630573,18.184312647608067
654.3130990415335,21.650392844150854
656.4102564102564,18.254789072952377
658.5209003215434,24.45315140162923
660.6451612903226,25.05652137045655
662.7831715210356,23.582482569588933
664.9350649350649,30.573986402877487
667.100977198697,23.734624644107207
669.281045751634,23.2127239801149
671.4754098360655,22.884305677187463
673.6842105263158,15.550494364937554
675.9075907590759,17.333011831895387
678.1456953642385,17.90304438260673
680.3986710963455,9.415645659462513
682.6666666666666,11.807493287856541
684.9498327759198,10.658213483213974
687.248322147651,10.55367613405399
689.5622895622896,37.605507020430906
691.8918918918919,46.898738669928676
694.2372881355933,73.53474577675667
696.5986394557823,91.4878762564334
698.976109215017,99.40422372597094
701.3698630136986,124.08890580058869
703.7800687285223,179.36239744520606
706.2068965517241,228.2277614525311
708.6505190311418,295.6636368679682
711.1111111111111,357.7144437612887
713.588850174216,346.9398689021188
716.0839160839159,234.09785459375692
718.5964912280701,261.28441466555455
721.1267605633802,104.67790313991686
723.6749116607774,193.40635404185036
726.241134751773,178.38399077687956
728.8256227758006,226.63215252459426
731.4285714285714,483.869472130177
734.0501792114695,441.6722211704127
736.6906474820144,709.1795209502405
739.3501805054151,1564.2770952240614
742.0289855072464,817.8555531326483
744.7272727272727,963.85934747706
747.4452554744526,2007.326578205732
750.1831501831501,325.50424399798686
752.9411764705883,4703.112890797602
755.7195571955718,2119.4922473973347
758.5185185185185,8501.84901296855
761.3382899628252,5235.055076948962
764.179104477612,6462.664902997422
767.0411985018726,8529.289679019654
769.9248120300753,1521.59006473251
772.8301886792452,1571.4351194649446
775.7575757575758,6430.347126506969
778.7072243346007,131.68673480278986
781.6793893129772,16519.415334815574
784.6743295019156,7700.0748860996255
787.6923076923077,5095.470353978849
790.7335907335906,9547.06102466192
793.798449612403,2690.705839438676
796.8871595330738,12248.422847077989
800.0,16554.527418301655
803.1372549019609,1935.1360820949772
806.2992125984252,3975.0810503924617
809.4861660079052,4528.04948632034
812.6984126984127,4609.167650070024
815.9362549800798,19501.559105382268
819.1999999999999,12802.525954253575
822.4899598393575,6819.477087882576
825.8064516129032,1617.0159522289648
829.1497975708503,3711.928054106355
832.520325203252,568.6693125283676
835.9183673469388,4507.445928839124
839.3442622950819,3012.9180033890175
842.798353909465,2269.052704487463
846.2809917355372,2089.0690633596587
849.792531120332,3000.4908979866564
853.3333333333334,2974.207297572334
856.9037656903765,1866.6287321417703
860.5042016806723,1364.4702375529075
864.1350210970463,896.7770325660332
867.7966101694916,982.3793712239487
871.4893617021277,591.9990940692038
875.2136752136753,674.3172698719376
878.9699570815451,458.52420680178403
882.7586206896551,322.4478722350594
886.5800865800866,287.19207712509655
890.4347826086956,266.2665109323463
894.3231441048034,203.91516394293663
898.2456140350877,172.01568901534753
902.2026431718061,102.02796916207777
906.1946902654867,91.78698085259366
910.2222222222222,37.55469928452196
914.2857142857142,35.79521332781738
918.3856502242153,11.274581631156543
922.5225225225224,16.289239252890876
926.6968325791854,5.685200080335144
930.9090909090908,14.381896305679136
935.1598173515981,5.38414439972082
939.4495412844036,9.711314540396248
943.778801843318,3.4802457608972026
948.1481481481483,3.116083720955545
952.5581395348837,1.574137002452227
957.0093457943926,0.2798061590594867
961.5023474178405,0.30502314368588446
966.0377358490566,0.5357322562171803
970.6161137440758,0.1889512532127154
975.2380952380953,0.606191918318454
979.9043062200957,0.6886230796348992
984.6153846153846,0.10521201538731405
989.3719806763285,0.6632036607605654
994.1747572815533,0.0553602449071078
999.0243902439023,0.1840829478251764
1003.921568627451,0.2549102974019661
1008.8669950738915,0.025742889505609774
1013.8613861386139,0.1570552673594265
1018.905472636816,0.1965601602753665
1023.9999999999999,0.005489889786835237
1029.145728643216,0.20008020852871755
1034.3434343434344,0.07658976176483928
1039.5939086294416,0.041291528723103044
1044.8979591836735,0.14607970644450968
1050.2564102564102,0.018708762807705195
1055.6701030927834,0.06318696480595197
1061.139896373057,0.09201136537515867
1066.6666666666665,0.003879833654868939
1072.2513089005236,0.07247945284265436
1077.8947368421054,0.047050171992971894
1083.5978835978835,0.009039536652578499
1089.3617021276596,0.0641467626975633
1095.1871657754011,0.016751934567562826
1101.0752688172042,0.019650397357828996
1107.0270270270269,0.0454831274181514
1113.0434782608695,0.0038477418410791417
1119.1256830601094,0.025946465490380603
1125.2747252747254,0.026507908807894356
1131.4917127071824,0.0019421424521400214
1137.7777777777778,0.02572395142944452
1144.1340782122904,0.01209978135895763
1150.5617977528088,0.004813506911673313
1157.0621468926552,0.020573222044032117
1163.6363636363635,0.00397012276805718
1170.2857142857142,0.007852625822084191
1177.0114942528735,0.01365340860716347
1183.815028901734,0.0009536041423057731
1190.6976744186047,0.008999382741771218
1197.6608187134502,0.007475755527397127
1204.705882352941,0.000880150712430416
1211.834319526627,0.008146761059112311
1219.0476190476188,0.003256308440827665
1226.3473053892214,0.0017979686834886362
1233.734939759036,0.006129866060046355
1241.2121212121212,0.001053583598016499
1248.780487804878,0.002526917657225929
1256.441717791411,0.0039024263011943634
1264.1975308641975,0.0003015948100877074
1272.0496894409937,0.0026628627977404408
1280.0,0.002093381534812045
1288.0503144654087,0.00029947078055998896
1296.2025316455697,0.0022900182984684518
1304.4585987261146,0.0009241103397371383
1312.8205128205127,0.0005147019128854499
1321.2903225806451,0.0016743354312395327
1329.8701298701299,0.00032719004471987477
1338.562091503268,0.0006658398167697531
1347.3684210526317,0.0010589909439802235
1356.291390728477,0.0001116873437354621
1365.3333333333333,0.0006732461260626719
1374.496644295302,0.0005817012093250745
1383.7837837837837,8.66440915120203e-05
1393.1972789115646,0.0005688873880382312
1402.7397260273972,0.0002758584263203284
1412.4137931034481,0.000120216629132224
1422.2222222222222,0.0004169793219598014
1432.1678321678319,0.0001142208819301249
1442.2535211267605,0.00014632134173104655
1452.482269503546,0.0002706243128832855
1462.857142857143,4.645928623512388e-05
1473.3812949640287,0.00014591108145867358
1484.0579710144928,0.00015751983231352036
1494.890510948905,2.7390374104433108e-05
1505.8823529411766,0.000124217866640176
1517.037037037037,8.315384564305066e-05
1528.358208955224,2.658452627280463e-05
1539.8496240601505,9.354760984581559e-05
1551.5151515151515,4.072861167233038e-05
1563.3587786259543,2.841306684198656e-05
1575.3846153846155,6.381618705465688e-05
1587.596899224806,1.9772190920475765e-05
1600.0,2.7538970447899794e-05
1612.5984251968505,4.020883249604384e-05
1625.3968253968253,1.0798346788596007e-05
1638.3999999999999,2.3771019736193982e-05
1651.6129032258063,2.3843266402609796e-05
1665.040650406504,7.358319353026617e-06
1678.6885245901638,1.8614846465880375e-05
1692.5619834710744,1.358949050852811e-05
1706.6666666666667,5.9476177013706245e-06
1721.0084033613446,1.351008107473142e-05
1735.5932203389832,7.688522022862855e-06
1750.4273504273506,5.038470581910285e-06
1765.5172413793102,9.284723568228882e-06
1780.8695652173913,4.432753870726461e-06
1796.4912280701753,4.158066605037517e-06
1812.3893805309733,6.128956228857923e-06
1828.5714285714284,2.6805882111543433e-06
1845.0450450450448,3.301279221217683e-06
1861.8181818181815,3.953163668508879e-06
1878.8990825688072,1.7061618797375526e-06
1896.2962962962965,2.5117446685756146e-06
1914.0186915887853,2.5165334459298576e-06
1932.0754716981132,1.1217744180983714e-06
1950.4761904761906,1.8722739820799736e-06
1969.2307692307693,1.5675038968346876e-06
1988.3495145631066,7.733354519246962e-07
2007.843137254902,1.3580309425394035e-06
2027.7227722772277,9.50907324216065e-07
2047.9999999999998,5.490617047436435e-07
2068.686868686869,9.658413330181623e-07
2089.795918367347,5.54391068012491e-07
2111.340206185567,4.113989961952534e-07
2133.333333333333,6.641564559836671e-07
2155.789473684211,3.092611667467614e-07
2178.723404255319,3.153075416169111e-07
2202.1505376344085,4.3545882469586883e-07
2226.086956521739,1.674572268027914e-07
2250.5494505494507,2.450457608726059e-07
2275.5555555555557,2.6747235769803744e-07
2301.1235955056177,9.375496359488841e-08
2327.272727272727,1.870989573547436e-07
2354.022988505747,1.5109558376713856e-07
2381.3953488372094,5.887502090269097e-08
2409.411764705882,1.3350561974816723e-07
2438.0952380952376,7.671162480799982e-08
2467.469879518072,4.278868548403768e-08
2497.560975609756,8.880383863407421e-08
2528.395061728395,3.4128094830393676e-08
2560.0,3.3700658081186965e-08
2592.4050632911394,5.213461876879238e-08
2625.6410256410254,1.3943381969775853e-08
2659.7402597402597,2.6351104387557697e-08
2694.7368421052633,2.7368437644521413e-08
2730.6666666666665,5.743666462314108e-09
2767.5675675675675,1.8471963436822643e-08
2805.4794520547944,1.137040360929774e-08
2844.4444444444443,3.2657262887023595e-09
2884.507042253521,1.0984408697420195e-08
2925.714285714286,3.802163713882137e-09
2968.1159420289855,2.4831211701150476e-09
3011.764705882353,5.687821704384938e-09
3056.716417910448,7.384715916276369e-10
3103.030303030303,1.88559629036942e-09
3150.769230769231,2.375074191910372e-09
3200.0,5.0487812254314355e-11
3250.7936507936506,1.1729314967278113e-09
3303.2258064516127,7.364541566488595e-10
3357.3770491803275,4.2383530236213116e-11
3413.3333333333335,6.036720511654512e-10
3471.1864406779664,1.7606847049186731e-10
3531.0344827586205,7.442116378661679e-11
3592.9824561403507,2.3332859372720034e-10
3657.142857142857,6.035732236294e-11
3723.636363636363,5.661705406377879e-11
3792.592592592593,1.0589684688780653e-10
3864.1509433962265,3.839652766691827e-11
3938.4615384615386,3.911261424498334e-11
4015.686274509804,5.966730562535812e-11
4095.9999999999995,2.1768077110235628e-11
4179.591836734694,2.835171673535215e-11
4266.666666666666,2.9118571587473346e-11
4357.446808510638,1.711273827232023e-11
4452.173913043478,1.7579678909968416e-11
4551.111111111111,6.458748992836993e-12
4654.545454545454,1.7395265001078877e-12
4762.790697674419,9.975067262685291e-13
4876.190476190475,3.937318481913825e-13
4995.121951219512,9.797484879967531e-14
5120.0,7.168172203909578e-14
5251.282051282051,4.457052006620495e-14
5389.473684210527,1.0009779720087276e-14
5535.135135135135,5.3996283290946094e-15
5688.888888888889,4.95306411176303e-15
5851.428571428572,1.1437404009861762e-15
6023.529411764706,4.3576039692254665e-16
6206.060606060606,5.788651571459898e-16
6400.0,1.2924261847946977e-16
6606.451612903225,5.419260644034e-17
6826.666666666667,8.534352533421919e-17
7062.068965517241,1.301645950031217e-17
7314.285714285714,1.2967504754415102e-17
7585.185185185186,1.5080871958512966e-17
7876.923076923077,8.081742783032292e-19
