"Wavelength, nm",Intensity
136.44237175216523,9.241708717290968e-27
136.53333333333333,2.1848789269016913e-26
136.62441627751835,4.8076540197341753e-26
136.71562082777035,1.7093539366583178e-28
136.80694722778892,7.055624783469176e-26
136.89839572192514,3.963030218785039e-26
136.98996655518394,2.5496660211587035e-26
137.08165997322624,1.3383344098304647e-25
137.17347622237108,4.8525744204399765e-27
137.26541554959786,2.2184373921756215e-25
137.35747820254863,2.6198037004620595e-26
137.4496644295302,3.524973551462564e-24
137.54197447951645,1.815999365839804e-23
137.63440860215053,1.4699575194541392e-22
137.72696704774717,4.441186240319758e-22
137.81965006729476,1.1139654879768943e-21
137.9124579124579,1.3751381112370625e-21
138.0053908355795,1.2487848129058546e-21
138.09844908968307,1.145191592907131e-20
138.19163292847506,1.638270129826649e-20
138.28494260634707,9.327608043967526e-20
138.37837837837836,7.283159403606423e-20
138.47194050033806,2.0005246244740111e-19
138.5656292286874,2.594527296031458e-19
138.65944482058225,4.989979050311754e-19
138.75338753387533,2.057399174128228e-18
138.84745762711862,2.1155387106001164e-18
138.94165535956583,6.243871491632788e-18
139.03598099117448,2.8975627713177407e-18
139.1304347826087,7.146247758151749e-18
139.22501699524133,6.605522733592552e-19
139.31972789115645,2.8758287182129453e-18
139.4145677331518,3.156855004018238e-17
139.50953678474113,4.12757566954861e-17
139.60463531015677,1.408641516998495e-16
139.69986357435198,9.262219485445139e-17
139.79522184300342,1.664581528454354e-16
139.89071038251367,2.834123395809986e-17
139.98632946001365,7.153334990743807e-17
140.08207934336525,1.5567384809910788e-16
140.17796030116358,2.5995243343495614e-16
140.27397260273972,6.898025743379986e-16
140.37011651816314,5.1942724437915e-16
140.46639231824417,9.54705367464705e-16
140.56280027453673,3.4484257183567857e-16
140.65934065934067,7.721361251256855e-16
140.75601374570448,3.208743098042017e-16
140.85281980742778,7.755143561215693e-16
140.949759119064,9.65623072266868e-16
141.04683195592284,9.326452788253945e-16
141.14403859407307,1.8200255056686946e-15
141.24137931034483,8.162127811712083e-16
141.33885438233264,1.9646434054469904e-15
141.4364640883978,3.853770388557681e-16
141.53420870767104,1.4536536050100945e-15
141.6320885200553,6.802675810774125e-16
141.73010380622836,1.0996163292100714e-15
141.8282548476454,1.6571279417621241e-15
141.92654192654192,6.585763671555706e-16
142.0249653259362,2.4453314436981886e-15
142.1235253296322,3.830897907370308e-16
142.22222222222223,2.844850428253892e-15
142.32105628908963,4.2417497290941027e-16
142.42002781641168,1.6571654105271323e-15
142.51913709116212,7.536922382744997e-16
142.6183844011142,2.8991860835934576e-16
142.7177700348432,2.701746705711984e-15
142.81729428172943,2.9927134956081326e-16
142.91695743196092,3.7165533673259e-15
143.0167597765363,3.5145708122644804e-16
143.11670160726763,2.6454054397221436e-15
143.21678321678323,4.919829617418672e-16
143.31700489853043,6.466977039841993e-16
143.4173669467787,1.7287682416556268e-15
143.5178696566223,2.930672300621212e-16
143.61851332398317,6.222907098276038e-15
143.71929824561403,1.4343051911013787e-15
143.8202247191011,5.55143016088899e-15
143.92129304286718,2.266352373421972e-16
144.0225035161744,5.150241456746296e-16
144.12385643912737,4.9036797102173415e-15
144.22535211267606,6.867821049582333e-16
144.32699083861874,6.851314866586617e-15
144.42877291960508,1.3001014328837755e-16
144.530698659139,3.981328275198055e-15
144.6327683615819,2.9962694525233e-15
144.73498233215545,2.3312106428802165e-15
144.83734087694484,4.7126835596318726e-15
144.9398443029016,1.250261189951443e-15
145.04249291784703,6.013922799962595e-15
145.14528703047483,2.9944628595973354e-15
145.24822695035462,6.471432712422636e-15
145.35131298793468,1.0542158430547797e-14
145.45454545454544,1.3861986278470067e-14
145.55792466240226,1.8479929204406038e-14
145.66145092460883,1.1920617117899266e-14
145.76512455516016,1.7553087919678117e-14
145.86894586894587,9.421090632139803e-15
145.9729151817534,1.453760047777002e-14
146.07703281027102,2.210237105742056e-14
146.18129907209135,1.688187541012508e-14
146.28571428571428,1.2897693112886235e-14
146.39027877055037,8.524666858830886e-14
146.49499284692416,1.573783987969382e-15
146.59985683607732,7.561254799498925e-14
146.7048710601719,6.259808930197969e-14
146.8100358422939,6.0096297178585036e-15
146.91535150645623,1.1404798511224567e-13
147.0208183776023,5.893568709455193e-14
147.1264367816092,5.24310694135298e-15
147.23220704529115,7.001390170152454e-14
147.33812949640287,1.388644912768047e-13
147.4442044636429,4.176436965587854e-15
147.55043227665706,1.7743202494012128e-13
147.6568132660418,8.733454076722304e-14
147.76334776334778,1.0463149948736257e-14
147.87003610108303,2.475757216340717e-13
147.97687861271675,7.06791999921174e-14
148.08387563268258,6.422583065251463e-14
148.19102749638205,1.030472160087947e-13
148.29833454018825,8.11679016173216e-14
148.40579710144928,6.519512817408853e-14
148.51341551849166,8.080824056818482e-15
148.6211901306241,6.512993132864243e-13
148.72912127814087,5.185554578312312e-13
148.8372093023256,1.023015988531674e-12
148.94545454545454,2.7361762439121292e-12
149.0538573508006,3.2117979804232026e-12
149.16241806263656,7.362965306883868e-12
149.27113702623907,1.1363191195791908e-11
149.38001458789202,1.4753161161433344e-11
149.4890510948905,2.9387221799083827e-11
149.59824689554418,4.0487134785492125e-11
149.70760233918128,4.344074917035816e-11
149.81711777615214,1.1303730776475463e-10
149.9267935578331,1.1225206281670572e-10
150.03663003663004,1.2656590130364189e-10
150.1466275659824,3.510389816507927e-10
150.25678650036684,1.3189927020231298e-10
150.36710719530103,6.668139033841485e-10
150.47759000734754,1.648839683018912e-09
150.58823529411762,6.041109732826588e-10
150.69904341427517,1.6031812187159356e-09
150.8100147275405,2.85976063281807e-09
150.92114959469419,7.156267152802284e-09
151.03244837758112,2.6943108325994738e-08
151.1439114391144,3.684594988369557e-08
151.25553914327915,1.6640935013752445e-07
151.3673318551367,2.9721672946829763e-07
151.47928994082838,2.1348454636149032e-07
151.59141376757958,2.745389837577731e-07
151.7037037037037,5.781634549143656e-07
151.81616011860638,4.364531667930007e-07
151.92878338278933,4.858148124296987e-07
152.04157386785448,3.181640615332385e-07
152.15453194650817,2.1205457915061454e-07
152.26765799256503,1.0832260675114042e-07
152.38095238095235,5.91227130084764e-08
152.4944154877141,4.0076675638444554e-08
152.6080476900149,2.575342661324628e-08
152.72184936614468,2.3329135946437935e-08
152.8358208955224,2.1010582960712228e-08
152.9499626587005,2.174693521611242e-08
153.0642750373692,2.811253796214068e-08
153.1787584143605,3.0985095898627534e-08
153.29341317365268,3.208294947115154e-08
153.40823970037454,5.374637885732917e-08
153.5232383808096,6.735562631943386e-08
153.6384096024006,8.013967198862037e-08
153.75375375375376,7.81968710157375e-08
153.86927122464311,6.754813708030796e-08
153.98496240601503,1.1348373306105542e-07
154.10082768999246,1.3015021351037262e-07
154.2168674698795,1.478853797256828e-07
154.33308214016577,1.243652893416227e-07
154.4494720965309,9.321180429963927e-08
154.56603773584905,1.6077557486879942e-07
154.68277945619334,1.6180248104883953e-07
154.79969765684052,1.671750186092039e-07
154.91679273827532,1.3441605110204603e-07
155.0340651021953,1.354270967346958e-07
155.15151515151516,2.935430581936646e-07
155.2691432903715,2.9930202098744524e-07
155.38694992412746,2.960413371384034e-07
155.50493545937738,1.8485967792841852e-07
155.62310030395136,1.767205081346471e-07
155.74144486692012,4.911968693246024e-07
155.8599695585997,5.980442890242171e-07
155.97867479055597,7.00410644001757e-07
156.09756097560975,4.80938220545521e-07
156.21662852784135,3.380342607164717e-07
156.33587786259542,4.1316209330907554e-07
156.45530939648586,3.9787106386229145e-07
156.5749235474006,6.796649900291909e-07
156.69472073450652,1.2110580102417685e-06
156.8147013782542,8.482795120640412e-07
156.93486590038313,9.726290850773699e-07
157.05521472392638,1.6706015512700877e-07
157.17574827321565,6.635535987388051e-07
157.29646697388634,4.788937243570046e-07
157.4173712528824,5.745896138269422e-07
157.53846153846155,2.722496247932446e-06
157.65973826020013,1.5808356389991351e-06
157.78120184899845,3.431890749123767e-07
157.9028527370856,4.157667646689102e-08
158.02469135802468,6.328532544311408e-07
158.14671814671814,7.024259647765322e-07
158.26893353941267,1.2370640773027338e-06
158.39133797370457,1.1438206678770466e-06
158.5139318885449,3.0158996153368905e-07
158.63671572424477,8.259615228969906e-07
158.7596899224806,2.6189107442257034e-07
158.88285492629947,4.910187387738068e-07
159.0062111801242,1.8222836113384657e-06
159.12975912975912,1.4136611747209643e-06
159.25349922239502,1.0482756730312362e-06
159.37743190661476,7.446775478474395e-07
159.50155763239874,6.459357202953896e-07
159.62587685113016,2.896783382205659e-07
159.7503900156006,5.178744866827919e-07
159.87509758001562,1.719799614985884e-06
160.0,1.630808455132619e-06
160.12509773260362,4.1707111881671885e-07
160.2503912363067,1.3169883307823525e-06
160.37588097102582,9.699928301788687e-07
160.5015673981191,2.2808011672324985e-08
160.62745098039213,1.1533323186407656e-06
160.7535321821036,4.476952209184806e-07
160.87981146897093,7.778077835466074e-07
161.0062893081761,8.110544312853073e-07
161.13296616837135,4.176914655572325e-07
161.25984251968504,4.371318911407905e-07
161.38691883372735,1.5441718308331766e-07
161.51419558359618,3.449864418666893e-07
161.64167324388316,4.901286587920425e-07
161.7693522906793,1.0087004066022685e-07
161.89723320158103,5.597667977183893e-07
162.0253164556962,4.074420728661032e-07
162.15360253365006,2.62495605866144e-08
162.28209191759112,3.8490490790765396e-07
162.41078509119745,1.7629778738965018e-08
162.53968253968253,1.8278908230094402e-07
162.66878474980143,1.9993042069903684e-07
162.79809220985692,5.367615733127526e-09
162.92760540970565,2.014802598117775e-07
163.05732484076432,4.538072444284646e-08
163.18725099601593,3.861476097572985e-08
163.31738437001593,7.965393310572328e-08
163.44772545889865,5.8998720047030764e-09
163.57827476038338,1.0041680642050866e-07
163.709032773781,3.9056220907656366e-08
163.84,1.0826054271411369e-08
163.97117694155327,5.988416546562353e-08
164.1025641025641,1.725385996097439e-08
164.23416198877305,1.372702519820636e-08
164.3659711075441,1.5023110837173388e-08
164.49799196787149,1.89509121578568e-10
164.63022508038586,1.096880830185113e-08
164.76267095736122,4.501307317595834e-09
164.89533011272144,3.7709351718182365e-09
165.02820306204674,7.947215609184495e-09
165.16129032258064,1.375639329328403e-09
165.29459241323647,3.972197829630183e-09
165.4281098546042,4.600057307195746e-09
165.56184316895713,1.8385451530519466e-10
165.6957928802589,2.22462629327529e-09
165.82995951417004,1.5861784916001791e-09
165.9643435980551,2.81299992293232e-10
166.09894566098947,1.1218972789910658e-09
166.23376623376623,1.2024816839708743e-10
166.36880584890332,4.6532897162165073e-10
166.5040650406504,5.681387780277065e-10
166.63954434499593,1.7876705458887873e-10
166.77524429967426,5.661238798632795e-10
166.9111654441728,1.6217503812418408e-10
167.047308319739,1.878041657590358e-10
167.18367346938777,3.6139602038200076e-10
167.3202614379085,6.304718026599305e-11
167.45707277187245,1.2898992175408818e-10
167.59410801963992,1.5486045698762579e-10
167.7313677313677,8.112220490762709e-11
167.86885245901638,8.728510028668285e-11
168.00656275635768,7.527387079086811e-11
168.14449917898193,5.982532177642257e-11
168.28266228430567,5.6216363911753344e-11
168.42105263157896,6.409020615030664e-11
168.559670781893,3.495784188424283e-11
168.6985172981878,3.864430646761897e-11
168.83759274525966,3.8775918236745214e-11
168.97689768976898,2.2949252754941347e-11
169.11643270024774,3.808913021527173e-11
169.25619834710741,1.763254380261764e-11
169.39619520264682,2.0359138799487867e-11
169.53642384105962,2.8350313423413978e-11
169.67688483844242,9.071549418247519e-12
169.81757877280262,2.221230383254172e-11
169.95850622406635,1.6538849396693753e-11
170.09966777408638,7.926378155114464e-12
170.24106400665005,1.987716050003749e-11
170.3826955074875,9.451419443957269e-12
170.52456286427974,9.21572461003261e-12
170.66666666666666,1.4419060724246313e-11
170.8090075062552,5.734504182317692e-12
170.9515859766277,9.989334299649992e-12
171.09440267335003,9.990566667018285e-12
171.23745819397996,4.602471238924043e-12
171.3807531380753,9.148472505944305e-12
171.52428810720266,6.108734883135448e-12
171.66806370494552,4.392675643846099e-12
171.81208053691276,7.346896321239645e-12
171.95633921074725,4.087402725008454e-12
172.10084033613444,4.698541637705715e-12
172.24558452481077,5.4363112687617885e-12
172.3905723905724,2.546938620435395e-12
172.5358045492839,4.084914221004577e-12
172.681281618887,3.897015292024806e-12
172.82700421940928,2.597292828577675e-12
172.97297297297297,3.714684599047685e-12
173.11918850380385,2.224374043954527e-12
173.26565143824024,2.0271462976667054e-12
173.41236240474177,3.0825828267351693e-12
173.55932203389833,1.8827939776124922e-12
173.70653095843934,1.92127899188681e-12
173.85398981324278,2.0705927003291685e-12
174.0016992353441,1.3438049643943935e-12
174.14965986394557,1.922497403148261e-12
174.2978723404255,1.5128337672287544e-12
174.44633730834755,1.0854047202858328e-12
174.59505541346974,1.5602867428220937e-12
174.74402730375425,1.1459745543011926e-12
174.8932536293766,1.0605428646508908e-12
175.04273504273505,1.1707649656940151e-12
175.1924721984602,8.798547731016136e-13
175.34246575342465,8.752095873828947e-13
175.49271636675235,9.311005216095953e-13
175.6432246998285,7.016756531358566e-13
175.79399141630904,8.493744158970548e-13
175.94501718213058,6.985045818993586e-13
176.0963026655202,5.41884950623128e-13
176.24784853700515,6.64576016802398e-13
176.3996554694229,5.655687777227568e-13
176.55172413793102,5.055341106021919e-13
176.70405522001724,4.736286906788373e-13
176.85664939550952,5.24298162188049e-13
177.00950734658602,3.740234187212125e-13
177.16262975778545,4.436616844138282e-13
177.3160173160173,2.929922061569755e-13
177.46967071057193,3.4710621708673584e-13
177.62359063313096,4.18791997333939e-13
177.77777777777777,2.5936600190400407e-13
177.93223284100782,2.569647005629757e-13
178.08695652173913,2.2109133409763795e-13
178.24194952132288,3.0129023358970253e-13
178.397212543554,2.5916643347104366e-13
178.55274629468178,2.27768466296636e-13
178.70855148342056,1.0556447886590425e-13
178.86462882096066,1.825369686459636e-13
179.02097902097898,1.879542719132198e-13
179.17760279965006,1.8721261384856742e-13
179.33450087565674,1.83079092234632e-13
179.4916739702016,9.065506260890043e-14
179.64912280701753,1.2356318319000324e-13
179.80684811237927,6.679886042803715e-14
179.96485061511424,1.4762376944328377e-13
180.12313104661388,1.3078214296779324e-13
180.28169014084506,1.0838405217901302e-13
180.44052863436124,6.496102576195476e-14
180.59964726631395,9.589666526309786e-14
180.75904677846424,3.996484056921634e-14
180.91872791519435,5.064793154304199e-14
181.07869142351902,2.1552542963645684e-13
181.23893805309734,1.6894879915516502e-14
181.39946855624444,9.56805579259508e-14
181.56028368794324,1.4997319280882522e-13
181.72138420585628,4.599312072901955e-14
181.88277087033748,7.484282487616784e-14
182.04444444444445,3.3779386327997414e-13
182.20640569395016,8.485368569146737e-14
182.3686553873553,1.3819634667067868e-13
182.53119429590015,4.748097324134224e-13
182.69402319357712,2.601118046792683e-13
182.85714285714286,3.266307708292646e-13
183.0205540661305,7.672885146820204e-13
183.18425760286226,6.839820392922546e-13
183.34825425246197,7.3901627869063e-13
183.51254480286738,1.641964577157572e-12
183.67713004484304,1.6562642307453264e-12
183.84201077199282,1.6770924881938582e-12
184.00718778077265,3.149728145494389e-12
184.1726618705036,3.6110168398144993e-12
184.33843384338437,4.2277901129803615e-12
184.5045045045045,5.939470272027618e-12
184.67087466185754,7.14101167670786e-12
184.83754512635377,8.606038614868424e-12
185.0045167118338,1.2027476793287591e-11
185.17179023508135,1.3815226636593804e-11
185.33936651583707,1.557835658917558e-11
185.5072463768116,2.157168328129826e-11
185.675430643699,2.5668050140076564e-11
185.84392014519057,2.8705775788683954e-11
186.01271571298818,3.575217634526493e-11
186.1818181818182,4.206147860325142e-11
186.3512283894449,4.925623872037538e-11
186.52094717668484,5.79703075289018e-11
186.69097538742025,6.635446079700621e-11
186.86131386861314,7.468551296844813e-11
187.03196347031962,8.601995855717592e-11
187.20292504570384,9.773188407098869e-11
187.37419945105214,1.043311025415573e-10
187.54578754578753,1.1729851974913925e-10
187.71769019248396,1.229787132505501e-10
187.88990825688072,1.3412039361525354e-10
188.06244260789717,1.3815835612123813e-10
188.23529411764707,1.3979928338206204e-10
188.40846366145354,1.3885120190729376e-10
188.5819521178637,1.3932576225044252e-10
188.75576036866357,1.2882979920355773e-10
188.92988929889296,1.1913191270977936e-10
189.10433979686056,1.0591768421881044e-10
189.27911275415894,8.983269427268126e-11
189.45420906567992,7.11599272567172e-11
189.62962962962962,5.3980092160653835e-11
189.80537534754404,3.432340365792251e-11
189.98144712430428,2.1032457754401983e-11
190.15784586815226,8.985180645878587e-12
190.3345724907063,2.3721308496035272e-12
190.51162790697674,1.1204799672688328e-12
190.68901303538178,4.56833479442357e-12
190.8667287977633,1.3454532888111187e-11
191.044776119403,2.4295565910393575e-11
191.22315592903828,3.871689389545729e-11
191.4018691588785,5.1172758753601913e-11
191.5809167446211,6.148126089703087e-11
191.76029962546815,6.882963917187733e-11
191.94001874414244,7.164151511938747e-11
192.12007504690433,7.085560955983662e-11
192.3004694835681,6.503841038572723e-11
192.48120300751881,5.835193235938603e-11
192.66227657572907,4.945069482265832e-11
192.8436911487759,4.446067873038146e-11
193.02544769085767,4.244306469923945e-11
193.2075471698113,4.647951406282595e-11
193.38999055712932,5.866451187003403e-11
193.57277882797732,7.934240624135366e-11
193.75591296121098,1.0789769518527468e-10
193.93939393939394,1.4326626323553017e-10
194.12322274881518,1.8276513573065421e-10
194.30740037950665,2.2134758703865255e-10
194.49192782526114,2.4929727968189967e-10
194.67680608365018,2.679870983843091e-10
194.86203615604185,2.6543300618558616e-10
195.04761904761907,2.42681063860301e-10
195.23355576739752,1.9968048729309869e-10
195.4198473282443,1.4492214066307863e-10
195.6064947468959,9.934757207658716e-11
195.79349904397705,7.287350790418878e-11
195.9808612440191,8.745406341415844e-11
196.1685823754789,1.5971355309306993e-10
196.35666347075744,2.8991879307615137e-10
196.5451055662188,4.688156508090243e-10
196.73390970220942,6.732056812958437e-10
196.92307692307693,8.608360929395935e-10
197.1126082771896,1.0075330664702091e-09
197.30250481695566,1.0747847634324598e-09
197.4927675988428,1.0418014808023214e-09
197.68339768339766,9.211511524415333e-10
197.8743961352657,7.356138006713772e-10
198.06576402321085,5.375843257596092e-10
198.25750242013552,3.480203896366298e-10
198.44961240310076,2.14949909227557e-10
198.64209505334625,1.5352647058422886e-10
198.83495145631065,1.739306435251749e-10
199.02818270165207,2.5570883371940144e-10
199.22178988326846,3.905834928267043e-10
199.4157740993184,5.536725942811272e-10
199.61013645224173,7.158360836542131e-10
199.8048780487805,8.584117291489913e-10
200.0,9.09916381425432e-10
200.19550342130987,8.804691716646179e-10
200.3913894324853,7.386088482494201e-10
200.58765915768853,5.171210953081894e-10
200.78431372549022,2.876822623502962e-10
200.9813542688911,1.6355127473372266e-10
201.17878192534383,2.216181331584343e-10
201.37659783677483,4.848175698121697e-10
201.5748031496063,8.868980808860237e-10
201.77339901477833,1.2950712744882899e-09
201.9723865877712,1.5442307566017409e-09
202.1717670286278,1.550766695872967e-09
202.3715415019763,1.3120336160892918e-09
202.57171117705244,9.273884545656087e-10
202.77227722772278,5.917789672143383e-10
202.97324083250743,4.783255221883649e-10
203.17460317460316,6.839698522451359e-10
203.37636544190661,1.1757324550258925e-09
203.57852882703776,1.7864645984039394e-09
203.78109452736314,2.275887214008288e-09
203.98406374501994,2.3971416838640273e-09
204.1874376869392,2.050960333930842e-09
204.39121756487026,1.3512199729981253e-09
204.5954045954046,5.989058684299291e-10
204.79999999999998,9.774359381123645e-11
205.005005005005,2.9885089691825167e-11
205.21042084168334,3.271810599218503e-10
205.41624874623875,7.625176360320936e-10
205.62248995983938,1.0914964941775548e-09
205.8291457286432,1.2257718082530152e-09
206.03621730382292,1.194081452140095e-09
206.24370594159112,1.072488932383882e-09
206.4516129032258,9.143141302911244e-10
206.65993945509584,7.305440765704629e-10
206.86868686868684,5.799701756596856e-10
207.07785642062692,5.754555499360728e-10
207.28744939271257,7.854362797254576e-10
207.49746707193518,1.1566134374296634e-09
207.7079107505071,1.4354816610810546e-09
207.9187817258883,1.4173031095625783e-09
208.130081300813,1.0377291285101397e-09
208.34181078331636,5.613173731802352e-10
208.55397148676167,2.5089833163195025e-10
208.7665647298675,2.768125752532728e-10
208.9795918367347,5.136529879080898e-10
209.19305413687437,7.859622062805035e-10
209.40695296523518,8.90137575848389e-10
209.6212896622313,8.764278827372252e-10
209.83606557377047,7.730671597288835e-10
210.05128205128204,6.225875078129347e-10
210.26694045174537,4.4850769351943403e-10
210.48304213771837,2.2993689972543984e-10
210.69958847736626,6.765860458550216e-11
210.91658084449023,1.296703253774742e-11
211.1340206185567,1.1114675109733073e-10
211.3519091847265,3.623633637707612e-10
211.5702479338843,6.775283664069032e-10
211.78903826266804,9.84041773756689e-10
212.00828157349895,1.0920756125758902e-09
212.22797927461139,8.690741165227655e-10
212.448132780083,4.5986527382535046e-10
212.668743509865,2.026841570397107e-10
212.88981288981287,6.502457417404214e-10
213.11134235171693,1.932237347069181e-09
213.33333333333334,3.4602379957338398e-09
213.555787278415,4.566557454246578e-09
213.7787056367432,4.2477718063674315e-09
214.00208986415882,3.097643562624033e-09
214.22594142259413,1.569913001407182e-09
214.4502617801047,6.150276360724521e-10
214.67505241090146,3.100911569130645e-10
214.900314795383,2.8600366863958113e-10
215.12605042016807,3.9982657072949485e-10
215.35226077812828,3.610992092179426e-10
215.57894736842104,3.354544082208489e-10
215.80611169652263,1.9164576345996512e-10
216.03375527426158,3.4142671204488917e-10
216.26187961985215,1.2270053286701963e-09
216.49048625792813,2.2149757329173282e-09
216.7195767195767,3.18995705958281e-09
216.9491525423729,2.6639116715551016e-09
217.17921527041358,2.1619489474521332e-09
217.40976645435242,1.4904698426356748e-09
217.64080765143464,1.8216063287689123e-09
217.87234042553192,1.6407940037820945e-09
218.10436634717786,1.4988061307157143e-09
218.33688699360337,1.1788598543427087e-09
218.5699039487727,1.3930116746711527e-09
218.80341880341882,1.9843075792075557e-09
219.0374331550802,1.7735411019046038e-09
219.27194860813702,1.432706742016379e-09
219.5069667738478,5.153349645874454e-10
219.74248927038627,2.4823509546442576e-10
219.97851772287862,3.340705446808262e-11
220.21505376344086,1.5777845816294796e-10
220.45209903121636,7.603603133738521e-11
220.68965517241378,1.1308121820732108e-11
220.92772384034518,3.397232510478335e-10
221.16630669546436,8.044807728133029e-10
221.4054054054054,2.9603142879576687e-09
221.64502164502164,3.074337181279176e-09
221.88515709642468,4.05343426709537e-09
222.12581344902384,1.1613470778138906e-09
222.36699239956567,4.1188880106637973e-10
222.6086956521739,1.0161725406071733e-09
222.85092491838955,1.317813420437285e-09
223.09368191721134,3.048568074791255e-09
223.3369683751363,7.939884003702499e-10
223.58078602620085,5.667275628155542e-10
223.82513661202185,1.8418557179452533e-10
224.07002188183807,4.1190692564301826e-11
224.31544359255204,4.216589670717612e-10
224.56140350877192,9.989200788801402e-10
224.80790340285398,2.3708265276236625e-09
225.05494505494505,1.5199539424132164e-09
225.30253025302528,2.375361902951534e-09
225.55066079295153,1.8633007704913678e-10
225.79933847850054,1.2542018988276796e-09
226.0485651214128,1.7575512327250523e-09
226.29834254143645,1.71030691465654e-10
226.54867256637166,1.84847943135553e-09
226.79955703211516,1.346112467884557e-09
227.0509977827051,8.387988761218728e-10
227.30299667036624,4.372120360310817e-09
227.55555555555554,7.832363212311498e-10
227.80867630700777,4.375447473109404e-09
228.06236080178175,2.9858488471561994e-09
228.31661092530658,2.152650342400079e-09
228.57142857142856,2.2597228377540284e-09
228.82681564245812,8.415550278532971e-10
229.082774049217,7.155718689037712e-10
229.33930571108624,1.2407875493447061e-09
229.59641255605382,2.2145050874709435e-09
229.8540965207632,7.105389624230727e-10
230.1123595505618,4.0668462630845745e-09
230.37120359955006,4.464920911524694e-10
230.6306306306306,7.537486197483321e-10
230.89064261555805,3.262775491587846e-09
231.1512415349887,1.1719848313100812e-10
231.41242937853107,2.2781619639005623e-09
231.67420814479635,2.0344469887494044e-09
231.9365798414496,1.260250989231767e-09
232.19954648526078,8.247907164652819e-10
232.46311010215663,4.439161206460403e-09
232.7272727272727,2.13997736968597e-10
232.9920364050057,5.363827355418106e-09
233.25740318906605,4.497902622060383e-10
233.52337514253134,9.856207077761438e-10
233.78995433789953,1.9988133998919565e-09
234.05714285714288,2.7585559702057348e-09
234.32494279176203,5.388560247337898e-10
234.59335624284074,4.706197823481644e-09
234.8623853211009,4.62645696553911e-09
235.13203214695753,1.2922276162554391e-09
235.4022988505747,1.4914595043901044e-08
235.67318757192174,5.977009681362415e-09
235.9447004608295,9.334855275384186e-09
236.2168396770473,1.7756563724837173e-08
236.48960739030022,1.7289713485648437e-08
236.76300578034682,2.1096386471282193e-08
237.03703703703707,4.4360082502075664e-08
237.3117033603708,2.3268523693807203e-08
237.58700696055683,5.170159746312012e-08
237.862950058072,5.723270328536943e-08
238.13953488372093,4.975179804303458e-08
238.41676367869616,1.2386488847957144e-07
238.69463869463866,6.507643617407455e-08
238.97316219369893,1.3173920445748208e-07
239.25233644859816,1.9177126558953685e-07
239.53216374269007,1.201322819752107e-07
239.81264637002343,1.9946994030231156e-07
240.0937866354044,4.072180108449156e-07
240.37558685446012,1.7072423144515547e-07
240.65804935370153,3.921324466262663e-07
240.94117647058823,6.378532533517212e-07
241.2249705535924,4.6446148017239094e-07
241.50943396226415,5.580632039002867e-07
241.79456906729635,9.504517845949216e-07
242.080378250591,1.1754733618360008e-06
242.3668639053254,7.467555900463827e-07
242.65402843601896,1.0602732563797018e-06
242.94187425860022,2.3705934085137285e-06
243.23040380047507,1.3800183025885494e-06
243.51961950059456,7.204282246050172e-07
243.80952380952382,3.434773586610086e-06
244.1001191895113,2.9822690905888193e-06
244.39140811455846,7.100915897345566e-07
244.68339307048984,3.3735429404343702e-06
244.97607655502392,6.543549431437444e-06
245.2694610778443,3.316476197016799e-06
245.56354916067144,2.4647802495205754e-06
245.85834333733493,1.2574301558681458e-05
246.15384615384616,1.5299785302228445e-05
246.4500601684717,2.726472537358483e-06
246.7469879518072,1.1398516597331022e-05
247.04463208685164,3.5902043076834325e-05
247.34299516908212,2.352716930346006e-05
247.6420798065296,1.6539366386263968e-06
247.9418886198547,2.5860768269707044e-05
248.24242424242422,5.039195943266867e-05
248.54368932038832,2.281459752350205e-05
248.8456865127582,4.417020811883424e-06
249.14841849148416,3.574980385423585e-05
249.45188794153472,3.271554666250198e-05
249.75609756097558,1.7340609531542962e-05
250.06105006105005,7.501453268756963e-05
250.36674816625916,0.00015596964241134287
250.6731946144431,3.900395382098115e-05
250.98039215686276,4.748860480642406e-05
251.2883435582822,0.0004179688938163886
251.5970515970516,0.0005431297905835945
251.90651906519062,0.0003599797402143159
252.21674876847288,5.8072605005750145e-05
252.52774352651045,0.0007333810761755647
252.8395061728395,0.0014089799506601592
253.15203955500616,0.0007942751223722218
253.46534653465346,0.0003473160744226447
253.7794299876084,0.00011415963339609282
254.09429280397023,0.0010944343302684869
254.40993788819875,0.0019762526569539907
254.726368159204,0.0014613966502820266
255.04358655043586,0.002133429327386708
255.36159600997507,0.0005685442279031663
255.6803995006242,0.001242909241517975
255.99999999999997,0.005138680044877291
256.3204005006258,0.007079666742777551
256.64160401002505,0.0165000319075685
256.9636135508155,0.00737707838503303
257.286432160804,0.003705966589931625
257.61006289308176,0.03164638018772083
257.9345088161209,0.03798364757954522
258.2597730138714,0.0565889577457789
258.5858585858586,0.011458463225644885
258.91276864728195,0.06360903638455642
259.24050632911394,0.156283955812901
259.5690747782003,0.1067691867738377
259.8984771573604,0.15291074653486988
260.22871664548916,0.07628061464518761
260.55979643765903,0.1418393868026986
260.89171974522293,0.10861662777929902
261.2244897959184,0.0914896813479888
261.5581098339719,0.0560036296941878
261.89258312020456,0.09688719311587146
262.2279129321382,0.5219602274938497
262.56410256410254,0.32554703885807174
262.9011553273428,0.03280554699010027
263.2390745501285,0.06535650038794033
263.5778635778636,0.8218000398099913
263.91752577319585,0.8799272651585157
264.258064516129,0.0973734611610789
264.59948320413434,0.0869749658583648
264.9417852522639,0.23566725293574234
265.2849740932642,0.002383878490257186
265.6290531776913,0.04474672871690154
265.974025974026,0.21060972787674423
266.3198959687906,0.09337426734702145
266.66666666666663,0.27752556088971325
267.01434159061273,0.07646518601896073
267.3629242819843,0.06689611346734384
267.7124183006536,0.018868782114903705
268.0628272251309,0.08651737596458024
268.41415465268676,0.0340108019735174
268.76640419947506,0.09092652032574397
269.119579500657,0.08853133552206971
269.47368421052636,0.21323136746954738
269.82872200263506,0.02965241469474615
270.1846965699208,0.013460364348571776
270.5416116248349,0.05171534713407302
270.8994708994709,0.050901464286836166
271.25827814569533,0.11902869445032693
271.6180371352785,0.0024349314444027043
271.97875166002655,0.008121703511233577
272.3404255319149,0.01735731837936925
272.70306258322233,0.002029084893368808
273.06666666666666,0.00825556855395745
273.4312416555407,0.00010584375295565385
273.7967914438503,0.011657641070436896
274.1633199464525,0.013092939765521299
274.5308310991957,0.0008499758972672694
274.8993288590604,0.006848771698638186
275.26881720430106,0.003438131000706685
275.6393001345895,0.0011071953724192676
276.010781671159,0.0014678814968852511
276.3832658569501,0.0004333546389322034
276.7567567567567,0.0008434174671713194
277.1312584573748,0.0002013936870373166
277.50677506775065,8.673825660028174e-05
277.88331071913166,0.00020132373404208414
278.2608695652174,0.00038861230636902047
278.6394557823129,0.00025472618410141097
279.01907356948226,6.994895555330795e-05
279.39972714870396,8.8728140828156e-05
279.78142076502735,0.0001025926276628743
280.1641586867305,0.00014094635868668628
280.54794520547944,1.722391834891964e-05
280.93278463648835,3.073952731976545e-06
281.31868131868134,6.209621495213939e-05
281.70563961485556,5.996345444057879e-06
282.0936639118457,4.0739194205136e-05
282.48275862068965,2.2261806936653777e-05
282.8729281767956,1.5065338862554564e-05
283.2641770401106,5.300506616278701e-05
283.6565096952908,7.962693442383067e-06
284.0499306518724,2.1553136179024693e-05
284.44444444444446,2.9708037924772227e-05
284.84005563282335,7.79698261376131e-06
285.2367688022284,2.8882987839793803e-05
285.63458856345886,1.6240428443617475e-05
286.0335195530726,9.098320785874097e-06
286.43356643356645,2.1939148057126812e-05
286.8347338935574,9.115831849568583e-06
287.23702664796633,1.3772489676123607e-05
287.6404494382022,1.6804419972973516e-05
288.0450070323488,4.344805957090974e-06
288.4507042253521,1.3782117711987448e-05
288.85754583921016,1.0673445714396637e-05
289.2655367231638,3.92478975503988e-06
289.6746817538897,1.3333900436051961e-05
290.08498583569406,5.499974849426795e-06
290.49645390070924,5.213673419497196e-06
290.9090909090909,1.0224836685360364e-05
291.32290184921766,2.4225173581619465e-06
291.73789173789174,6.255439361373622e-06
292.15406562054204,7.094357642346398e-06
292.57142857142856,1.6300043756293196e-06
292.9899856938483,6.59030156865271e-06
293.4097421203438,3.6639575234871055e-06
293.83070301291247,2.017950228201466e-06
294.2528735632184,5.7638848884119835e-06
294.67625899280574,1.6900764709078979e-06
295.1008645533141,2.784029140934078e-06
295.52669552669556,4.098053607579077e-06
295.9537572254335,8.052216360003606e-07
296.3820549927641,3.0757472524484806e-06
296.81159420289856,2.542515591601326e-06
297.2423802612482,7.410299684910152e-07
297.6744186046512,2.8754690445695646e-06
298.1077147016012,1.2789588956064417e-06
298.54227405247815,1.0995416766417156e-06
298.978102189781,2.265275572425466e-06
299.41520467836256,5.275637078530275e-07
299.8535871156662,1.3219595782398921e-06
300.2932551319648,1.5403718020321607e-06
300.73421439060206,3.494969833403861e-07
301.17647058823525,1.3652520926093275e-06
301.620029455081,8.589997932167042e-07
302.06489675516224,3.2045945860717793e-07
302.5110782865583,1.2968616585589364e-06
302.95857988165676,3.832113429697019e-07
303.4074074074074,5.12164544781476e-07
303.85756676557867,9.146008459980244e-07
304.30906389301634,1.8325333262875885e-07
304.7619047619047,5.27007476696717e-07
305.2160953800298,5.904214450388588e-07
305.6716417910448,1.423358035796789e-07
306.1285500747384,5.994189446706247e-07
306.58682634730536,2.899398101855632e-07
307.0464767616192,1.5338760147848415e-07
307.5075075075075,4.889716339781313e-07
307.96992481203006,1.4838665652124252e-07
308.433734939759,2.400607870770665e-07
308.8989441930618,3.5549701143208795e-07
309.3655589123867,5.444908193357194e-08
309.83358547655064,2.4053567622267474e-07
310.3030303030303,2.3245965604084038e-07
310.7738998482549,6.220513950528245e-08
311.2462006079027,2.0106886916715447e-07
311.7199391171994,1.321045026658262e-07
312.1951219512195,7.879617725703168e-08
312.67175572519085,2.0886847129906672e-07
313.1498470948012,4.5254613706278706e-08
313.6294027565084,9.273282023347191e-08
314.11042944785277,1.5454347163896237e-07
314.5929339477727,2.1517644772990773e-08
315.0769230769231,1.0043166387356296e-07
315.5624036979969,9.362022302294567e-08
316.04938271604937,2.2799224896163545e-08
316.53786707882534,9.458510610439736e-08
317.0278637770898,3.9847680662486595e-08
317.5193798449612,3.30990381443744e-08
318.0124223602484,7.907730396042276e-08
318.50699844479004,1.327587232664401e-08
319.0031152647975,4.744697723605468e-08
319.5007800312012,4.499424680668279e-08
320.0,1.2190914656564515e-08
320.5007824726134,3.979389419162247e-08
321.0031347962382,2.8047217314078976e-08
321.5070643642072,7.26144617552596e-09
322.0125786163522,4.3745956395684684e-08
322.5196850393701,1.063077055312425e-08
323.02839116719235,1.2070437207558499e-08
323.5387045813586,3.80980137189571e-08
324.0506329113924,5.195900251106398e-09
324.56418383518223,1.168013647190203e-08
325.07936507936506,1.682382961897269e-08
325.59618441971384,6.043863809157632e-09
326.11464968152865,2.596300336719803e-08
326.63476874003186,1.034301210898596e-08
327.15654952076676,6.8586783343819785e-09
327.68,6.187673705338437e-09
328.2051282051282,6.686685104398233e-09
328.7319422150882,3.5269949572913663e-09
329.2604501607717,1.7595586488217212e-08
329.7906602254429,1.9889951800859557e-09
330.3225806451613,1.1763644489916881e-08
330.8562197092084,3.844856590881617e-09
331.3915857605178,1.2709645770993324e-09
331.9286871961102,4.630885374985453e-09
332.46753246753246,5.908671346253819e-09
333.0081300813008,2.9989377064260987e-09
333.5504885993485,2.678433989013812e-09
334.094616639478,4.068996903733985e-09
334.640522875817,2.1481558012308415e-09
335.18821603927984,2.760692075563441e-09
335.73770491803276,1.5808131656138375e-09
336.28899835796386,2.7552798822151577e-09
336.8421052631579,2.2701846035599624e-09
337.3970345963756,4.534722414155624e-10
337.95379537953795,3.351495775781332e-09
338.51239669421483,3.4727160217892417e-09
339.07284768211923,1.6403224719010765e-10
339.63515754560524,1.0401415242906082e-09
340.19933554817277,1.1776557700650737e-09
340.765391014975,1.8543550866527885e-10
341.3333333333333,1.715914381587058e-09
341.9031719532554,5.513992617016657e-10
342.4749163879599,2.7947453687382095e-09
343.04857621440533,7.092280200716481e-10
343.6241610738255,1.1981769688756213e-09
344.2016806722689,1.475937445824768e-09
344.7811447811448,5.904230274922325e-10
345.362563237774,8.325680117924713e-11
345.94594594594594,2.124474594098963e-09
346.5313028764805,2.4739337802372928e-11
347.11864406779665,1.2502101060963486e-09
347.70797962648555,1.0344620425301264e-09
348.29931972789115,2.5357819648230428e-11
348.8926746166951,8.141909240930089e-10
349.4880546075085,3.2112754123700436e-10
350.0854700854701,1.0774002868138263e-09
350.6849315068493,2.276901644081304e-09
351.286449399657,2.616520803652171e-10
351.89003436426117,9.096474252972642e-10
352.4956970740103,3.210153116970861e-10
353.10344827586204,4.4852631860353063e-10
353.71329879101904,2.6316998221098315e-10
354.3252595155709,6.361814409604596e-10
354.93934142114387,8.035379154660531e-10
355.55555555555554,1.765655455068714e-09
356.17391304347825,1.840851027793572e-10
356.794425087108,7.634936680237548e-10
357.4171029668411,1.2182719519758495e-09
358.04195804195797,4.8242530091296e-11
358.6690017513135,4.921290746027358e-10
359.29824561403507,3.5552471904627106e-10
359.9297012302285,2.0953183856235674e-10
360.5633802816901,6.645168171334855e-10
361.1992945326279,3.8108021453695775e-10
361.8374558303887,1.2061346399869628e-10
362.4778761061947,3.3383521375980133e-10
363.1205673758865,1.4605687981122428e-12
363.76554174067496,2.9862502942698115e-10
364.4128113879003,4.498296524280995e-11
365.0623885918003,3.4536260203545e-10
365.7142857142857,1.1767796988351886e-10
366.3685152057245,7.783770327521309e-10
367.02508960573476,5.801045051192791e-10
367.68402154398564,6.122094629043678e-12
368.3453237410072,3.88318270465218e-10
369.009009009009,4.68910237156224e-10
369.67509025270755,5.822447577145552e-10
370.3435804701627,3.537790308806728e-10
371.0144927536232,1.9227661244012884e-10
371.68784029038113,8.905729703296887e-11
372.3636363636364,7.495689412898005e-11
373.0418943533697,6.888644902888206e-11
373.7226277372263,7.992495869430709e-10
374.4058500914077,4.991914537837168e-10
375.09157509157507,6.39423723514047e-10
375.77981651376143,3.0085808640107876e-10
376.47058823529414,4.100741162876028e-10
377.1639042357274,3.423221255385421e-10
377.8597785977859,1.680329552306905e-09
378.5582255083179,9.494188886071753e-10
379.25925925925924,1.3720420581597347e-10
379.96289424860856,3.419019452846336e-11
380.6691449814126,4.340371313178636e-10
381.37802607076355,8.429811546525537e-10
382.089552238806,3.420212327808233e-10
382.803738317757,1.7643160341142708e-10
383.5205992509363,2.2188463482885134e-11
384.24015009380867,9.218558464976423e-11
384.96240601503763,9.103037396517923e-11
385.6873822975518,2.3472331326535074e-11
386.4150943396226,1.1858065882205785e-10
387.14555765595463,2.245992756991693e-11
387.8787878787879,4.3567210418002783e-10
388.6148007590133,2.7339081352072896e-10
389.35361216730035,1.11443435043341e-12
390.09523809523813,8.965171491508842e-10
390.8396946564886,1.5584899678026494e-09
391.5869980879541,5.579591419355009e-10
392.3371647509578,5.070681065891731e-10
393.0902111324376,2.487061340898138e-11
393.84615384615387,3.1049467522030515e-10
394.6050096339113,1.3676713174631681e-09
395.3667953667953,7.984044261786045e-10
396.1315280464217,4.724681485396465e-10
396.8992248062015,1.1288946693979934e-09
397.6699029126213,1.5814507121577693e-10
398.4435797665369,8.202707360925259e-11
399.22027290448347,1.1690490074538216e-10
400.0,2.354058524094259e-10
400.7827788649706,4.874868860948657e-12
401.56862745098044,6.417715102401402e-10
402.35756385068765,7.900038907023588e-10
403.1496062992126,1.3227800887194517e-10
403.9447731755424,1.3556328520558478e-10
404.7430830039526,3.3735312195143303e-10
405.54455445544556,1.3498849954331175e-11
406.3492063492063,1.0359508074422187e-10
407.1570576540755,3.3644781976618284e-10
407.9681274900399,5.970853517541746e-10
408.7824351297405,4.0576803254124246e-10
409.59999999999997,7.0130341874184e-11
410.4208416833667,2.8636964326880547e-10
411.24497991967877,2.865986558677494e-10
412.07243460764585,1.2724430133768696e-10
412.9032258064516,7.807172911689171e-10
413.7373737373737,6.910115386420941e-10
414.57489878542515,1.4365696468059178e-10
415.4158215010142,4.0803017177862605e-10
416.260162601626,1.2096339618323439e-11
417.10794297352334,1.0441502505494964e-10
417.9591836734694,1.1303596172758067e-10
418.81390593047036,1.5497225298320046e-10
419.67213114754094,7.433970773832944e-12
420.53388090349074,3.600822732110463e-11
421.3991769547325,1.0012950689944897e-10
422.2680412371134,1.784987071724398e-11
423.1404958677686,1.870410984549159e-10
424.0165631469979,1.3548061624205642e-10
424.896265560166,1.7122526057443715e-12
425.77962577962575,1.6512945772774825e-10
426.6666666666667,9.711888629783837e-10
427.5574112734864,1.2293253047856312e-09
428.45188284518827,1.4271359521300664e-11
429.3501048218029,6.82411530783735e-12
430.25210084033614,3.99646540895815e-10
431.1578947368421,1.2386003679574472e-10
432.06751054852316,6.438082091156627e-10
432.98097251585625,3.2335255709287043e-10
433.8983050847458,1.585930586940414e-10
434.81953290870484,1.8061685968648528e-11
435.74468085106383,8.071880511697117e-11
436.67377398720674,7.685100692673171e-10
437.60683760683764,4.467233805742661e-10
438.54389721627405,2.491476830339095e-10
439.48497854077254,3.375346634678107e-10
440.4301075268817,8.176892220244353e-10
441.37931034482756,2.300403096863431e-10
442.3326133909287,1.4959069239433828e-10
443.2900432900433,2.50970626817892e-10
444.2516268980477,3.313059024195644e-10
445.2173913043478,3.258317250598962e-10
446.1873638344227,4.453492349514452e-10
447.1615720524017,1.1242900371020726e-10
448.14004376367615,1.8648609917008734e-09
449.12280701754383,1.4715309103927853e-10
450.1098901098901,1.6045309697603776e-09
451.10132158590307,7.301943267424224e-11
452.0971302428256,1.0645971010684776e-09
453.0973451327433,2.9696784303365734e-10
454.1019955654102,5.114399641985942e-10
455.1111111111111,1.402623293018577e-09
456.1247216035635,1.5059853609089758e-09
457.1428571428571,7.336929583198897e-10
458.165548098434,3.5530805307637076e-10
459.19282511210764,1.0338721216749061e-09
460.2247191011236,2.3656431755845486e-09
461.2612612612612,7.048807910860201e-10
462.3024830699774,4.670929633567172e-09
463.3484162895927,1.2187558879185686e-10
464.39909297052156,4.9732289309464185e-09
465.4545454545454,2.6218108652711007e-09
466.5148063781321,9.708911792406009e-10
467.57990867579906,6.1425768207591454e-09
468.64988558352405,1.2480943098846763e-09
469.7247706422018,8.310810068054727e-10
470.8045977011494,9.842307104561918e-09
471.889400921659,2.392493283226931e-09
472.97921478060044,3.6514325733514618e-09
474.07407407407413,6.880100111639653e-09
475.17401392111367,7.563688116469335e-09
476.27906976744185,6.259531401925064e-09
477.3892773892773,1.75561714511124e-08
478.5046728971963,5.345195678525526e-09
479.62529274004686,1.1257288575817842e-08
480.75117370892025,3.104871910863206e-08
481.88235294117646,5.056227042750549e-09
483.0188679245283,2.2468378316344873e-08
484.160756501182,4.33268598103152e-08
485.3080568720379,5.12669627023318e-09
486.46080760095015,4.7187967931402086e-08
487.61904761904765,6.1642575035115e-08
488.7828162291169,1.0427342386589577e-08
489.95215311004785,8.105127038404413e-08
491.1270983213429,7.268845256820473e-08
492.3076923076923,1.5925910997425623e-08
493.4939759036144,1.4004426850574768e-07
494.68599033816423,8.600621061162792e-08
495.8837772397094,3.4382521574091853e-08
497.08737864077665,2.0876985454390768e-07
498.29683698296833,9.38836423963848e-08
499.51219512195115,7.443828619611176e-08
500.7334963325183,2.8600769287079905e-07
501.9607843137255,9.31867048957056e-08
503.1941031941032,1.3124085802765474e-07
504.43349753694577,3.900560158331803e-07
505.679012345679,7.994101384157825e-08
506.9306930693069,2.2749569329584022e-07
508.18858560794047,5.203829011963383e-07
509.452736318408,5.368677275461059e-08
510.72319201995015,3.47449797475293e-07
511.99999999999994,6.696802410022503e-07
513.2832080200501,3.2919554799623345e-08
514.572864321608,5.199548583401983e-07
515.8690176322418,8.907397916732151e-07
517.1717171717172,2.1297291563550593e-08
518.4810126582279,8.095809673247471e-07
519.7969543147208,1.213517956072753e-06
521.1195928753181,3.774203866258575e-08
522.4489795918367,1.2877635442419792e-06
523.7851662404091,1.9507908267630102e-06
525.1282051282051,7.029818805035697e-08
526.478149100257,2.238959420675196e-06
527.8350515463917,3.310613071448604e-06
529.1989664082687,5.7066187842223725e-08
530.5699481865284,4.321203940724214e-06
531.948051948052,5.783669847039296e-06
533.3333333333333,3.289927896936972e-08
534.7258485639686,9.25577466673606e-06
536.1256544502618,9.322854944576949e-06
537.5328083989501,4.364652909074545e-07
538.9473684210527,1.977154056807397e-05
540.3693931398416,1.3228195971028794e-05
541.7989417989418,3.336386558772075e-06
543.236074270557,3.880583903295221e-05
544.6808510638298,1.5505660771188913e-05
546.1333333333333,1.3901437652547247e-05
547.5935828877006,6.963804170094248e-05
549.0616621983914,1.3457520909148964e-05
550.5376344086021,4.2616096775840366e-05
552.021563342318,0.0001109839731885452
553.5135135135134,6.403616289589278e-06
555.0135501355013,0.0001047147312223729
556.5217391304348,0.00015463805678899657
558.0381471389645,1.5550652152658261e-06
559.5628415300547,0.00021758687636986941
561.0958904109589,0.00018543155198554387
562.6373626373627,2.077765020446807e-05
564.1873278236914,0.00039112692791491276
565.7458563535912,0.00018181879080410526
567.3130193905816,0.00010552432481432857
568.8888888888889,0.0006184359414612051
570.4735376044569,0.00013120842863318196
572.0670391061452,0.0003135134167234036
573.6694677871149,0.0008619081091272994
575.2808988764044,5.036039784006586e-05
576.9014084507043,0.0007065648166470549
578.5310734463276,0.0010543073704287846
580.1699716713881,1.1193493523328203e-06
581.8181818181818,0.0013130373917565564
583.4757834757835,0.0011234780689395186
585.1428571428571,0.00010052803645002122
586.8194842406876,0.0021102130339180278
588.5057471264367,0.0010288943161895592
590.2017291066282,0.0004966443360025633
591.907514450867,0.0030061221041431277
593.6231884057971,0.0008112413871684454
595.3488372093024,0.0013115288628794454
597.0845481049563,0.0038961412476533545
598.8304093567251,0.0006118929136355031
600.5865102639297,0.0026016136785963324
602.3529411764705,0.004758848940458155
604.1297935103245,0.0006078924773918352
605.9171597633135,0.004387239914565803
607.7151335311573,0.005739698070733374
609.5238095238094,0.0008939086915961471
611.3432835820896,0.006851936985110712
613.1736526946107,0.007137500057692179
615.015015015015,0.0014100689688021865
616.867469879518,0.010659480212906561
618.7311178247734,0.009098512293877908
620.6060606060606,0.002194254331383559
622.4924012158054,0.01725774213212869
624.390243902439,0.011122021121012874
626.2996941896024,0.004152457759188669
628.2208588957055,0.02864631605678856
630.1538461538462,0.01170808170782642
632.0987654320987,0.010382905919084898
634.0557275541796,0.046204400389935146
636.0248447204968,0.008974003366174314
638.006230529595,0.027365512150636873
640.0,0.06851618737671131
642.0062695924764,0.0030706241697814928
644.0251572327044,0.06451495852938513
646.0567823343847,0.08957627551661702
648.1012658227849,0.0003821194402759603
650.1587301587301,0.1312934047731666
652.2292993630573,0.0995723137461236
654.3130990415335,0.01807497002998186
656.4102564102564,0.23203401124198955
658.5209003215434,0.08886727704306115
660.6451612903226,0.0877491870730201
662.7831715210356,0.3569042743487114
664.9350649350649,0.05744937106762356
667.100977198697,0.251328229688601
669.281045751634,0.46726098916213915
671.4754098360655,0.033748625668722596
673.6842105263158,0.5326186172893592
675.9075907590759,0.5146043275772647
678.1456953642385,0.08228459284109331
680.3986710963455,0.9133506639734227
682.6666666666666,0.49314511804015754
684.9498327759198,0.3003458333077604
687.248322147651,1.4136517665188222
689.5622895622896,0.4432703153023542
691.8918918918919,0.916365890562359
694.2372881355933,1.9723083325407182
696.5986394557823,0.46466102472986875
698.976109215017,2.239641948324453
701.3698630136986,2.2615699867968924
703.7800687285223,0.6306045679330441
706.2068965517241,3.695649496022167
708.6505190311418,1.8340679916347462
711.1111111111111,1.0576082702771945
713.588850174216,3.712696821087849
716.0839160839159,1.1375803054355005
718.5964912280701,2.0475927904117084
721.1267605633802,3.3152962062598594
723.6749116607774,3.9160074150995317
726.241134751773,5.077159021033179
728.8256227758006,11.87826226289423
731.4285714285714,8.109368972372204
734.0501792114695,35.170372395119784
736.6906474820144,27.63384862586932
739.3501805054151,11.23939906160687
742.0289855072464,48.72198397463202
744.7272727272727,37.58557795043771
747.4452554744526,158.50135183420488
750.1831501831501,42.38454452494786
752.9411764705883,12.879902467865607
755.7195571955718,153.2653556692535
758.5185185185185,39.88150113118407
761.3382899628252,112.58813521843307
764.179104477612,126.65049848585123
767.0411985018726,61.23581647416276
769.9248120300753,1012.2350726621715
772.8301886792452,1139.1906421751191
775.7575757575758,2760.8145712315604
778.7072243346007,5343.903067616516
781.6793893129772,1057.814728535692
784.6743295019156,4532.391112564883
787.6923076923077,4327.329370620963
790.7335907335906,10816.84770824581
793.798449612403,7119.3184084864
796.8871595330738,2101.921315712218
800.0,976.2473175807721
803.1372549019609,1379.2311931719223
806.2992125984252,8890.541400056383
809.4861660079052,7134.890794938049
812.6984126984127,1746.9198688163922
815.9362549800798,2949.453065739536
819.1999999999999,1986.384433554423
822.4899598393575,406.24436282326167
825.8064516129032,663.7931135563597
829.1497975708503,9.782651160338103
832.520325203252,177.87468652568603
835.9183673469388,132.5750318673526
839.3442622950819,121.54119017704912
842.798353909465,402.39014662385796
846.2809917355372,6.957056442945417
849.792531120332,26.19241712044232
853.3333333333334,82.45711318648291
856.9037656903765,17.035430805337633
860.5042016806723,31.319847530214695
864.1350210970463,15.544480060885016
867.7966101694916,0.19118230125900149
871.4893617021277,9.782516623040204
875.2136752136753,8.398917868376207
878.9699570815451,0.5522509652909854
882.7586206896551,5.19810868806986
886.5800865800866,4.961450009525135
890.4347826086956,0.9845989721155255
894.3231441048034,5.063165813770521
898.2456140350877,1.8153491300714641
902.2026431718061,0.9053407862539531
906.1946902654867,4.4930329243136615
910.2222222222222,0.6149569661563663
914.2857142857142,1.6238889717335248
918.3856502242153,3.0702660347290807
922.5225225225224,0.09383948166673664
926.6968325791854,2.0207285381967246
930.9090909090908,1.836347069326852
935.1598173515981,0.07210324806699102
939.4495412844036,1.9573177109500453
943.778801843318,0.8904844603142813
948.1481481481483,0.29929691872091785
952.5581395348837,1.5888744747591477
957.0093457943926,0.31414875541631926
961.5023474178405,0.5272584443773901
966.0377358490566,1.1060162527311823
970.6161137440758,0.06619546160940398
975.2380952380953,0.6355293814460413
979.9043062200957,0.6545676222841236
984.6153846153846,0.029070094383631007
989.3719806763285,0.6099538354018308
994.1747572815533,0.32020589159516116
999.0243902439023,0.08231765390167564
1003.921568627451,0.4929656786512423
1008.8669950738915,0.12068378665299051
1013.8613861386139,0.1432886115415548
1018.905472636816,0.34257695724921944
1023.9999999999999,0.030689475268454395
1029.145728643216,0.17304801449210072
1034.3434343434344,0.20471398030733037
1039.5939086294416,0.008967074798015449
1044.8979591836735,0.16601770319035325
1050.2564102564102,0.10314138906563346
1055.6701030927834,0.017692802036162334
1061.139896373057,0.1342375196047845
1066.6666666666665,0.04173304674688635
1072.2513089005236,0.03167581543363538
1077.8947368421054,0.09384197696680542
1083.5978835978835,0.012341799633299308
1089.3617021276596,0.03918991323210848
1095.1871657754011,0.05710155468381884
1101.0752688172042,0.002900184315056318
1107.0270270270269,0.03817232343890093
1113.0434782608695,0.02998890341025109
1119.1256830601094,0.002839720085784921
1125.2747252747254,0.03132867437140843
1131.4917127071824,0.013229129520042916
1137.7777777777778,0.005302618737632027
1144.1340782122904,0.022385318227532616
1150.5617977528088,0.0046383653941180995
1157.0621468926552,0.007027004986887276
1163.6363636363635,0.01412604847755589
1170.2857142857142,0.0012260171806646287
1177.0114942528735,0.007191896174157739
1183.815028901734,0.007880553821652826
1190.6976744186047,0.0004488866971340354
1197.6608187134502,0.006159069275884829
1204.705882352941,0.0038450102328603008
1211.834319526627,0.0006407440855059888
1219.0476190476188,0.004602884013004998
1226.3473053892214,0.0015993491512655209
1233.734939759036,0.0009493175625486182
1241.2121212121212,0.0030650441154031318
1248.780487804878,0.0005449726312721304
1256.441717791411,0.0010710691924685223
1264.1975308641975,0.0018345254128335736
1272.0496894409937,0.00015733307982274984
1280.0,0.0009896562421309897
1288.0503144654087,0.000986046572515259
1296.2025316455697,7.472822989045802e-05
1304.4585987261146,0.0007896070289390357
1312.8205128205127,0.0004717896907632613
1321.2903225806451,9.193333385815579e-05
1329.8701298701299,0.0005612328571938473
1338.562091503268,0.00019736264273443143
1347.3684210526317,0.00011639113254362708
1356.291390728477,0.0003607523727177858
1365.3333333333333,7.05334825612505e-05
1374.496644295302,0.00012031110884093862
1383.7837837837837,0.00021141374926681212
1393.1972789115646,2.2210930595655706e-05
1402.7397260273972,0.00010539477834699757
1412.4137931034481,0.00011295332949240814
1422.2222222222222,9.146274275863438e-06
1432.1678321678319,8.121817142013672e-05
1442.2535211267605,5.4824185467279056e-05
1452.482269503546,8.258971161083556e-06
1462.857142857143,5.663630173015121e-05
1473.3812949640287,2.3753323082194415e-05
1484.0579710144928,9.495880542733771e-06
1494.890510948905,3.6138318583123605e-05
1505.8823529411766,8.983089372726144e-06
1517.037037037037,9.62578428057783e-06
1528.358208955224,2.125764704215589e-05
1539.8496240601505,2.904555119338678e-06
1551.5151515151515,8.46383240197624e-06
1563.3587786259543,1.1532656500643337e-05
1575.3846153846155,8.700492656764631e-07
1587.596899224806,6.594909138110163e-06
1600.0,5.755977880431141e-06
1612.5984251968505,4.3532390661865904e-07
1625.3968253968253,4.678668940502751e-06
1638.3999999999999,2.592924474060879e-06
1651.6129032258063,4.631368598398431e-07
1665.040650406504,3.037363087842188e-06
1678.6885245901638,1.0295820436578948e-06
1692.5619834710744,5.241999380219462e-07
1706.6666666666667,1.8255574887607322e-06
1721.0084033613446,3.379195708578486e-07
1735.5932203389832,5.106939806020401e-07
1750.4273504273506,1.0066433265333064e-06
1765.5172413793102,7.999674417807824e-08
1780.8695652173913,4.2596820007197713e-07
1796.4912280701753,5.038551451998045e-07
1812.3893805309733,1.2810020145151985e-08
1828.5714285714284,3.1426302403493145e-07
1845.0450450450448,2.2783792256551738e-07
1861.8181818181815,1.0977243928003829e-08
1878.8990825688072,2.107073560253856e-07
1896.2962962962965,8.740769106572109e-08
1914.0186915887853,2.252089974767978e-08
1932.0754716981132,1.2512792629012726e-07
1950.4761904761906,2.571153018806684e-08
1969.2307692307693,2.8171181186462242e-08
1988.3495145631066,6.761988374859191e-08
2007.843137254902,3.96622718036952e-09
2027.7227722772277,2.6414725427751966e-08
2047.9999999999998,3.083326781772336e-08
2068.686868686869,9.201188340897027e-11
2089.795918367347,2.057599223289435e-08
2111.340206185567,1.211889849012843e-08
2133.333333333333,1.324469988717198e-09
2155.789473684211,1.3808178732185751e-08
2178.723404255319,3.4124615351819482e-09
2202.1505376344085,2.8732594616303847e-09
2226.086956521739,7.811724745797064e-09
2250.5494505494507,5.684628674163542e-10
2275.5555555555557,3.491812348746612e-09
2301.1235955056177,4.034725063865245e-09
2327.272727272727,2.928923574190261e-11
2354.022988505747,3.1697094290160645e-09
2381.3953488372094,1.7261070375612325e-09
2409.411764705882,4.1510482047447003e-10
2438.0952380952376,2.4931212688091464e-09
2467.469879518072,4.85141469610993e-10
2497.560975609756,7.567575902886882e-10
2528.395061728395,1.7401669688183412e-09
2560.0,8.902227631201474e-11
2592.4050632911394,9.003437339930012e-10
2625.6410256410254,9.697649142842227e-10
2659.7402597402597,5.768672090732436e-11
2694.7368421052633,8.990242316290676e-10
2730.6666666666665,4.2665205850318674e-10
2767.5675675675675,1.6909383796315643e-10
2805.4794520547944,6.760024172632105e-10
2844.4444444444443,1.5662961300531976e-10
2884.507042253521,2.214254664565133e-10
2925.714285714286,3.93621547885816e-10
2968.1159420289855,5.796969574698306e-11
3011.764705882353,2.0558659134230307e-10
3056.716417910448,1.8814968685390282e-10
3103.030303030303,3.0752226305866823e-11
3150.769230769231,1.5890833723163967e-10
3200.0,6.275439150971e-11
3250.7936507936506,3.224950362471464e-11
3303.2258064516127,5.982918112564045e-11
3357.3770491803275,1.8062169212316195e-11
3413.3333333333335,1.954776088330206e-11
3471.1864406779664,2.468929418785652e-11
3531.0344827586205,2.5280146874674703e-12
3592.9824561403507,8.046199452519845e-12
3657.142857142857,8.674920537214539e-12
3723.636363636363,3.7738440354070023e-13
3792.592592592593,2.8945644436165255e-12
3864.1509433962265,1.5203973207176376e-12
3938.4615384615386,8.855361985125668e-14
4015.686274509804,7.645850927077192e-13
4095.9999999999995,8.180735318945843e-13
4179.591836734694,2.1623009632291902e-13
4266.666666666666,3.39973815922703e-13
4357.446808510638,1.5050680731270076e-13
4452.173913043478,3.843385939489945e-14
4551.111111111111,1.0489334159744095e-13
4654.545454545454,2.5085643275602838e-14
4762.790697674419,4.423726163879665e-15
4876.190476190475,9.74070462242217e-15
4995.121951219512,3.0723823830806107e-15
5120.0,6.37619430850411e-17
5251.282051282051,8.453803433686577e-16
5389.473684210527,4.400394949540538e-16
5535.135135135135,8.54812247318812e-18
5688.888888888889,6.835671451726058e-17
5851.428571428572,5.483594737339282e-17
6023.529411764706,2.5368083837463873e-18
6206.060606060606,5.9976754947652975e-18
6400.0,6.579033040793088e-18
6606.451612903225,3.2205687524009944e-19
6826.666666666667,9.510563271840332e-19
7062.068965517241,9.28813482981195e-19
7314.285714285714,2.034358703409301e-20
7585.185185185186,2.6265763836923453e-19
7876.923076923077,1.4559223161893564e-19
