"Wavelength, nm",Intensity
136.44237175216523,8.632822442796234e-24
136.53333333333333,7.310005424375921e-23
136.62441627751835,3.075053998779599e-23
136.71562082777035,4.3468192259885885e-23
136.80694722778892,1.2979977801642938e-22
136.89839572192514,3.741878825304838e-24
136.98996655518394,1.7204229167721237e-22
137.08165997322624,1.529110621601813e-22
137.17347622237108,4.3284685512693256e-23
137.26541554959786,4.1860255285582043e-22
137.35747820254863,7.946946621160351e-22
137.4496644295302,3.116932824919666e-22
137.54197447951645,2.4734409135501433e-20
137.63440860215053,5.343983604294093e-21
137.72696704774717,7.72297128512053e-19
137.81965006729476,3.715408607859558e-19
137.9124579124579,1.2033924163420221e-17
138.0053908355795,5.017602137543171e-18
138.09844908968307,6.952905763315408e-17
138.19163292847506,2.1385702344339687e-17
138.28494260634707,3.2209711403224953e-16
138.37837837837836,1.8939827873638788e-16
138.47194050033806,2.4015956325768357e-15
138.5656292286874,2.039976602684345e-15
138.65944482058225,1.191992436136647e-14
138.75338753387533,8.818799273492094e-15
138.84745762711862,3.3498192172450724e-14
138.94165535956583,1.984345840343384e-14
139.03598099117448,8.315799352362604e-14
139.1304347826087,7.196558778918333e-14
139.22501699524133,2.9682243599668066e-13
139.31972789115645,3.5106333813537223e-13
139.4145677331518,9.796381704876769e-13
139.50953678474113,1.0025184215801493e-12
139.60463531015677,2.2053561979540782e-12
139.69986357435198,1.9205690635712256e-12
139.79522184300342,4.182000816637985e-12
139.89071038251367,4.593164055864293e-12
139.98632946001365,1.0576511889682827e-11
140.08207934336525,1.3970431933366259e-11
140.17796030116358,2.8234415784169555e-11
140.27397260273972,3.28915588085617e-11
140.37011651816314,5.608603768151389e-11
140.46639231824417,5.90835792308361e-11
140.56280027453673,9.449295297067143e-11
140.65934065934067,1.1266410988154855e-10
140.75601374570448,1.936449542023614e-10
140.85281980742778,2.609546359951624e-10
140.949759119064,4.3011917110685336e-10
141.04683195592284,5.434616802683023e-10
141.14403859407307,7.863546078168526e-10
141.24137931034483,9.160706174052688e-10
141.33885438233264,1.2576483678360702e-09
141.4364640883978,1.5331017925196444e-09
141.53420870767104,2.2362958666477664e-09
141.6320885200553,2.9718725057995316e-09
141.73010380622836,4.318558773761536e-09
141.8282548476454,5.558189331991599e-09
141.92654192654192,7.414779573190617e-09
142.0249653259362,8.914881669862843e-09
142.1235253296322,1.1385301641364292e-08
142.22222222222223,1.3856017539271648e-08
142.32105628908963,1.8407145455550615e-08
142.42002781641168,2.380115467304615e-08
142.51913709116212,3.195953133813295e-08
142.6183844011142,4.072133726981935e-08
142.7177700348432,5.183620874069541e-08
142.81729428172943,6.257304495306709e-08
142.91695743196092,7.669843078251712e-08
143.0167597765363,9.263989669368182e-08
143.11670160726763,1.1607843483994802e-07
143.21678321678323,1.4603369658414487e-07
143.31700489853043,1.8595694377667636e-07
143.4173669467787,2.3223844017156306e-07
143.5178696566223,2.8545181298300864e-07
143.61851332398317,3.4238100862322945e-07
143.71929824561403,4.0741334095072784e-07
143.8202247191011,4.857915315149085e-07
143.92129304286718,5.861369321626393e-07
144.0225035161744,7.180926722239134e-07
144.12385643912737,8.794743997082917e-07
144.22535211267606,1.0735842000163876e-06
144.32699083861874,1.281848846085031e-06
144.42877291960508,1.5137269363514976e-06
144.530698659139,1.7587661132687758e-06
144.6327683615819,2.0576570966043534e-06
144.73498233215545,2.411400678855881e-06
144.83734087694484,2.8784644509512778e-06
144.9398443029016,3.417394760850553e-06
145.04249291784703,4.069403008270204e-06
145.14528703047483,4.7335975029280825e-06
145.24822695035462,5.4719566199615905e-06
145.35131298793468,6.201394313594253e-06
145.45454545454544,7.085669635320333e-06
145.55792466240226,8.070278235128858e-06
145.66145092460883,9.373986471627385e-06
145.76512455516016,1.0813723451180011e-05
145.86894586894587,1.254885067523456e-05
145.9729151817534,1.4218633689568357e-05
146.07703281027102,1.602823461261817e-05
146.18129907209135,1.766054702000795e-05
146.28571428571428,1.9599416107979836e-05
146.39027877055037,2.161656415696492e-05
146.49499284692416,2.4343448495414676e-05
146.59985683607732,2.724729035469856e-05
146.7048710601719,3.0762313269890966e-05
146.8100358422939,3.391111004955676e-05
146.91535150645623,3.7178566353499236e-05
147.0208183776023,3.968507798074704e-05
147.1264367816092,4.253875120043956e-05
147.23220704529115,4.517994819885831e-05
147.33812949640287,4.904051497690003e-05
147.4442044636429,5.305130011665974e-05
147.55043227665706,5.814406762176473e-05
147.6568132660418,6.230336818140652e-05
147.76334776334778,6.638205590869117e-05
147.87003610108303,6.851365950075248e-05
147.97687861271675,7.065114660122816e-05
148.08387563268258,7.18019627297821e-05
148.19102749638205,7.460343943057217e-05
148.29833454018825,7.751077584865356e-05
148.40579710144928,8.224155255458138e-05
148.51341551849166,8.566132881061535e-05
148.6211901306241,8.892543391474006e-05
148.72912127814087,8.8883968300667e-05
148.8372093023256,8.811196466642932e-05
148.94545454545454,8.51524463919264e-05
149.0538573508006,8.385610568927172e-05
149.16241806263656,8.271259856872734e-05
149.27113702623907,8.434816290272728e-05
149.38001458789202,8.536209156350339e-05
149.4890510948905,8.694947568208631e-05
149.59824689554418,8.508602641930453e-05
149.70760233918128,8.198839981750276e-05
149.81711777615214,7.584366213963843e-05
149.9267935578331,7.061133527476213e-05
150.03663003663004,6.548043438151999e-05
150.1466275659824,6.354290004495177e-05
150.25678650036684,6.304988761653671e-05
150.36710719530103,6.476708941050398e-05
150.47759000734754,6.566042680919906e-05
150.58823529411762,6.577494067234243e-05
150.69904341427517,6.36434810206116e-05
150.8100147275405,6.0601213407039346e-05
150.92114959469419,5.6756698107129284e-05
151.03244837758112,5.426867686563341e-05
151.1439114391144,5.426723502681526e-05
151.25553914327915,5.7053780560398825e-05
151.3673318551367,6.323105122666922e-05
151.47928994082838,6.932912546725567e-05
151.59141376757958,7.639300918001864e-05
151.7037037037037,7.889345769620713e-05
151.81616011860638,8.004327902648127e-05
151.92878338278933,7.757766297843375e-05
152.04157386785448,7.46751472650085e-05
152.15453194650817,7.267993364561118e-05
152.26765799256503,7.502226191724011e-05
152.38095238095235,7.932390899642364e-05
152.4944154877141,8.833216847109472e-05
152.6080476900149,8.856118943439189e-05
152.72184936614468,9.369472013967363e-05
152.8358208955224,8.949047524014453e-05
152.9499626587005,8.550177315157631e-05
153.0642750373692,7.465037262724811e-05
153.1787584143605,6.571737451760326e-05
153.29341317365268,6.769224746388147e-05
153.40823970037454,7.023084228691091e-05
153.5232383808096,6.775254566703719e-05
153.6384096024006,7.35421410530061e-05
153.75375375375376,7.593147748602593e-05
153.86927122464311,9.349936688317326e-05
153.98496240601503,7.420157269122675e-05
154.10082768999246,6.875321557805527e-05
154.2168674698795,7.616293720025336e-05
154.33308214016577,7.908947229899058e-05
154.4494720965309,7.671001296883781e-05
154.56603773584905,5.8291784578900446e-05
154.68277945619334,8.512444247356408e-05
154.79969765684052,0.00011992962404516489
154.91679273827532,8.969412707834302e-05
155.0340651021953,7.903249957701818e-05
155.15151515151516,7.73374870436157e-05
155.2691432903715,0.00011585321358052629
155.38694992412746,8.644347311479459e-05
155.50493545937738,3.8269636864013236e-05
155.62310030395136,7.406823134608023e-05
155.74144486692012,9.325331313729598e-05
155.8599695585997,0.00010030512970372017
155.97867479055597,6.037441799638226e-05
156.09756097560975,6.630737679759353e-05
156.21662852784135,0.00013575022400081965
156.33587786259542,9.976745292366045e-05
156.45530939648586,6.74895943341692e-05
156.5749235474006,5.667310818323898e-05
156.69472073450652,8.032917517513043e-05
156.8147013782542,0.00013167227411007548
156.93486590038313,7.029777190950652e-05
157.05521472392638,5.60298271669609e-05
157.17574827321565,8.493907622093167e-05
157.29646697388634,0.00012473113872587746
157.4173712528824,0.00012571585494852648
157.53846153846155,4.305483862070495e-05
157.65973826020013,6.338343086741289e-05
157.78120184899845,0.00012289865958316505
157.9028527370856,8.869227809028332e-05
158.02469135802468,7.546452792723033e-05
158.14671814671814,4.7402225906358674e-05
158.26893353941267,0.00010111217075767844
158.39133797370457,0.00013344019440521043
158.5139318885449,7.097115706567021e-05
158.63671572424477,7.442255053181019e-05
158.7596899224806,6.868709572849908e-05
158.88285492629947,9.901137726371439e-05
159.0062111801242,0.00013592929795166144
159.12975912975912,4.457817250097619e-05
159.25349922239502,6.212736093587812e-05
159.37743190661476,8.143752840341485e-05
159.50155763239874,0.00010049197346089524
159.62587685113016,0.00011720922263503417
159.7503900156006,5.688792019554428e-05
159.87509758001562,8.630102732793207e-05
160.0,8.837339226806248e-05
160.12509773260362,8.49011138347265e-05
160.2503912363067,8.107123803741631e-05
160.37588097102582,5.775074995915165e-05
160.5015673981191,6.938162614018545e-05
160.62745098039213,0.00012141033579430011
160.7535321821036,6.693301233675199e-05
160.87981146897093,9.651911696796613e-05
161.0062893081761,6.17749156877144e-05
161.13296616837135,8.577867540493191e-05
161.25984251968504,9.900523492590416e-05
161.38691883372735,8.472321006835028e-05
161.51419558359618,5.700144036894481e-05
161.64167324388316,8.875483593019469e-05
161.7693522906793,5.483005764835418e-05
161.89723320158103,0.00010644776212800971
162.0253164556962,7.22529867098958e-05
162.15360253365006,7.48372670445977e-05
162.28209191759112,8.622826056807134e-05
162.41078509119745,8.23785261309949e-05
162.53968253968253,7.877979463258072e-05
162.66878474980143,8.990089220606312e-05
162.79809220985692,5.2141637642548945e-05
162.92760540970565,8.538059672193305e-05
163.05732484076432,7.392169712559674e-05
163.18725099601593,7.025501646718367e-05
163.31738437001593,8.763684691370952e-05
163.44772545889865,6.839288076739191e-05
163.57827476038338,7.791943336568475e-05
163.709032773781,8.910073562060234e-05
163.84,6.938217374020772e-05
163.97117694155327,7.60353103369935e-05
164.1025641025641,7.536317750686815e-05
164.23416198877305,5.93429999091829e-05
164.3659711075441,8.07801108610275e-05
164.49799196787149,6.581619967437483e-05
164.63022508038586,7.138302939515584e-05
164.76267095736122,7.524268534742109e-05
164.89533011272144,7.29649309759666e-05
165.02820306204674,7.241720720070063e-05
165.16129032258064,7.861317526755473e-05
165.29459241323647,6.52651316686408e-05
165.4281098546042,7.315754442630202e-05
165.56184316895713,6.628962020413574e-05
165.6957928802589,6.566993902751835e-05
165.82995951417004,6.784351689344403e-05
165.9643435980551,6.599140975753914e-05
166.09894566098947,6.782852418511097e-05
166.23376623376623,6.987104612647038e-05
166.36880584890332,6.915679515492345e-05
166.5040650406504,6.834796656417901e-05
166.63954434499593,6.902866367878375e-05
166.77524429967426,6.36237883813324e-05
166.9111654441728,6.549996421836356e-05
167.047308319739,6.0274801790306226e-05
167.18367346938777,6.15019362825159e-05
167.3202614379085,5.9270265604320045e-05
167.45707277187245,6.08441849190212e-05
167.59410801963992,5.9984090192306464e-05
167.7313677313677,6.182214672911758e-05
167.86885245901638,6.069500597999683e-05
168.00656275635768,6.0975759621354104e-05
168.14449917898193,5.978962828937062e-05
168.28266228430567,5.7930775718215725e-05
168.42105263157896,5.729158764095019e-05
168.559670781893,5.486571254429974e-05
168.6985172981878,5.530248885055953e-05
168.83759274525966,5.3792784578872955e-05
168.97689768976898,5.53490710641213e-05
169.11643270024774,5.463872266186745e-05
169.25619834710741,5.645030789599476e-05
169.39619520264682,5.565201041023674e-05
169.53642384105962,5.642420306147371e-05
169.67688483844242,5.507859559926558e-05
169.81757877280262,5.426793934875096e-05
169.95850622406635,5.27295759976556e-05
170.09966777408638,5.094789585413389e-05
170.24106400665005,4.9895535077864235e-05
170.3826955074875,4.8070319609830286e-05
170.52456286427974,4.777996294546279e-05
170.66666666666666,4.623945127635929e-05
170.8090075062552,4.6249752211306214e-05
170.9515859766277,4.466871859548148e-05
171.09440267335003,4.4130263537936603e-05
171.23745819397996,4.212893033731399e-05
171.3807531380753,4.053144170672502e-05
171.52428810720266,3.816854367983114e-05
171.66806370494552,3.572696616480015e-05
171.81208053691276,3.343301098499058e-05
171.95633921074725,3.080425002481525e-05
172.10084033613444,2.8974549896002323e-05
172.24558452481077,2.6677658199415648e-05
172.3905723905724,2.532892552597109e-05
172.5358045492839,2.344137456628648e-05
172.681281618887,2.223988563695231e-05
172.82700421940928,2.0554405608627526e-05
172.97297297297297,1.9140381568981638e-05
173.11918850380385,1.7487793276583582e-05
173.26565143824024,1.578805985589652e-05
173.41236240474177,1.4202319187082004e-05
173.55932203389833,1.2450451359646139e-05
173.70653095843934,1.1090756418993535e-05
173.85398981324278,9.59658036693519e-06
174.0016992353441,8.573015853508277e-06
174.14965986394557,7.48448169503654e-06
174.2978723404255,6.752616138851926e-06
174.44633730834755,6.007192894693613e-06
174.59505541346974,5.418006232165138e-06
174.74402730375425,4.859316737595601e-06
174.8932536293766,4.285137655633104e-06
175.04273504273505,3.7949341690269005e-06
175.1924721984602,3.220488881569246e-06
175.34246575342465,2.774066363721152e-06
175.49271636675235,2.2703193864660446e-06
175.6432246998285,1.9020537209776169e-06
175.79399141630904,1.5395041300618645e-06
175.94501718213058,1.281205851860752e-06
176.0963026655202,1.0682574504928171e-06
176.24784853700515,9.080168657044655e-07
176.3996554694229,7.981995984029705e-07
176.55172413793102,6.917902315039523e-07
176.70405522001724,6.24223042711888e-07
176.85664939550952,5.326687894027543e-07
177.00950734658602,4.681909268571295e-07
177.16262975778545,3.8145502043136833e-07
177.3160173160173,3.1256260124670433e-07
177.46967071057193,2.410921390308456e-07
177.62359063313096,1.809642917952072e-07
177.77777777777777,1.352767794772669e-07
177.93223284100782,9.653774770258214e-08
178.08695652173913,7.602307820607275e-08
178.24194952132288,5.838456882847186e-08
178.397212543554,5.3536087650537214e-08
178.55274629468178,4.702635413998513e-08
178.70855148342056,4.63218367384377e-08
178.86462882096066,4.1910132977623145e-08
179.02097902097898,3.803586030787555e-08
179.17760279965006,3.2530082592103586e-08
179.33450087565674,2.504113159813133e-08
179.4916739702016,1.9330102785987052e-08
179.64912280701753,1.2045684924580763e-08
179.80684811237927,7.730258810463694e-09
179.96485061511424,3.6920768856251724e-09
180.12313104661388,1.8564734250572905e-09
180.28169014084506,9.255017753890643e-10
180.44052863436124,1.1455861791009146e-09
180.59964726631395,1.607412561954813e-09
180.75904677846424,2.3345960523666057e-09
180.91872791519435,2.916017285790818e-09
181.07869142351902,2.922881904587108e-09
181.23893805309734,3.043251310382997e-09
181.39946855624444,2.4322325253203174e-09
181.56028368794324,2.012148447311621e-09
181.72138420585628,1.3958843258750922e-09
181.88277087033748,8.418951383337294e-10
182.04444444444445,5.094842723510251e-10
182.20640569395016,2.2842386926834057e-10
182.3686553873553,1.555047229991175e-10
182.53119429590015,2.033549304611777e-10
182.69402319357712,2.615991285206894e-10
182.85714285714286,4.1192770705017325e-10
183.0205540661305,5.220508803866363e-10
183.18425760286226,5.19024090777403e-10
183.34825425246197,6.202397679882127e-10
183.51254480286738,5.312662831411497e-10
183.67713004484304,4.641765416205028e-10
183.84201077199282,4.91031525365734e-10
184.00718778077265,3.365898160492149e-10
184.1726618705036,3.221026865628919e-10
184.33843384338437,3.3788952645683625e-10
184.5045045045045,2.311611916523545e-10
184.67087466185754,2.502808707700599e-10
184.83754512635377,2.986221945409356e-10
185.0045167118338,2.1479678515284496e-10
185.17179023508135,2.549834576055639e-10
185.33936651583707,3.0549845463590216e-10
185.5072463768116,2.1472778120408094e-10
185.675430643699,2.4960535591582e-10
185.84392014519057,2.9103975214360075e-10
186.01271571298818,1.842805594690632e-10
186.1818181818182,2.2038186696915913e-10
186.3512283894449,2.6215993085821803e-10
186.52094717668484,1.406923137594692e-10
186.69097538742025,1.9870227159130277e-10
186.86131386861314,2.366435812544717e-10
187.03196347031962,1.0861378020886591e-10
187.20292504570384,1.9893356641151696e-10
187.37419945105214,2.2952504229486502e-10
187.54578754578753,8.488510672390204e-11
187.71769019248396,2.2179401241992538e-10
187.88990825688072,1.9278081826032677e-10
188.06244260789717,6.308690523135315e-11
188.23529411764707,2.3384730156439214e-10
188.40846366145354,1.512793134942806e-10
188.5819521178637,6.400366072380602e-11
188.75576036866357,2.7072682659155596e-10
188.92988929889296,1.0207578472947813e-10
189.10433979686056,9.405756754321038e-11
189.27911275415894,2.852602939136275e-10
189.45420906567992,4.541713221141685e-11
189.62962962962962,1.435541728528346e-10
189.80537534754404,2.974720471043791e-10
189.98144712430428,1.0722642571777777e-11
190.15784586815226,2.445144709852386e-10
190.3345724907063,3.0647439851074525e-10
190.51162790697674,5.23354938204243e-12
190.68901303538178,3.822528238135395e-10
190.8667287977633,2.6560185684126086e-10
191.044776119403,5.940785065646248e-11
191.22315592903828,4.967942558892583e-10
191.4018691588785,2.1168184386493983e-10
191.5809167446211,1.6916550890614978e-10
191.76029962546815,5.535807948314807e-10
191.94001874414244,1.1856058141724923e-10
192.12007504690433,2.612010827690402e-10
192.3004694835681,4.167197316593249e-10
192.48120300751881,3.3735691465154915e-11
192.66227657572907,2.1933151718743127e-10
192.8436911487759,2.0948643015791174e-10
193.02544769085767,5.1530963215591114e-12
193.2075471698113,7.741242631302054e-11
193.38999055712932,2.304971703553945e-10
193.57277882797732,1.076307194313137e-10
193.75591296121098,2.207011586790976e-10
193.93939393939394,7.247175121079213e-10
194.12322274881518,3.776059640037634e-10
194.30740037950665,9.207746911378424e-10
194.49192782526114,1.2053215501391847e-09
194.67680608365018,7.442260074380294e-10
194.86203615604185,1.4856290604866323e-09
195.04761904761907,9.934700279215348e-10
195.23355576739752,7.851110038423423e-10
195.4198473282443,1.0019208709280844e-09
195.6064947468959,2.382476932419211e-10
195.79349904397705,4.256335618880137e-10
195.9808612440191,8.201292739693614e-11
196.1685823754789,2.145351407344448e-10
196.35666347075744,1.8348790985127293e-10
196.5451055662188,4.6228103183091297e-10
196.73390970220942,9.260791024781491e-10
196.92307692307693,7.02863732431534e-10
197.1126082771896,1.617576998579706e-09
197.30250481695566,1.1472948604156924e-09
197.4927675988428,1.3478195566972166e-09
197.68339768339766,1.4764063425147096e-09
197.8743961352657,7.481037377914488e-10
198.06576402321085,1.1045364268289913e-09
198.25750242013552,5.208463801929148e-10
198.44961240310076,4.497865545325658e-10
198.64209505334625,4.6541818040908066e-10
198.83495145631065,1.2248033862377716e-10
199.02818270165207,3.7322782403892495e-10
199.22178988326846,1.3366315105407905e-10
199.4157740993184,2.5008390141836275e-10
199.61013645224173,3.3626834779544637e-10
199.8048780487805,1.4831303112871308e-10
200.0,4.5188674704810794e-10
200.19550342130987,2.3694876978013994e-10
200.3913894324853,2.5025652616869443e-10
200.58765915768853,3.382321510489155e-10
200.78431372549022,9.100268825249336e-11
200.9813542688911,1.8346830881840892e-10
201.17878192534383,2.2091774307101045e-10
201.37659783677483,8.341022304824447e-11
201.5748031496063,2.867736979040644e-10
201.77339901477833,2.469563516202858e-10
201.9723865877712,1.49634323632693e-10
202.1717670286278,2.5907354584470644e-10
202.3715415019763,1.6841135468070865e-10
202.57171117705244,2.3435237325392994e-10
202.77227722772278,7.759444357990585e-10
202.97324083250743,1.2379241617313094e-09
203.17460317460316,2.3314049025457186e-09
203.37636544190661,3.754205263471321e-09
203.57852882703776,4.601891885067565e-09
203.78109452736314,6.4528508760381935e-09
203.98406374501994,6.17176407998765e-09
204.1874376869392,6.743640975441585e-09
204.39121756487026,5.198840304173186e-09
204.5954045954046,3.5535309153998706e-09
204.79999999999998,1.9861208259127773e-09
205.005005005005,3.9936813167636374e-10
205.21042084168334,6.444196626664975e-10
205.41624874623875,3.0059680578676183e-09
205.62248995983938,5.1265918416906894e-09
205.8291457286432,9.876960386877857e-09
206.03621730382292,1.1653330166042626e-08
206.24370594159112,1.1631411703633458e-08
206.4516129032258,1.1386291262316532e-08
206.65993945509584,5.790792443567882e-09
206.86868686868684,4.487190117819437e-09
207.07785642062692,2.345082334342181e-09
207.28744939271257,2.1521903702296687e-09
207.49746707193518,6.490028886444237e-09
207.7079107505071,7.875046219443675e-09
207.9187817258883,9.312022340364513e-09
208.130081300813,1.0941376828393484e-08
208.34181078331636,6.294335728449008e-09
208.55397148676167,7.1134884947365265e-09
208.7665647298675,6.4181035437453175e-09
208.9795918367347,5.940802099831769e-09
209.19305413687437,1.1471255740329152e-08
209.40695296523518,1.0949115219223737e-08
209.6212896622313,1.2841316842454485e-08
209.83606557377047,1.6512162524699083e-08
210.05128205128204,1.4314515908796552e-08
210.26694045174537,1.995453173958596e-08
210.48304213771837,2.025016710850202e-08
210.69958847736626,1.775452940139278e-08
210.91658084449023,1.876081162643994e-08
211.1340206185567,1.2986006336275567e-08
211.3519091847265,1.3369197187889803e-08
211.5702479338843,1.761207369850939e-08
211.78903826266804,1.9565255983993968e-08
212.00828157349895,2.3977057427594813e-08
212.22797927461139,2.5770057947174066e-08
212.448132780083,2.1352905943219278e-08
212.668743509865,2.4276786087971453e-08
212.88981288981287,3.1271923091567956e-08
213.11134235171693,3.900605542768842e-08
213.33333333333334,5.680909476521517e-08
213.555787278415,6.210473109788124e-08
213.7787056367432,5.409774681928832e-08
214.00208986415882,5.6680135865049545e-08
214.22594142259413,3.9671191912864774e-08
214.4502617801047,4.594158137089388e-08
214.67505241090146,6.118958012656137e-08
214.900314795383,4.907131658159477e-08
215.12605042016807,6.814156330356656e-08
215.35226077812828,6.655459650623837e-08
215.57894736842104,6.013930915542877e-08
215.80611169652263,1.1185547381998693e-07
216.03375527426158,9.108520500246749e-08
216.26187961985215,1.2184941960982852e-07
216.49048625792813,1.5206051470369947e-07
216.7195767195767,1.1262694917934597e-07
216.9491525423729,1.8654801360094582e-07
217.17921527041358,1.5041783207972413e-07
217.40976645435242,1.419011457141632e-07
217.64080765143464,2.334651024469142e-07
217.87234042553192,1.4706467864978557e-07
218.10436634717786,2.5730093222244e-07
218.33688699360337,2.2153501873812102e-07
218.5699039487727,1.4541366918700603e-07
218.80341880341882,2.751150125347512e-07
219.0374331550802,1.9117492510060727e-07
219.27194860813702,2.765741484273275e-07
219.5069667738478,4.0409825706914235e-07
219.74248927038627,1.956771347852427e-07
219.97851772287862,4.444405054256709e-07
220.21505376344086,3.0436529160748725e-07
220.45209903121636,3.080474073542683e-07
220.68965517241378,5.80103423741356e-07
220.92772384034518,2.6749645357433877e-07
221.16630669546436,5.810867310002068e-07
221.4054054054054,5.75565272282333e-07
221.64502164502164,3.2228811187288364e-07
221.88515709642468,8.72441192065305e-07
222.12581344902384,4.194121310564038e-07
222.36699239956567,6.991547241484587e-07
222.6086956521739,1.0558237139651956e-06
222.85092491838955,3.726577517515709e-07
223.09368191721134,1.3730358197487196e-06
223.3369683751363,8.862396879017274e-07
223.58078602620085,9.674495256271026e-07
223.82513661202185,1.6674501656683275e-06
224.07002188183807,5.502681968175447e-07
224.31544359255204,1.3481105132967745e-06
224.56140350877192,1.6435680687574614e-06
224.80790340285398,4.789754033472535e-07
225.05494505494505,3.1680008732629115e-06
225.30253025302528,9.933175530552171e-07
225.55066079295153,2.928784090766804e-06
225.79933847850054,2.616864204096423e-06
226.0485651214128,1.4126070122995967e-06
226.29834254143645,2.2040160798937345e-06
226.54867256637166,2.6585153575423037e-06
226.79955703211516,4.1709264296607224e-07
227.0509977827051,7.600483631516001e-06
227.30299667036624,1.5157167762864085e-06
227.55555555555554,1.01542227809309e-05
227.80867630700777,4.504239442812656e-06
228.06236080178175,6.561717961541748e-06
228.31661092530658,3.4433552009320535e-06
228.57142857142856,7.544412282271707e-06
228.82681564245812,4.297834137502081e-07
229.082774049217,2.1960776927055415e-05
229.33930571108624,5.945845479032336e-06
229.59641255605382,3.740710727538136e-05
229.8540965207632,1.394912406357302e-05
230.1123595505618,3.397940056293057e-05
230.37120359955006,9.675888715718999e-06
230.6306306306306,3.510762231427341e-05
230.89064261555805,8.48052429037314e-06
231.1512415349887,8.063875560619032e-05
231.41242937853107,4.0080627411423924e-05
231.67420814479635,0.00014961602181862355
231.9365798414496,7.469931651707237e-05
232.19954648526078,0.00016888187377672804
232.46311010215663,7.098931796641244e-05
232.7272727272727,0.0001868131183602061
232.9920364050057,0.00010320579978008539
233.25740318906605,0.000351683334099021
233.52337514253134,0.000261770209869112
233.78995433789953,0.0006260954708859872
234.05714285714288,0.00043629262819613147
234.32494279176203,0.0007881645373359355
234.59335624284074,0.0005034163204488363
234.8623853211009,0.0009611450735677949
235.13203214695753,0.0007617076909394281
235.4022988505747,0.0016302525390704172
235.67318757192174,0.001490319102239392
235.9447004608295,0.0026748805149383915
236.2168396770473,0.002273767290652114
236.48960739030022,0.00345325297633706
236.76300578034682,0.0028180854132428307
237.03703703703707,0.004424611022240964
237.3117033603708,0.004214822315095296
237.58700696055683,0.007109907496503922
237.862950058072,0.007301566762850582
238.13953488372093,0.011028815683772314
238.41676367869616,0.01041317956131758
238.69463869463866,0.013900177007143846
238.97316219369893,0.012751403934419705
239.25233644859816,0.01770285725461139
239.53216374269007,0.018498056378159745
239.81264637002343,0.027529033266435708
240.0937866354044,0.0300373617388194
240.37558685446012,0.04089462392573157
240.65804935370153,0.0408189661415794
240.94117647058823,0.04999985197753665
241.2249705535924,0.04792217801296739
241.50943396226415,0.06043847244517396
241.79456906729635,0.06475722215102195
242.080378250591,0.0888522142375723
242.3668639053254,0.10014821136556493
242.65402843601896,0.12937467315984255
242.94187425860022,0.13318391459894074
243.23040380047507,0.15307207607515033
243.51961950059456,0.14635125281528538
243.80952380952382,0.16897220831132004
244.1001191895113,0.17755671786195384
244.39140811455846,0.22903888119895524
244.68339307048984,0.2619663167722989
244.97607655502392,0.3266409326970143
245.2694610778443,0.33704824613893675
245.56354916067144,0.3704760046575282
245.85834333733493,0.348580430532189
246.15384615384616,0.3708565967477701
246.4500601684717,0.3654570118139404
246.7469879518072,0.4425812838710242
247.04463208685164,0.49976074516115093
247.34299516908212,0.5907422250305253
247.6420798065296,0.597477531587102
247.9418886198547,0.6629804385495143
248.24242424242422,0.6184091118812487
248.54368932038832,0.5775706956062973
248.8456865127582,0.4889923813815114
249.14841849148416,0.5793567756310265
249.45188794153472,0.6309752554714322
249.75609756097558,0.629240916517826
250.06105006105005,0.610564778210537
250.36674816625916,0.8357800417638573
250.6731946144431,0.7703769621727538
250.98039215686276,0.47317839359267505
251.2883435582822,0.30752001787081307
251.5970515970516,0.5552500998238307
251.90651906519062,0.5006857033081675
252.21674876847288,0.18939960857362434
252.52774352651045,0.25323638604511306
252.8395061728395,0.985336787756048
253.15203955500616,0.8243860901071255
253.46534653465346,0.03953955777636829
253.7794299876084,0.583282372538081
254.09429280397023,1.263358772102742
254.40993788819875,0.4440252117905728
254.726368159204,0.18701910844438122
255.04358655043586,1.3337421811554147
255.36159600997507,2.878771525731222
255.6803995006242,1.8098041165023069
255.99999999999997,0.7537950320093172
256.3204005006258,4.438651910345822
256.64160401002505,5.448218957781754
256.9636135508155,1.5705967801853944
257.286432160804,1.754532389794025
257.61006289308176,6.624915538003792
257.9345088161209,9.292482919785604
258.2597730138714,6.253903316711353
258.5858585858586,4.4983267555776
258.91276864728195,8.586576959024471
259.24050632911394,8.837207933564816
259.5690747782003,3.4046812546971057
259.8984771573604,3.106175953608519
260.22871664548916,7.55309739138907
260.55979643765903,5.392348899652942
260.89171974522293,1.8481016497694116
261.2244897959184,1.982503226465286
261.5581098339719,3.4372158442054146
261.89258312020456,3.840643919760919
262.2279129321382,2.132951283874794
262.56410256410254,0.09128499003286618
262.9011553273428,0.6406639684990444
263.2390745501285,0.6326669738234278
263.5778635778636,1.1157924796486625
263.91752577319585,0.25803673319688714
264.258064516129,0.34776648175592917
264.59948320413434,1.2427218964779216
264.9417852522639,1.0682824956876267
265.2849740932642,0.4692489255286883
265.6290531776913,0.15907817235254676
265.974025974026,0.4137994617810843
266.3198959687906,2.026185816425274
266.66666666666663,1.6226927844277785
267.01434159061273,0.3992748653451369
267.3629242819843,0.42434520017018496
267.7124183006536,0.08586912749400595
268.0628272251309,0.8205140516091315
268.41415465268676,0.8740537873647307
268.76640419947506,0.18802206697870136
269.119579500657,0.875055083091305
269.47368421052636,0.3801548800840085
269.82872200263506,1.2257261369526606
270.1846965699208,0.5523494614901422
270.5416116248349,0.21296275654617863
270.8994708994709,0.44841061859249265
271.25827814569533,0.5843941608174698
271.6180371352785,0.30285373721229336
271.97875166002655,0.7567405190823344
272.3404255319149,0.32099973399436127
272.70306258322233,0.25719136786790076
273.06666666666666,0.9607646164547118
273.4312416555407,0.4255434959919274
273.7967914438503,0.6907458653221127
274.1633199464525,0.5378614508297783
274.5308310991957,0.2866601743991134
274.8993288590604,0.4244275880823226
275.26881720430106,0.4546343216003443
275.6393001345895,0.23400196983368696
276.010781671159,0.5675902904566611
276.3832658569501,0.3234258150297561
276.7567567567567,0.5094515279130072
277.1312584573748,0.47514823834859715
277.50677506775065,0.45191592373916806
277.88331071913166,0.44115021843189106
278.2608695652174,0.46567737436025675
278.6394557823129,0.3796461662442958
279.01907356948226,0.41594943481176566
279.39972714870396,0.3880792222715918
279.78142076502735,0.3837487368184306
280.1641586867305,0.4769458864874594
280.54794520547944,0.4486736022783431
280.93278463648835,0.5430385944125928
281.31868131868134,0.5079381448312036
281.70563961485556,0.5592871090857577
282.0936639118457,0.512196717976726
282.48275862068965,0.5315876238708488
282.8729281767956,0.4692334969693061
283.2641770401106,0.4685071991508293
283.6565096952908,0.4280172169941177
284.0499306518724,0.416817154537235
284.44444444444446,0.4158828399357402
284.84005563282335,0.3960379541337206
285.2367688022284,0.4190289232668978
285.63458856345886,0.38712666145666186
286.0335195530726,0.40517374420561
286.43356643356645,0.3591160478854569
286.8347338935574,0.3541952446253491
287.23702664796633,0.30376202882308173
287.6404494382022,0.27644260402817755
288.0450070323488,0.23598602193703763
288.4507042253521,0.200593021530552
288.85754583921016,0.179052461917426
289.2655367231638,0.14909716981288806
289.6746817538897,0.1440162278978154
290.08498583569406,0.12221749701889821
290.49645390070924,0.12342662316696904
290.9090909090909,0.1061655093423645
291.32290184921766,0.10304470220047092
291.73789173789174,0.08812831546771166
292.15406562054204,0.0765162739217086
292.57142857142856,0.06446761902058618
292.9899856938483,0.048710795893428985
293.4097421203438,0.04049380850269383
293.83070301291247,0.027480825453598503
294.2528735632184,0.023272147133284203
294.67625899280574,0.016043507173083022
295.1008645533141,0.014920229449642185
295.52669552669556,0.012083251020055408
295.9537572254335,0.011975550196011785
296.3820549927641,0.011110491183513451
296.81159420289856,0.00999054937247833
297.2423802612482,0.009568113079948605
297.6744186046512,0.007155660840618921
298.1077147016012,0.00645397925003627
298.54227405247815,0.004028652059468633
298.978102189781,0.0030354377201536257
299.41520467836256,0.0016533954855880969
299.8535871156662,0.0008727530319688657
300.2932551319648,0.00046654753828618466
300.73421439060206,0.0002438043480752048
301.17647058823525,0.0003153731746839144
301.620029455081,0.0003716975891901102
302.06489675516224,0.0006203643527621926
302.5110782865583,0.0005577840473225645
302.95857988165676,0.0007520134194970006
303.4074074074074,0.000571380679362129
303.85756676557867,0.0005352091594256725
304.30906389301634,0.00042573491925278857
304.7619047619047,0.00023472502003424304
305.2160953800298,0.00019992205717003786
305.6716417910448,8.129184255728805e-05
306.1285500747384,4.401413461361247e-05
306.58682634730536,4.9264382702536485e-05
307.0464767616192,3.6424102753351206e-05
307.5075075075075,5.359318806978842e-05
307.96992481203006,9.456662535870497e-05
308.433734939759,7.994740884551155e-05
308.8989441930618,0.00011096926489377932
309.3655589123867,0.00011108698459071633
309.83358547655064,8.76689120376161e-05
310.3030303030303,0.00010382244470573203
310.7738998482549,7.320749595872921e-05
311.2462006079027,6.700050240469547e-05
311.7199391171994,6.821109580960075e-05
312.1951219512195,4.675978730428872e-05
312.67175572519085,5.236046188080171e-05
313.1498470948012,5.003054025743171e-05
313.6294027565084,3.935720636708964e-05
314.11042944785277,5.0152296443855246e-05
314.5929339477727,4.294101679693141e-05
315.0769230769231,4.047119737562437e-05
315.5624036979969,4.592579154163985e-05
316.04938271604937,3.622571189818629e-05
316.53786707882534,3.838110478048216e-05
317.0278637770898,3.783253882844388e-05
317.5193798449612,3.0090736527124502e-05
318.0124223602484,3.3524696969970764e-05
318.50699844479004,2.9280766986678888e-05
319.0031152647975,2.5920559397774385e-05
319.5007800312012,2.8590108864016982e-05
320.0,2.343408644370357e-05
320.5007824726134,2.3426100962051862e-05
321.0031347962382,2.3823931615772162e-05
321.5070643642072,1.9513461957115567e-05
322.0125786163522,2.112500527187444e-05
322.5196850393701,1.9112990748867555e-05
323.02839116719235,1.675172521066967e-05
323.5387045813586,1.8597724896193712e-05
324.0506329113924,1.5371385426918164e-05
324.56418383518223,1.4945492884753895e-05
325.07936507936506,1.491810118323419e-05
325.59618441971384,1.2710862092970016e-05
326.11464968152865,1.3175843488109649e-05
326.63476874003186,1.2252831597794296e-05
327.15654952076676,1.0726370716148748e-05
327.68,1.114657039242379e-05
328.2051282051282,1.0027565737570056e-05
328.7319422150882,9.428530187971166e-06
329.2604501607717,9.360087595211197e-06
329.7906602254429,8.175539998282044e-06
330.3225806451613,8.105662137785712e-06
330.8562197092084,7.746912871155861e-06
331.3915857605178,7.160426537204838e-06
331.9286871961102,7.0192975816930494e-06
332.46753246753246,6.386877578544621e-06
333.0081300813008,6.000473089167097e-06
333.5504885993485,6.074019727684355e-06
334.094616639478,5.4733568539161035e-06
334.640522875817,5.246138448057815e-06
335.18821603927984,5.179524255080756e-06
335.73770491803276,4.696414222783302e-06
336.28899835796386,4.673929034221201e-06
336.8421052631579,4.341557178011202e-06
337.3970345963756,4.1576657787101145e-06
337.95379537953795,4.056051118287579e-06
338.51239669421483,3.7916308381910137e-06
339.07284768211923,3.5850840478219345e-06
339.63515754560524,3.66786813414469e-06
340.19933554817277,3.3184050744977435e-06
340.765391014975,3.178510716265464e-06
341.3333333333333,3.102703609726745e-06
341.9031719532554,2.851329630541531e-06
342.4749163879599,2.8799287232509838e-06
343.04857621440533,2.715304092788767e-06
343.6241610738255,2.5445330464574446e-06
344.2016806722689,2.4831176786279563e-06
344.7811447811448,2.3933605950938624e-06
345.362563237774,2.167375174630998e-06
345.94594594594594,2.1756915296004026e-06
346.5313028764805,1.9311559461177815e-06
347.11864406779665,2.027189688206412e-06
347.70797962648555,1.8788010885631258e-06
348.29931972789115,1.7511330133940874e-06
348.8926746166951,1.632638597776154e-06
349.4880546075085,1.568617700197896e-06
350.0854700854701,1.5027853726494328e-06
350.6849315068493,1.4288294757994573e-06
351.286449399657,1.3036201275945586e-06
351.89003436426117,1.2995380074794024e-06
352.4956970740103,1.218975681026098e-06
353.10344827586204,1.1766840792233783e-06
353.71329879101904,1.0298382829531723e-06
354.3252595155709,1.0340079009442533e-06
354.93934142114387,9.319529507003775e-07
355.55555555555554,8.875798018490589e-07
356.17391304347825,8.621401983631864e-07
356.794425087108,8.18385705259575e-07
357.4171029668411,7.917662859675066e-07
358.04195804195797,7.184429143122393e-07
358.6690017513135,6.544813712806761e-07
359.29824561403507,6.14002797639118e-07
359.9297012302285,6.11844299391765e-07
360.5633802816901,5.291959742280011e-07
361.1992945326279,5.363059703386047e-07
361.8374558303887,5.045036778629103e-07
362.4778761061947,4.862490060467084e-07
363.1205673758865,4.2597840498602506e-07
363.76554174067496,4.164132881697071e-07
364.4128113879003,3.642602211770899e-07
365.0623885918003,3.49348844329102e-07
365.7142857142857,3.4349290237306037e-07
366.3685152057245,3.174174421709999e-07
367.02508960573476,3.0202511401578655e-07
367.68402154398564,2.5398903531018374e-07
368.3453237410072,2.7975106638793225e-07
369.009009009009,2.4568207654435586e-07
369.67509025270755,2.0596079982764281e-07
370.3435804701627,2.316336158705828e-07
371.0144927536232,2.0639403902015853e-07
371.68784029038113,1.5577441749789487e-07
372.3636363636364,1.7804384741186204e-07
373.0418943533697,1.6160589056060015e-07
373.7226277372263,1.5508352038341017e-07
374.4058500914077,1.3745907765438603e-07
375.09157509157507,1.309440095118974e-07
375.77981651376143,1.251323890944293e-07
376.47058823529414,1.1656766963177474e-07
377.1639042357274,9.411815970511365e-08
377.8597785977859,1.0020015827126663e-07
378.5582255083179,8.040401828314313e-08
379.25925925925924,8.463737515982676e-08
379.96289424860856,9.326968924063662e-08
380.6691449814126,7.122939587453257e-08
381.37802607076355,6.696402779933616e-08
382.089552238806,7.562766023358091e-08
382.803738317757,5.395311155834459e-08
383.5205992509363,4.868286680522781e-08
384.24015009380867,4.742138783341502e-08
384.96240601503763,5.251025666401057e-08
385.6873822975518,4.3916845758691476e-08
386.4150943396226,3.280184094505238e-08
387.14555765595463,3.752860544797058e-08
387.8787878787879,3.995891620273002e-08
388.6148007590133,2.8783897159752063e-08
389.35361216730035,3.024944710747858e-08
390.09523809523813,2.7477877767401084e-08
390.8396946564886,2.7490257670869287e-08
391.5869980879541,1.7515268857448992e-08
392.3371647509578,2.197343502040784e-08
393.0902111324376,1.3708792870414659e-08
393.84615384615387,1.6194054094063528e-08
394.6050096339113,2.295342455677078e-08
395.3667953667953,9.50353713295256e-09
396.1315280464217,2.2157849546646467e-08
396.8992248062015,1.076496611862806e-08
397.6699029126213,8.810859367013561e-09
398.4435797665369,8.021350827797486e-09
399.22027290448347,4.2299343737628015e-09
400.0,4.535222899299893e-09
400.7827788649706,1.1416309531102051e-08
401.56862745098044,3.550337612466623e-09
402.35756385068765,6.783527771418215e-09
403.1496062992126,8.778705789931678e-09
403.9447731755424,9.78137668431966e-10
404.7430830039526,6.793824323208313e-09
405.54455445544556,4.421274703655288e-09
406.3492063492063,1.3455353464199357e-09
407.1570576540755,6.563084089552668e-09
407.9681274900399,2.0620127293711727e-09
408.7824351297405,6.469069751918604e-10
409.59999999999997,9.475160610179245e-09
410.4208416833667,1.6042521360982264e-09
411.24497991967877,5.779863866287589e-09
412.07243460764585,4.622947650522413e-09
412.9032258064516,3.5264795514165003e-09
413.7373737373737,2.6205583028603457e-09
414.57489878542515,1.987208303201053e-08
415.4158215010142,5.614885131503125e-10
416.260162601626,1.4559295164378926e-08
417.10794297352334,1.536396956683837e-08
417.9591836734694,3.905319882863069e-09
418.81390593047036,3.496759718185111e-08
419.67213114754094,1.8365424247897032e-08
420.53388090349074,2.0190193139499927e-08
421.3991769547325,5.099614569672362e-08
422.2680412371134,5.169804666171521e-09
423.1404958677686,4.492784862404704e-08
424.0165631469979,5.084583366674524e-08
424.896265560166,4.3089524794499125e-09
425.77962577962575,9.871210932538709e-08
426.6666666666667,3.184299037095802e-08
427.5574112734864,4.676634140611411e-08
428.45188284518827,1.0291894637279966e-07
429.3501048218029,7.2639132360100624e-09
430.25210084033614,1.1495303021477947e-07
431.1578947368421,9.792331483375104e-08
432.06751054852316,1.0847034650719751e-08
432.98097251585625,1.9447734246296976e-07
433.8983050847458,5.976243495732289e-08
434.81953290870484,9.423706969746203e-08
435.74468085106383,2.5019560627211865e-07
436.67377398720674,3.464124709443254e-09
437.60683760683764,2.5455503177521715e-07
438.54389721627405,2.1148580256178511e-07
439.48497854077254,3.835731884128427e-08
440.4301075268817,3.9459220053370125e-07
441.37931034482756,1.0932129958637389e-07
442.3326133909287,1.9528103970268686e-07
443.2900432900433,4.979693011622106e-07
444.2516268980477,1.756981075595017e-08
445.2173913043478,4.480468347289645e-07
446.1873638344227,5.14169467860482e-07
447.1615720524017,3.285408487976046e-08
448.14004376367615,8.291604204780054e-07
449.12280701754383,3.53693291014966e-07
450.1098901098901,2.60221504243718e-07
451.10132158590307,1.1872276057257172e-06
452.0971302428256,1.282846581927821e-07
453.0973451327433,8.272649175366081e-07
454.1019955654102,1.3181122131403124e-06
455.1111111111111,4.820545528515453e-09
456.1247216035635,1.5845626300131667e-06
457.1428571428571,1.1007882759713889e-06
458.165548098434,3.13486049048076e-07
459.19282511210764,2.3412122063672067e-06
460.2247191011236,5.936561826303792e-07
461.2612612612612,1.1565264649083424e-06
462.3024830699774,2.6476458473469594e-06
463.3484162895927,2.2519549363172918e-07
464.39909297052156,2.353875117034725e-06
465.4545454545454,2.1880887281406935e-06
466.5148063781321,4.928678538131565e-07
467.57990867579906,2.887345007834977e-06
468.64988558352405,1.501085919521368e-06
469.7247706422018,9.903247969436485e-07
470.8045977011494,2.70542751100043e-06
471.889400921659,1.0495574924675345e-06
472.97921478060044,1.0874974927730973e-06
474.07407407407413,2.127352083874923e-06
475.17401392111367,1.0176349494179663e-06
476.27906976744185,6.193780273097567e-07
477.3892773892773,2.0385600354985787e-06
478.5046728971963,7.969354834988916e-07
479.62529274004686,4.106736985650987e-07
480.75117370892025,2.580098173286025e-06
481.88235294117646,1.1967951925256814e-06
483.0188679245283,1.7454764195650387e-06
484.160756501182,3.980243335506614e-06
485.3080568720379,4.9481394700196346e-06
486.46080760095015,3.839609150552932e-06
487.61904761904765,9.688461068416918e-06
488.7828162291169,1.3421268243003951e-05
489.95215311004785,6.59723165136119e-06
491.1270983213429,2.818491158595572e-05
492.3076923076923,2.23139277796715e-05
493.4939759036144,1.8380651296729917e-05
494.68599033816423,6.329557866632553e-05
495.8837772397094,2.5694218401175564e-05
497.08737864077665,5.885784484486094e-05
498.29683698296833,0.00010644874215726203
499.51219512195115,3.254514496441146e-05
500.7334963325183,0.00014986823659377422
501.9607843137255,0.00013605350724098673
503.1941031941032,8.228129069135325e-05
504.43349753694577,0.0002870254430302387
505.679012345679,0.00014236608456169223
506.9306930693069,0.00023881631618172258
508.18858560794047,0.0004208832621271557
509.452736318408,0.00018225857363043894
510.72319201995015,0.0005331127948753184
511.99999999999994,0.0004981922277467905
513.2832080200501,0.000391151308590296
514.572864321608,0.0008967992335326838
515.8690176322418,0.0005608507558209774
517.1717171717172,0.0008961330393296332
518.4810126582279,0.0011900834614096334
519.7969543147208,0.000844483661382541
521.1195928753181,0.0016524143776460874
522.4489795918367,0.0013854686094799064
523.7851662404091,0.001662505151105556
525.1282051282051,0.0024022044456879915
526.478149100257,0.0017932755875069855
527.8350515463917,0.0031294055183997637
529.1989664082687,0.002896692476830621
530.5699481865284,0.003066913104927041
531.948051948052,0.004854358335470333
533.3333333333333,0.003399040331005985
534.7258485639686,0.005735071572549542
536.1256544502618,0.006152388637680594
537.5328083989501,0.004982599067853642
538.9473684210527,0.009522472457188956
540.3693931398416,0.006827576279587661
541.7989417989418,0.009077977561824383
543.236074270557,0.013085356680127317
544.6808510638298,0.008168828030567952
546.1333333333333,0.01610726008422259
547.5935828877006,0.015133506756866694
549.0616621983914,0.012843361637643769
550.5376344086021,0.02451721585099767
552.021563342318,0.01620675515265298
553.5135135135134,0.023271233255053887
555.0135501355013,0.031087888690951748
556.5217391304348,0.020191045337669817
558.0381471389645,0.03858113374196814
559.5628415300547,0.03443957204100417
561.0958904109589,0.03221461602163468
562.6373626373627,0.05451209019484572
564.1873278236914,0.03757575642788298
565.7458563535912,0.05539432594697072
567.3130193905816,0.0647855290255655
568.8888888888889,0.05005461443466081
570.4735376044569,0.08418888185680347
572.0670391061452,0.07080357626091623
573.6694677871149,0.07939247744357007
575.2808988764044,0.11014775303115311
576.9014084507043,0.08105124231682838
578.5310734463276,0.12840026767547583
580.1699716713881,0.12168519566666741
581.8181818181818,0.11766560887254825
583.4757834757835,0.17770997780922607
585.1428571428571,0.13193408377952562
586.8194842406876,0.1862323245961486
588.5057471264367,0.21547515479688462
590.2017291066282,0.1580270387461052
591.907514450867,0.29046427856249946
593.6231884057971,0.21556737574344229
595.3488372093024,0.2523697577074408
597.0845481049563,0.3696370769818236
598.8304093567251,0.22939953189314768
600.5865102639297,0.4011725858411197
602.3529411764705,0.4241213762360843
604.1297935103245,0.2790719514973063
605.9171597633135,0.6232573734299339
607.7151335311573,0.3738939192449372
609.5238095238094,0.4932503983666176
611.3432835820896,0.7336710381287556
613.1736526946107,0.3941274804233787
615.015015015015,0.7805352235214313
616.867469879518,0.830792152198834
618.7311178247734,0.46682209954051346
620.6060606060606,1.229399225606624
622.4924012158054,0.6351464801567744
624.390243902439,0.9000855290296387
626.2996941896024,1.3149301369235482
628.2208588957055,0.7231033047921622
630.1538461538462,1.3658307287827574
632.0987654320987,1.571925230485627
634.0557275541796,0.7985007139744139
636.0248447204968,2.1800141914328073
638.006230529595,1.0567109440504932
640.0,1.5699967878484238
642.0062695924764,2.083237139897989
644.0251572327044,1.5169868897896313
646.0567823343847,2.1689098829514823
648.1012658227849,2.973676772575591
650.1587301587301,1.4518530955420879
652.2292993630573,3.550660431351318
654.3130990415335,1.971474720574664
656.4102564102564,2.6884095463176507
658.5209003215434,3.6136171452183445
660.6451612903226,3.8355232567743935
662.7831715210356,3.8787912413267076
664.9350649350649,6.793882538740423
667.100977198697,2.9058215566775627
669.281045751634,6.447448407176548
671.4754098360655,4.968825738566676
673.6842105263158,5.387579632577744
675.9075907590759,11.856842418659218
678.1456953642385,13.660030341516457
680.3986710963455,16.395699024817056
682.6666666666666,25.255865311780052
684.9498327759198,12.0239482653293
687.248322147651,20.37271276352322
689.5622895622896,15.50772119635557
691.8918918918919,17.386159448993844
694.2372881355933,57.8611655359819
696.5986394557823,69.7978720119375
698.976109215017,117.11370083816627
701.3698630136986,141.43917848952887
703.7800687285223,105.39810884738046
706.2068965517241,118.96306684846465
708.6505190311418,65.13001431917313
711.1111111111111,80.38842877710061
713.588850174216,242.33927284195929
716.0839160839159,335.6595465406894
718.5964912280701,683.2024450399532
721.1267605633802,779.9612867423313
723.6749116607774,775.546486095569
726.241134751773,708.6738553879634
728.8256227758006,382.5818006797273
731.4285714285714,426.5294231871021
734.0501792114695,752.6434538944854
736.6906474820144,951.1596357427206
739.3501805054151,2279.7599194810455
742.0289855072464,2418.4703378332324
744.7272727272727,3515.8089555276097
747.4452554744526,2715.1721187606445
750.1831501831501,1619.092583529373
752.9411764705883,2230.995470223
755.7195571955718,1465.2969571606259
758.5185185185185,2836.286913990943
761.3382899628252,6215.999794985582
764.179104477612,2579.591905903485
767.0411985018726,9102.897564539084
769.9248120300753,4068.2672462491737
772.8301886792452,2548.9270373786644
775.7575757575758,1393.5630197329306
778.7072243346007,1248.9433814017023
781.6793893129772,3325.0893438088256
784.6743295019156,4874.947761700957
787.6923076923077,1826.6370141256318
790.7335907335906,1170.5953985195922
793.798449612403,7971.563576231717
796.8871595330738,11122.652178937917
800.0,67.32051964819466
803.1372549019609,2305.657588393062
806.2992125984252,4988.2469359432025
809.4861660079052,265.77061857561023
812.6984126984127,5782.299797338486
815.9362549800798,8180.080209659719
819.1999999999999,1845.469852500384
822.4899598393575,2945.8098239435217
825.8064516129032,2951.58176636866
829.1497975708503,1597.225010405157
832.520325203252,4688.318215268787
835.9183673469388,455.0553653044836
839.3442622950819,3455.4913236625734
842.798353909465,1424.7947841997448
846.2809917355372,1677.8978070698304
849.792531120332,927.7833182123027
853.3333333333334,1033.6730068642507
856.9037656903765,812.802711760169
860.5042016806723,1069.2077261159511
864.1350210970463,744.2801718198683
867.7966101694916,850.1072897852218
871.4893617021277,991.4217382663496
875.2136752136753,627.7462885398944
878.9699570815451,827.4868144792321
882.7586206896551,393.0345582144231
886.5800865800866,430.49763763243686
890.4347826086956,239.4944652120964
894.3231441048034,134.1972697820659
898.2456140350877,98.66971187887229
902.2026431718061,24.05865499293969
906.1946902654867,38.560935935155584
910.2222222222222,13.540304281950595
914.2857142857142,44.63714534189403
918.3856502242153,22.112645608003753
922.5225225225224,53.81802304959879
926.6968325791854,32.81386874899497
930.9090909090908,34.230766475060705
935.1598173515981,34.18943889576466
939.4495412844036,12.540905041775813
943.778801843318,19.172910252135935
948.1481481481483,6.9252183595760535
952.5581395348837,3.5364705823434295
957.0093457943926,5.726198247655014
961.5023474178405,1.7031308174881183
966.0377358490566,2.1253836234144106
970.6161137440758,5.290018405783067
975.2380952380953,2.143421422813544
979.9043062200957,4.2358625164534045
984.6153846153846,5.030446191331431
989.3719806763285,2.145414712055109
994.1747572815533,4.575667414407354
999.0243902439023,2.9581353765111364
1003.921568627451,1.9691166826811903
1008.8669950738915,3.374597012646086
1013.8613861386139,1.5595128444104578
1018.905472636816,1.829195306881962
1023.9999999999999,2.2970460606386234
1029.145728643216,1.024261055529465
1034.3434343434344,1.7242044172815818
1039.5939086294416,1.5373499135955968
1044.8979591836735,0.8688896712119688
1050.2564102564102,1.497438144972655
1055.6701030927834,0.9860469838676825
1061.139896373057,0.8178689372852067
1066.6666666666665,1.1533633924373052
1072.2513089005236,0.6443434382244849
1077.8947368421054,0.754788866236203
1083.5978835978835,0.8113179578203035
1089.3617021276596,0.47002243494497675
1095.1871657754011,0.6517151256405186
1101.0752688172042,0.5442627098334628
1107.0270270270269,0.38654268721354995
1113.0434782608695,0.5206282767379928
1119.1256830601094,0.3653395169252838
1125.2747252747254,0.33427643325347906
1131.4917127071824,0.3873966915842807
1137.7777777777778,0.25813615815433777
1144.1340782122904,0.283886301558718
1150.5617977528088,0.27427537261734153
1157.0621468926552,0.1967153327359066
1163.6363636363635,0.2291828033225387
1170.2857142857142,0.19092737867671697
1177.0114942528735,0.1582040059076513
1183.815028901734,0.17496783826999626
1190.6976744186047,0.13548959659083848
1197.6608187134502,0.12844819912500488
1204.705882352941,0.12781880244669908
1211.834319526627,0.10028656801525512
1219.0476190476188,0.10171155787089656
1226.3473053892214,0.09137696274713751
1233.734939759036,0.07710894468593046
1241.2121212121212,0.07743259750701806
1248.780487804878,0.0656382705235468
1256.441717791411,0.06009617984494148
1264.1975308641975,0.05685778115605989
1272.0496894409937,0.048303975384032714
1280.0,0.04623498301259168
1288.0503144654087,0.04088730593101101
1296.2025316455697,0.03648799847432443
1304.4585987261146,0.03457474916405401
1312.8205128205127,0.029415607127997352
1321.2903225806451,0.02788041072501579
1329.8701298701299,0.025080887282609217
1338.562091503268,0.021556747791693892
1347.3684210526317,0.02112364287538309
1356.291390728477,0.01782579158689411
1365.3333333333333,0.016178748840491287
1374.496644295302,0.01563361896406958
1383.7837837837837,0.01263898562761742
1393.1972789115646,0.012318898272844665
1402.7397260273972,0.011239561801819429
1412.4137931034481,0.009108626997821117
1422.2222222222222,0.009353255711675307
1432.1678321678319,0.007887151566362664
1442.2535211267605,0.006743702041595512
1452.482269503546,0.006969922519564906
1462.857142857143,0.005473939049974427
1473.3812949640287,0.005108919774810256
1484.0579710144928,0.005049465393984444
1494.890510948905,0.003827845896993293
1505.8823529411766,0.003902890861838249
1517.037037037037,0.0035525586502544297
1528.358208955224,0.0027434039035067466
1539.8496240601505,0.0029535943714714416
1551.5151515151515,0.002443246192993317
1563.3587786259543,0.0020279391258761874
1575.3846153846155,0.002185048549693932
1587.596899224806,0.0016658503725693408
1600.0,0.0015349728937318053
1612.5984251968505,0.001568657275028255
1625.3968253968253,0.001146787156770897
1638.3999999999999,0.0011703326244720826
1651.6129032258063,0.0010935029235443327
1665.040650406504,0.0008100333011455729
1678.6885245901638,0.0008835675521119547
1692.5619834710744,0.0007448772769822505
1706.6666666666667,0.000591146756496096
1721.0084033613446,0.0006524774310203693
1735.5932203389832,0.0005023271230992659
1750.4273504273506,0.00044296125811367547
1765.5172413793102,0.00046827823190082193
1780.8695652173913,0.0003408461067844856
1796.4912280701753,0.00033566439131149574
1812.3893805309733,0.00032650205739954806
1828.5714285714284,0.00023665283181711701
1845.0450450450448,0.0002529160221560135
1861.8181818181815,0.00022233173004991924
1878.8990825688072,0.00016952282935294916
1896.2962962962965,0.00018682975285934709
1914.0186915887853,0.00014926831487852796
1932.0754716981132,0.00012493014604626163
1950.4761904761906,0.00013444947297082955
1969.2307692307693,0.00010019806939119101
1988.3495145631066,9.342405242161301e-05
2007.843137254902,9.383212108388091e-05
2027.7227722772277,6.823281743690298e-05
2047.9999999999998,6.963308457681268e-05
2068.686868686869,6.374701488568176e-05
2089.795918367347,4.761147106865257e-05
2111.340206185567,5.101599920225753e-05
2133.333333333333,4.232549094370842e-05
2155.789473684211,3.400605245074464e-05
2178.723404255319,3.625339507198551e-05
2202.1505376344085,2.7748980644910235e-05
2226.086956521739,2.4604640353607905e-05
2250.5494505494507,2.481374542106717e-05
2275.5555555555557,1.8188100039968005e-05
2301.1235955056177,1.766856466486046e-05
2327.272727272727,1.6295908537538583e-05
2354.022988505747,1.2015722050021943e-05
2381.3953488372094,1.2348655791436431e-05
2409.411764705882,1.0261186504821541e-05
2438.0952380952376,7.984678456294887e-06
2467.469879518072,8.231882940119285e-06
2497.560975609756,6.204063971965519e-06
2528.395061728395,5.274104100616885e-06
2560.0,5.125894843608482e-06
2592.4050632911394,3.6147005239033473e-06
2625.6410256410254,3.3700209463854422e-06
2659.7402597402597,2.9337737236832043e-06
2694.7368421052633,2.037836210126724e-06
2730.6666666666665,2.0026264916255226e-06
2767.5675675675675,1.5132201907027188e-06
2805.4794520547944,1.1055876300188332e-06
2844.4444444444443,1.0643387210694045e-06
2884.507042253521,6.928358936860847e-07
2925.714285714286,5.568186116669861e-07
2968.1159420289855,4.814077825872788e-07
3011.764705882353,2.7610829459688057e-07
3056.716417910448,2.4710301454673135e-07
3103.030303030303,1.7365196150350141e-07
3150.769230769231,9.36178724675471e-08
3200.0,8.888170783948296e-08
3250.7936507936506,4.6858694485695e-08
3303.2258064516127,2.6480566156999394e-08
3357.3770491803275,2.545461097885844e-08
3413.3333333333335,9.94805174514964e-09
3471.1864406779664,6.974011007231803e-09
3531.0344827586205,7.98223157829652e-09
3592.9824561403507,2.915341536173772e-09
3657.142857142857,3.1867338793758216e-09
3723.636363636363,3.7973051995559865e-09
3792.592592592593,1.2228187998434984e-09
3864.1509433962265,1.8094074429877814e-09
3938.4615384615386,1.346396554640866e-09
4015.686274509804,2.855789631998541e-10
4095.9999999999995,5.934869866025109e-10
4179.591836734694,2.772417030998122e-10
4266.666666666666,3.810817922212524e-11
4357.446808510638,1.891696812250032e-10
4452.173913043478,2.7537858846533392e-11
4551.111111111111,1.772070149947009e-11
4654.545454545454,2.1692518028176148e-11
4762.790697674419,2.7973386190762465e-12
4876.190476190475,1.3491018439653354e-12
4995.121951219512,2.365833162609206e-12
5120.0,7.593699564728516e-13
5251.282051282051,1.333294582119121e-13
5389.473684210527,2.6233972799785114e-13
5535.135135135135,1.3834603820031953e-13
5688.888888888889,2.350615301819139e-14
5851.428571428572,2.880644636328865e-14
6023.529411764706,2.0515222557980358e-14
6206.060606060606,4.387449219057498e-15
6400.0,4.083892333504034e-15
6606.451612903225,3.3265924094482406e-15
6826.666666666667,8.804842881376325e-16
7062.068965517241,9.088729659927357e-16
7314.285714285714,6.858610873804409e-16
7585.185185185186,2.283947414770867e-16
7876.923076923077,2.7568054447085437e-16
