"Wavelength, nm",Intensity
136.44237175216523,4.385390616624475e-28
136.53333333333333,1.3051574025648686e-27
136.62441627751835,1.3006780812010482e-27
136.71562082777035,5.566534268585378e-28
136.80694722778892,2.3654424164174843e-27
136.89839572192514,7.050333558065887e-28
136.98996655518394,2.0831371738335633e-27
137.08165997322624,2.357701478270163e-27
137.17347622237108,1.2996863400028855e-26
137.26541554959786,6.149117964728312e-26
137.35747820254863,1.1695988037147226e-24
137.4496644295302,3.752764321303147e-24
137.54197447951645,7.94156685397639e-24
137.63440860215053,6.542315991105588e-23
137.72696704774717,5.283340387972688e-22
137.81965006729476,3.0218649246031842e-21
137.9124579124579,6.327008427640541e-21
138.0053908355795,1.6505552797287705e-20
138.09844908968307,2.6573897088438308e-20
138.19163292847506,1.1250371186764328e-19
138.28494260634707,2.20887490304918e-19
138.37837837837836,5.463931128610563e-19
138.47194050033806,4.152517051005464e-19
138.5656292286874,5.709019693714402e-19
138.65944482058225,1.0752033500260637e-18
138.75338753387533,4.426514873429992e-18
138.84745762711862,9.919046695459286e-18
138.94165535956583,1.6560444142431776e-17
139.03598099117448,1.362364454982929e-17
139.1304347826087,8.130393968121864e-18
139.22501699524133,3.926245704597226e-18
139.31972789115645,1.2622592389477676e-17
139.4145677331518,6.434813421632374e-17
139.50953678474113,6.907478015509229e-17
139.60463531015677,9.070483769621487e-17
139.69986357435198,3.189808248394155e-17
139.79522184300342,7.058781579307408e-19
139.89071038251367,5.331084744609891e-17
139.98632946001365,1.311009233336981e-16
140.08207934336525,1.6153507512575748e-16
140.17796030116358,1.508755974617507e-16
140.27397260273972,3.991542975765474e-17
140.37011651816314,2.5272875018361162e-17
140.46639231824417,3.8610191759760527e-16
140.56280027453673,2.555402382665056e-16
140.65934065934067,4.894678981555473e-16
140.75601374570448,1.200041193775909e-16
140.85281980742778,7.537459918242344e-18
140.949759119064,5.981817052384046e-16
141.04683195592284,9.524270474700798e-16
141.14403859407307,7.556963634741745e-16
141.24137931034483,8.609826254541004e-16
141.33885438233264,1.337046629445649e-16
141.4364640883978,1.0062274223652376e-15
141.53420870767104,2.864221853492518e-15
141.6320885200553,1.249395481384072e-15
141.73010380622836,1.3479510586971492e-15
141.8282548476454,2.2674102481340377e-15
141.92654192654192,3.767109162638379e-15
142.0249653259362,1.8389037059581494e-14
142.1235253296322,1.445558725847897e-14
142.22222222222223,2.2420577995382085e-14
142.32105628908963,7.48040251502771e-15
142.42002781641168,2.0044432999713182e-14
142.51913709116212,2.0078404831535514e-14
142.6183844011142,6.897903500699094e-14
142.7177700348432,6.479007481669604e-14
142.81729428172943,1.1493915720906074e-13
142.91695743196092,7.380239416009537e-14
143.0167597765363,1.1596580872268614e-13
143.11670160726763,1.0578489560019116e-13
143.21678321678323,2.365619541417401e-13
143.31700489853043,3.198454958577512e-13
143.4173669467787,5.250352383935251e-13
143.5178696566223,5.652210861602883e-13
143.61851332398317,7.151335504764923e-13
143.71929824561403,7.650764593023717e-13
143.8202247191011,1.0459892199956942e-12
143.92129304286718,1.4564076474852735e-12
144.0225035161744,1.9809704319997942e-12
144.12385643912737,2.5751353872359226e-12
144.22535211267606,2.957217428993506e-12
144.32699083861874,3.545274688187016e-12
144.42877291960508,4.01519122680792e-12
144.530698659139,5.44468734600741e-12
144.6327683615819,6.693636909098871e-12
144.73498233215545,9.299163824555309e-12
144.83734087694484,1.0787306552164171e-11
144.9398443029016,1.3841703822684109e-11
145.04249291784703,1.5386169925641288e-11
145.14528703047483,2.0082633205232688e-11
145.24822695035462,2.3689652382334606e-11
145.35131298793468,3.227302282909854e-11
145.45454545454544,3.853135213944931e-11
145.55792466240226,5.0348027532774816e-11
145.66145092460883,5.834733103161503e-11
145.76512455516016,7.447393239604761e-11
145.86894586894587,8.85080229794261e-11
145.9729151817534,1.156784196505263e-10
146.07703281027102,1.4191628493775632e-10
146.18129907209135,1.8318048270368706e-10
146.28571428571428,2.219817900661738e-10
146.39027877055037,2.77734695209043e-10
146.49499284692416,3.361623232197665e-10
146.59985683607732,4.202868466351784e-10
146.7048710601719,5.190990304574364e-10
146.8100358422939,6.483943566447312e-10
146.91535150645623,7.997866648986993e-10
147.0208183776023,9.7764105613046e-10
147.1264367816092,1.1929294144301134e-09
147.23220704529115,1.4414951261009347e-09
147.33812949640287,1.7666693026266323e-09
147.4442044636429,2.1356336850747947e-09
147.55043227665706,2.6203980024672605e-09
147.6568132660418,3.135381497565052e-09
147.76334776334778,3.803035480243414e-09
147.87003610108303,4.494977547843801e-09
147.97687861271675,5.419865015079472e-09
148.08387563268258,6.398045932224061e-09
148.19102749638205,7.712140371575058e-09
148.29833454018825,9.085060681215333e-09
148.40579710144928,1.0862629596132986e-08
148.51341551849166,1.268950970211697e-08
148.6211901306241,1.502214263553849e-08
148.72912127814087,1.7485863327184784e-08
148.8372093023256,2.0627481211346467e-08
148.94545454545454,2.4022772909166873e-08
149.0538573508006,2.8196679794787738e-08
149.16241806263656,3.268468388924933e-08
149.27113702623907,3.797719914943717e-08
149.38001458789202,4.375612880289609e-08
149.4890510948905,5.048280833307365e-08
149.59824689554418,5.806085213958267e-08
149.70760233918128,6.668507991666467e-08
149.81711777615214,7.644240549154811e-08
149.9267935578331,8.705296712951005e-08
150.03663003663004,9.902541982549144e-08
150.1466275659824,1.1174740807279316e-07
150.25678650036684,1.2643492048389468e-07
150.36710719530103,1.4189259216248965e-07
150.47759000734754,1.5988485848388874e-07
150.58823529411762,1.7827127174789928e-07
150.69904341427517,1.9921533985156927e-07
150.8100147275405,2.1991092281017436e-07
150.92114959469419,2.436327254289867e-07
151.03244837758112,2.67123142917805e-07
151.1439114391144,2.940013423974628e-07
151.25553914327915,3.2044271185638267e-07
151.3673318551367,3.499048395809998e-07
151.47928994082838,3.7760453306177514e-07
151.59141376757958,4.0729335223268596e-07
151.7037037037037,4.3593550314834815e-07
151.81616011860638,4.6642163896330815e-07
151.92878338278933,4.95491632048573e-07
152.04157386785448,5.256121555423958e-07
152.15453194650817,5.546167206487294e-07
152.26765799256503,5.803980259588838e-07
152.38095238095235,6.045935515795412e-07
152.4944154877141,6.277562923345976e-07
152.6080476900149,6.511371995450612e-07
152.72184936614468,6.681417439938892e-07
152.8358208955224,6.883938346399872e-07
152.9499626587005,7.035780797796377e-07
153.0642750373692,7.154278689427868e-07
153.1787584143605,7.186189747513028e-07
153.29341317365268,7.335691147440133e-07
153.40823970037454,7.410228398058954e-07
153.5232383808096,7.446132633292433e-07
153.6384096024006,7.473139288525469e-07
153.75375375375376,7.62915492315365e-07
153.86927122464311,7.598694290304524e-07
153.98496240601503,7.543761473080464e-07
154.10082768999246,7.727483514147515e-07
154.2168674698795,7.957821134205709e-07
154.33308214016577,7.90004463264097e-07
154.4494720965309,7.899675015350911e-07
154.56603773584905,8.3568530907735e-07
154.68277945619334,8.457681266402707e-07
154.79969765684052,8.287963522082784e-07
154.91679273827532,8.604305512250157e-07
155.0340651021953,9.39821806579816e-07
155.15151515151516,9.111776043964356e-07
155.2691432903715,8.778259386504238e-07
155.38694992412746,9.628548585148915e-07
155.50493545937738,1.0242183998333292e-06
155.62310030395136,9.29540076733472e-07
155.74144486692012,9.293349323765543e-07
155.8599695585997,1.1002347122065011e-06
155.97867479055597,1.0585844486959378e-06
156.09756097560975,8.888787219209434e-07
156.21662852784135,1.00405244553412e-06
156.33587786259542,1.2326580812647947e-06
156.45530939648586,1.0390377335075139e-06
156.5749235474006,8.830365455905102e-07
156.69472073450652,1.2122225357842243e-06
156.8147013782542,1.3371875303804071e-06
156.93486590038313,9.324524831833335e-07
157.05521472392638,9.566469208996646e-07
157.17574827321565,1.5293484561301025e-06
157.29646697388634,1.3592648328485756e-06
157.4173712528824,7.994314591798322e-07
157.53846153846155,1.2171961232008736e-06
157.65973826020013,1.7954926728312234e-06
157.78120184899845,1.1824725143261224e-06
157.9028527370856,7.808486337282637e-07
158.02469135802468,1.704595904361432e-06
158.14671814671814,1.903593732304884e-06
158.26893353941267,8.325181104217637e-07
158.39133797370457,9.27214729855525e-07
158.5139318885449,2.129230091479787e-06
158.63671572424477,1.7810692736040819e-06
158.7596899224806,6.431969371307144e-07
158.88285492629947,1.5885724202084006e-06
159.0062111801242,2.5504108265490923e-06
159.12975912975912,1.1978999329400988e-06
159.25349922239502,8.806848094759694e-07
159.37743190661476,2.622077907078526e-06
159.50155763239874,2.4180116026452794e-06
159.62587685113016,7.571748573002952e-07
159.7503900156006,1.4766370925090317e-06
159.87509758001562,2.8338757962427948e-06
160.0,1.864372124335893e-06
160.12509773260362,8.633715122020973e-07
160.2503912363067,2.638121905498606e-06
160.37588097102582,3.0758707459830255e-06
160.5015673981191,8.432985623663284e-07
160.62745098039213,9.189774220001219e-07
160.7535321821036,1.8364409575616825e-06
160.87981146897093,8.824175772328751e-07
161.0062893081761,2.0661274433786987e-07
161.13296616837135,1.5349651103018793e-06
161.25984251968504,1.7390602166244288e-06
161.38691883372735,4.4216159970995254e-07
161.51419558359618,2.042089048988724e-06
161.64167324388316,3.4294517112333713e-06
161.7693522906793,1.6064385878210702e-06
161.89723320158103,1.9264433631079516e-06
162.0253164556962,5.0353676833277745e-06
162.15360253365006,4.602421516191616e-06
162.28209191759112,2.6997163756589704e-06
162.41078509119745,5.291681699529758e-06
162.53968253968253,7.351948615205615e-06
162.66878474980143,4.674986093688988e-06
162.79809220985692,4.164254852082043e-06
162.92760540970565,7.827028409702093e-06
163.05732484076432,7.299632071698642e-06
163.18725099601593,3.8893341824557e-06
163.31738437001593,6.157683738582284e-06
163.44772545889865,8.33378739834244e-06
163.57827476038338,4.6116335475663456e-06
163.709032773781,3.947286014309414e-06
163.84,7.266409467567467e-06
163.97117694155327,5.504525785758324e-06
164.1025641025641,2.8081438681738634e-06
164.23416198877305,5.00963862104448e-06
164.3659711075441,5.307666017508432e-06
164.49799196787149,2.5529402343496037e-06
164.63022508038586,3.0130247235059127e-06
164.76267095736122,4.249860302011307e-06
164.89533011272144,2.5501650207887506e-06
165.02820306204674,1.7885087347254505e-06
165.16129032258064,2.8192745188398615e-06
165.29459241323647,2.273939041375905e-06
165.4281098546042,1.2501652502878756e-06
165.56184316895713,1.6466119949885035e-06
165.6957928802589,1.7257720516145614e-06
165.82995951417004,9.948870278023963e-07
165.9643435980551,9.128125751519897e-07
166.09894566098947,1.1155993542189143e-06
166.23376623376623,7.752391397348089e-07
166.36880584890332,5.35186398821213e-07
166.5040650406504,6.341136267560359e-07
166.63954434499593,5.427043185662304e-07
166.77524429967426,3.4371259071456295e-07
166.9111654441728,3.349601170264576e-07
167.047308319739,3.306039475714688e-07
167.18367346938777,2.2490501050657398e-07
167.3202614379085,1.7869261339179776e-07
167.45707277187245,1.804793376781818e-07
167.59410801963992,1.383401375034354e-07
167.7313677313677,9.73469030507406e-08
167.86885245901638,9.122745600727089e-08
168.00656275635768,7.854985533916028e-08
168.14449917898193,5.4324581759009204e-08
168.28266228430567,4.467683926272831e-08
168.42105263157896,3.9871455689512284e-08
168.559670781893,2.9528538689056976e-08
168.6985172981878,2.2104276952795274e-08
168.83759274525966,1.9113943753632262e-08
168.97689768976898,1.5059574337946797e-08
169.11643270024774,1.0646057177632672e-08
169.25619834710741,8.76814693641093e-09
169.39619520264682,7.219310357571146e-09
169.53642384105962,5.2181402695431545e-09
169.67688483844242,3.9090985744604616e-09
169.81757877280262,3.1388716251079273e-09
169.95850622406635,2.4347614978848943e-09
170.09966777408638,1.7545511200768423e-09
170.24106400665005,1.3869731959384013e-09
170.3826955074875,1.0441888697434967e-09
170.52456286427974,7.494072024229411e-10
170.66666666666666,5.820369662131041e-10
170.8090075062552,4.442968339072247e-10
170.9515859766277,3.339644227337936e-10
171.09440267335003,2.253199985835306e-10
171.23745819397996,1.7490016398243516e-10
171.3807531380753,1.3348748393552687e-10
171.52428810720266,9.849362934519005e-11
171.66806370494552,7.376003334514924e-11
171.81208053691276,4.703553074182276e-11
171.95633921074725,3.6850259381176195e-11
172.10084033613444,2.6234192908819345e-11
172.24558452481077,2.1680995992770363e-11
172.3905723905724,1.4071233168424321e-11
172.5358045492839,8.685540755351885e-12
172.681281618887,7.2304871937280474e-12
172.82700421940928,4.61412751295755e-12
172.97297297297297,4.234145289739497e-12
173.11918850380385,2.0299707923161332e-12
173.26565143824024,1.4496193651417952e-12
173.41236240474177,8.874264694956649e-13
173.55932203389833,6.403237290695124e-13
173.70653095843934,8.941229164078996e-13
173.85398981324278,2.8557604024751637e-13
174.0016992353441,2.0865804802918878e-13
174.14965986394557,7.000620185889067e-14
174.2978723404255,2.069907867080144e-13
174.44633730834755,2.2277410917575948e-13
174.59505541346974,3.377332940493904e-14
174.74402730375425,2.1532634294479725e-14
174.8932536293766,1.3008430076703621e-14
175.04273504273505,1.3187714670680593e-13
175.1924721984602,3.539830372448962e-14
175.34246575342465,3.3808623231252276e-14
175.49271636675235,4.2603537071820555e-15
175.6432246998285,6.966669434643678e-15
175.79399141630904,5.695281418638084e-14
175.94501718213058,2.350179690221043e-16
176.0963026655202,2.6268781941093162e-14
176.24784853700515,1.5784504572174762e-14
176.3996554694229,1.207765449351257e-15
176.55172413793102,2.2227761101251594e-14
176.70405522001724,7.319780876134331e-15
176.85664939550952,6.038640605630121e-15
177.00950734658602,8.422024433494132e-15
177.16262975778545,1.389784695648192e-14
177.3160173160173,1.197896874772432e-14
177.46967071057193,2.2771875875654797e-14
177.62359063313096,4.434111506578816e-15
177.77777777777777,2.5253596349223293e-15
177.93223284100782,2.0025727020737633e-14
178.08695652173913,1.4676637008459983e-15
178.24194952132288,4.290650304655413e-14
178.397212543554,9.247704260408871e-15
178.55274629468178,6.35161528735204e-15
178.70855148342056,6.855806001409609e-16
178.86462882096066,4.234504070319406e-15
179.02097902097898,2.2195011740082046e-14
179.17760279965006,4.709794073610649e-15
179.33450087565674,4.451544150796035e-15
179.4916739702016,3.2537070939746024e-14
179.64912280701753,3.1543782320796287e-14
179.80684811237927,1.8575041085193158e-14
179.96485061511424,3.1203788869129176e-14
180.12313104661388,7.652582956718721e-14
180.28169014084506,2.788397099229985e-14
180.44052863436124,4.915452218716522e-14
180.59964726631395,3.8857068313398915e-14
180.75904677846424,1.6577373822191708e-14
180.91872791519435,5.230959560311264e-15
181.07869142351902,4.097967087314621e-14
181.23893805309734,4.7869513141761234e-14
181.39946855624444,1.825688108886666e-14
181.56028368794324,3.1670135128842016e-15
181.72138420585628,4.3684088327291484e-15
181.88277087033748,1.6079152262687072e-14
182.04444444444445,1.6126764243107183e-14
182.20640569395016,3.774486807464382e-15
182.3686553873553,7.253315484362373e-15
182.53119429590015,7.596530055655249e-14
182.69402319357712,6.488715520742823e-14
182.85714285714286,5.263000624912837e-14
183.0205540661305,4.0146980990890176e-14
183.18425760286226,5.4177295725615374e-14
183.34825425246197,9.370876251113617e-14
183.51254480286738,8.457051120403048e-14
183.67713004484304,4.5920221249454996e-14
183.84201077199282,1.0768313372650611e-13
184.00718778077265,1.562669515577947e-13
184.1726618705036,2.0581026655678184e-13
184.33843384338437,1.5255460651474606e-13
184.5045045045045,3.689493281227094e-13
184.67087466185754,3.622147789172574e-13
184.83754512635377,7.138622731466497e-13
185.0045167118338,7.0597942482855e-13
185.17179023508135,1.2740778418153083e-12
185.33936651583707,1.3860022283035726e-12
185.5072463768116,2.2319252251594e-12
185.675430643699,2.5339065071816694e-12
185.84392014519057,3.6056396751279575e-12
186.01271571298818,4.45307824876697e-12
186.1818181818182,5.744357106623611e-12
186.3512283894449,7.129161014653574e-12
186.52094717668484,9.721928394015216e-12
186.69097538742025,1.269245862632848e-11
186.86131386861314,1.5448684557809652e-11
187.03196347031962,1.944328717406549e-11
187.20292504570384,2.398487776535679e-11
187.37419945105214,3.0479446183452347e-11
187.54578754578753,3.712770804686902e-11
187.71769019248396,4.402098075613278e-11
187.88990825688072,5.361612927600945e-11
188.06244260789717,6.459935414177612e-11
188.23529411764707,7.666842330533548e-11
188.40846366145354,8.7508839005158e-11
188.5819521178637,1.0170969614569306e-10
188.75576036866357,1.1751258368361578e-10
188.92988929889296,1.3596906816923526e-10
189.10433979686056,1.5395318183033808e-10
189.27911275415894,1.6897380029261952e-10
189.45420906567992,1.8495758886903363e-10
189.62962962962962,2.0096434626085382e-10
189.80537534754404,2.218977296196858e-10
189.98144712430428,2.3593332338952407e-10
190.15784586815226,2.505991477322352e-10
190.3345724907063,2.5044453777847993e-10
190.51162790697674,2.5972510868800007e-10
190.68901303538178,2.5831734071342873e-10
190.8667287977633,2.655282949805086e-10
191.044776119403,2.511862931537898e-10
191.22315592903828,2.463082143646901e-10
191.4018691588785,2.1884452699058857e-10
191.5809167446211,2.0637105517066435e-10
191.76029962546815,1.7670853371338106e-10
191.94001874414244,1.5718093002517827e-10
192.12007504690433,1.2273282606092967e-10
192.3004694835681,9.351590325051214e-11
192.48120300751881,5.790288007679033e-11
192.66227657572907,3.2205911088213593e-11
192.8436911487759,1.1307337923898704e-11
193.02544769085767,3.6157125849109865e-12
193.2075471698113,1.3949879569144579e-11
193.38999055712932,5.075102536577521e-11
193.57277882797732,1.113267717989558e-10
193.75591296121098,1.968472233389545e-10
193.93939393939394,2.991743570630683e-10
194.12322274881518,4.277100739265404e-10
194.30740037950665,5.53390091032316e-10
194.49192782526114,6.573982524755668e-10
194.67680608365018,7.213528444729062e-10
194.86203615604185,7.342243374588014e-10
195.04761904761907,7.1964776778026e-10
195.23355576739752,6.694802956102278e-10
195.4198473282443,6.143872170849098e-10
195.6064947468959,5.506370242688718e-10
195.79349904397705,5.240642699811678e-10
195.9808612440191,5.467217733526298e-10
196.1685823754789,6.257508658018094e-10
196.35666347075744,7.571596315415554e-10
196.5451055662188,9.140677759701398e-10
196.73390970220942,1.0453121453170504e-09
196.92307692307693,1.1284161284466417e-09
197.1126082771896,1.113899529561683e-09
197.30250481695566,1.027474924707799e-09
197.4927675988428,8.76997366596018e-10
197.68339768339766,7.01334293329225e-10
197.8743961352657,5.173342525788851e-10
198.06576402321085,3.4752632725299344e-10
198.25750242013552,2.1788641164630244e-10
198.44961240310076,1.369004471472635e-10
198.64209505334625,1.1320107970872711e-10
198.83495145631065,1.1810418445425533e-10
199.02818270165207,1.415883656520579e-10
199.22178988326846,1.6562482056474974e-10
199.4157740993184,1.870548971552246e-10
199.61013645224173,1.8113532248549953e-10
199.8048780487805,1.4004351927254307e-10
200.0,6.853321158301683e-11
200.19550342130987,2.1968277364708207e-11
200.3913894324853,5.7194349386107755e-11
200.58765915768853,2.19480178117741e-10
200.78431372549022,5.231709086021059e-10
200.9813542688911,8.993192191871695e-10
201.17878192534383,1.2361984198386017e-09
201.37659783677483,1.4060069454444542e-09
201.5748031496063,1.3724007251031047e-09
201.77339901477833,1.2448635808377665e-09
201.9723865877712,1.2079677519282259e-09
202.1717670286278,1.4135282123766221e-09
202.3715415019763,1.8921218763123217e-09
202.57171117705244,2.4692431252329206e-09
202.77227722772278,2.880067867702312e-09
202.97324083250743,2.839928605787276e-09
203.17460317460316,2.2684532525578043e-09
203.37636544190661,1.3651663289225494e-09
203.57852882703776,5.023274486433803e-10
203.78109452736314,4.287146519553813e-11
203.98406374501994,7.236124884745823e-11
204.1874376869392,3.980475276789304e-10
204.39121756487026,6.911581105740153e-10
204.5954045954046,7.160455677883078e-10
204.79999999999998,4.756102015166171e-10
205.005005005005,2.23539410767562e-10
205.21042084168334,2.1606210558270637e-10
205.41624874623875,5.654278719612558e-10
205.62248995983938,1.089555034823164e-09
205.8291457286432,1.5158901521203177e-09
206.03621730382292,1.5868626088555876e-09
206.24370594159112,1.3156499833824069e-09
206.4516129032258,8.559467014307505e-10
206.65993945509584,4.652175065426705e-10
206.86868686868684,2.735669610007508e-10
207.07785642062692,2.8632324715422314e-10
207.28744939271257,3.8510027112773876e-10
207.49746707193518,4.672550291820448e-10
207.7079107505071,4.5421074730228196e-10
207.9187817258883,3.815235473741193e-10
208.130081300813,2.7252504803634065e-10
208.34181078331636,1.8667601091330938e-10
208.55397148676167,1.4704647103897676e-10
208.7665647298675,1.5229649909803888e-10
208.9795918367347,1.5445208787596746e-10
209.19305413687437,1.3818696393109182e-10
209.40695296523518,9.515814306152549e-11
209.6212896622313,8.787918331048423e-11
209.83606557377047,1.7037115520802965e-10
210.05128205128204,3.3949398881838725e-10
210.26694045174537,5.027516275133596e-10
210.48304213771837,5.880689734707696e-10
210.69958847736626,5.063100112623239e-10
210.91658084449023,3.3187717003536875e-10
211.1340206185567,1.3785411898041086e-10
211.3519091847265,2.127668237719056e-11
211.5702479338843,1.7450425534229614e-11
211.78903826266804,7.765390645105143e-11
212.00828157349895,1.2466671463068427e-10
212.22797927461139,1.454982388091041e-10
212.448132780083,1.1072957978189277e-10
212.668743509865,1.0970654529120215e-10
212.88981288981287,1.0727784844177764e-10
213.11134235171693,1.407621315107293e-10
213.33333333333334,1.1646917126254597e-10
213.555787278415,9.882806887296925e-11
213.7787056367432,3.709857238632592e-11
214.00208986415882,2.3561132703115326e-11
214.22594142259413,5.497529900929878e-11
214.4502617801047,2.1378817250789854e-10
214.67505241090146,5.004180669193613e-10
214.900314795383,9.990919922079544e-10
215.12605042016807,1.3187221964290845e-09
215.35226077812828,1.5473151375635516e-09
215.57894736842104,1.0345818355791786e-09
215.80611169652263,5.883563132123616e-10
216.03375527426158,4.409274062803136e-10
216.26187961985215,8.488729851459695e-10
216.49048625792813,1.586588390073712e-09
216.7195767195767,1.1443859548609537e-09
216.9491525423729,5.719112031732745e-10
217.17921527041358,3.0470051472138816e-10
217.40976645435242,1.4362390667026395e-09
217.64080765143464,2.3159155373163746e-09
217.87234042553192,2.280588448284488e-09
218.10436634717786,6.487000425005341e-10
218.33688699360337,2.857750172734718e-10
218.5699039487727,1.2727959945142353e-09
218.80341880341882,1.6957205125913941e-09
219.0374331550802,1.9318832170139078e-09
219.27194860813702,8.59607747279569e-10
219.5069667738478,9.194961595711933e-10
219.74248927038627,2.2327890500898895e-09
219.97851772287862,1.4894675505765985e-09
220.21505376344086,1.1480299312827e-09
220.45209903121636,5.84305280869725e-10
220.68965517241378,5.002791529218865e-10
220.92772384034518,1.6810549923709288e-09
221.16630669546436,2.796974299532771e-09
221.4054054054054,1.8770198995431032e-09
221.64502164502164,2.6534364701213574e-09
221.88515709642468,1.4130627675861732e-09
222.12581344902384,1.4958228960430492e-09
222.36699239956567,4.002088343072359e-09
222.6086956521739,2.2180142220297536e-09
222.85092491838955,2.430811788919453e-09
223.09368191721134,4.757624576146872e-09
223.3369683751363,4.292529722635116e-09
223.58078602620085,8.281398003302101e-09
223.82513661202185,5.2620359090455816e-09
224.07002188183807,3.1211826862031876e-09
224.31544359255204,9.180070135431503e-09
224.56140350877192,6.334173009424285e-09
224.80790340285398,6.3255075471528915e-09
225.05494505494505,4.660585883994973e-09
225.30253025302528,2.310256137136753e-09
225.55066079295153,8.602613136770063e-09
225.79933847850054,7.032408656342915e-09
226.0485651214128,1.6252537384973415e-09
226.29834254143645,7.484802424679205e-09
226.54867256637166,6.012609835562714e-09
226.79955703211516,2.8732818125979462e-09
227.0509977827051,7.547499983845274e-09
227.30299667036624,1.0656288382822813e-08
227.55555555555554,1.8540050901253507e-08
227.80867630700777,2.7965596942769214e-08
228.06236080178175,5.932670007640709e-09
228.31661092530658,1.6865287655319766e-08
228.57142857142856,1.552502072436274e-08
228.82681564245812,4.4788065948678666e-09
229.082774049217,2.141836968010672e-08
229.33930571108624,1.4747519384358218e-08
229.59641255605382,1.0781956687040243e-08
229.8540965207632,3.0303338660934864e-08
230.1123595505618,1.3555303913273856e-08
230.37120359955006,3.380557622578484e-08
230.6306306306306,5.322158932167789e-08
230.89064261555805,7.709687505051624e-09
231.1512415349887,4.0422643548817514e-08
231.41242937853107,3.0084172497830574e-08
231.67420814479635,6.8279385617186796e-09
231.9365798414496,8.816201600187768e-08
232.19954648526078,5.4956226206095006e-08
232.46311010215663,7.606832934219283e-08
232.7272727272727,9.352277891970051e-08
232.9920364050057,8.552455401208454e-10
233.25740318906605,3.618000486067429e-08
233.52337514253134,9.734466030369928e-08
233.78995433789953,1.9524601771602926e-08
234.05714285714288,2.211280184261135e-07
234.32494279176203,9.434468289409933e-08
234.59335624284074,1.1847439036491589e-07
234.8623853211009,7.515184284119003e-08
235.13203214695753,6.633619334479587e-08
235.4022988505747,4.5193511057247834e-08
235.67318757192174,6.81549129775775e-07
235.9447004608295,2.94442464281299e-07
236.2168396770473,1.040810036927475e-06
236.48960739030022,1.92978361297806e-07
236.76300578034682,5.453575530253194e-07
237.03703703703707,1.2763113510541232e-07
237.3117033603708,1.4658380154126113e-06
237.58700696055683,1.4396733911390865e-06
237.862950058072,3.883293233498605e-06
238.13953488372093,2.139145062785935e-06
238.41676367869616,3.7548567921314716e-06
238.69463869463866,1.8151589601855773e-06
238.97316219369893,4.432618861203132e-06
239.25233644859816,6.805759935711644e-06
239.53216374269007,1.2718692581116551e-05
239.81264637002343,1.5791946939766968e-05
240.0937866354044,1.9804168799115428e-05
240.37558685446012,1.972622052979317e-05
240.65804935370153,2.2424776747472312e-05
240.94117647058823,3.4308721074820565e-05
241.2249705535924,4.620502663646212e-05
241.50943396226415,7.844961853793897e-05
241.79456906729635,8.914458405070499e-05
242.080378250591,0.00012164798295079711
242.3668639053254,0.00011791665085418693
242.65402843601896,0.00017083471636048978
242.94187425860022,0.0001928426750414794
243.23040380047507,0.0003278669332111505
243.51961950059456,0.0003804730403245007
243.80952380952382,0.0005567528939482557
244.1001191895113,0.0005681684952299554
244.39140811455846,0.0007704115778235025
244.68339307048984,0.000844694213132667
244.97607655502392,0.0012652904517993118
245.2694610778443,0.0015175177882872659
245.56354916067144,0.0021129750509860813
245.85834333733493,0.0023581347198872423
246.15384615384616,0.003009234160918221
246.4500601684717,0.00342700778007824
246.7469879518072,0.004509855648389412
247.04463208685164,0.005484805873952667
247.34299516908212,0.007023550295469199
247.6420798065296,0.00834848116084903
247.9418886198547,0.010157368301743182
248.24242424242422,0.012018645229677796
248.54368932038832,0.014329093395994152
248.8456865127582,0.01723012954604746
249.14841849148416,0.0204371683263307
249.45188794153472,0.024754069004014324
249.75609756097558,0.028920812398426997
250.06105006105005,0.034885671848857096
250.36674816625916,0.039182633415001944
250.6731946144431,0.04545800861843462
250.98039215686276,0.05039943661575943
251.2883435582822,0.060359863704643704
251.5970515970516,0.06785738780335322
251.90651906519062,0.08099630241351564
252.21674876847288,0.08813454835027675
252.52774352651045,0.09686152884303545
252.8395061728395,0.0983117223460319
253.15203955500616,0.11473030092341445
253.46534653465346,0.12861952289634015
253.7794299876084,0.1452729926236872
254.09429280397023,0.14772194174298234
254.40993788819875,0.15622746025979117
254.726368159204,0.14908281974834175
255.04358655043586,0.15648160613659434
255.36159600997507,0.1786917288724279
255.6803995006242,0.19583313891343876
255.99999999999997,0.1746403036695078
256.3204005006258,0.1604376914730576
256.64160401002505,0.17452041289035092
256.9636135508155,0.16287547717087952
257.286432160804,0.15575498093284346
257.61006289308176,0.17022274189327652
257.9345088161209,0.1914797902585192
258.2597730138714,0.1196808055935231
258.5858585858586,0.10691040814996965
258.91276864728195,0.1526120641108993
259.24050632911394,0.17750439702375928
259.5690747782003,0.10748355751405972
259.8984771573604,0.12850788155568413
260.22871664548916,0.21598912002624637
260.55979643765903,0.15587339988600804
260.89171974522293,0.0893003255013701
261.2244897959184,0.213263392250647
261.5581098339719,0.34278815791219436
261.89258312020456,0.1747802942928308
262.2279129321382,0.14343828296124475
262.56410256410254,0.4506580857741401
262.9011553273428,0.3932562742081955
263.2390745501285,0.07926814022505578
263.5778635778636,0.1150384561146119
263.91752577319585,0.42266092654674725
264.258064516129,0.3507739572270792
264.59948320413434,0.023116034868840618
264.9417852522639,0.07186550293094561
265.2849740932642,0.221514566919167
265.6290531776913,0.15780865239692093
265.974025974026,0.04398104954307916
266.3198959687906,0.5194858890515166
266.66666666666663,0.2709362951605504
267.01434159061273,0.24967056988027428
267.3629242819843,1.0050911518768542
267.7124183006536,0.9239328826871045
268.0628272251309,0.43820095603044174
268.41415465268676,0.687901286818334
268.76640419947506,1.6414394498261684
269.119579500657,1.5034398836120968
269.47368421052636,0.5651311267975414
269.82872200263506,0.5069451242714346
270.1846965699208,0.8159229880295407
270.5416116248349,0.4560375609589694
270.8994708994709,0.13738705366545081
271.25827814569533,0.8216677271717717
271.6180371352785,0.8356233655523866
271.97875166002655,0.09619306200467148
272.3404255319149,0.5013725498898469
272.70306258322233,0.9247376795272616
273.06666666666666,0.28066689813327866
273.4312416555407,0.20687993224354737
273.7967914438503,0.6373419551095997
274.1633199464525,0.3477535327863458
274.5308310991957,0.10097895711137998
274.8993288590604,0.43865390322094067
275.26881720430106,0.3848675725101219
275.6393001345895,0.09314582658424676
276.010781671159,0.18948961572311995
276.3832658569501,0.27511088239893244
276.7567567567567,0.11394509714242226
277.1312584573748,0.0784146243589337
277.50677506775065,0.14314782087329053
277.88331071913166,0.09687957502104858
278.2608695652174,0.04078673011529145
278.6394557823129,0.06373190960541009
279.01907356948226,0.05449599946936691
279.39972714870396,0.024967126049146658
279.78142076502735,0.02418786504393351
280.1641586867305,0.028398034939564398
280.54794520547944,0.015367174839824168
280.93278463648835,0.008602102490961305
281.31868131868134,0.01133385468840442
281.70563961485556,0.00847603513357114
282.0936639118457,0.004696572165255228
282.48275862068965,0.004016990629423896
282.8729281767956,0.0036399988658215544
283.2641770401106,0.0022754833747060874
283.6565096952908,0.001501612700349439
284.0499306518724,0.001658739649662591
284.44444444444446,0.0009864511412639712
284.84005563282335,0.0006211392722549547
285.2367688022284,0.00048760743359043616
285.63458856345886,0.00042565458855524434
286.0335195530726,0.0003220493773623014
286.43356643356645,0.00017580798834100964
286.8347338935574,0.00014946979908868503
287.23702664796633,7.263332662247007e-05
287.6404494382022,8.18636556315639e-05
288.0450070323488,6.515497970266286e-05
288.4507042253521,3.4742183622299244e-05
288.85754583921016,1.786786902262486e-05
289.2655367231638,7.710198560617786e-06
289.6746817538897,2.374999154472075e-05
290.08498583569406,8.498066777852044e-06
290.49645390070924,7.146061966539366e-06
290.9090909090909,1.1503326996307206e-06
291.32290184921766,1.0605177413160927e-06
291.73789173789174,6.19511930543013e-06
292.15406562054204,1.2842636902454373e-06
292.57142857142856,1.9152796940878402e-06
292.9899856938483,3.314480716114338e-07
293.4097421203438,4.676640743371545e-07
293.83070301291247,1.6697253855703295e-06
294.2528735632184,9.645032064927862e-07
294.67625899280574,2.2384543102853207e-07
295.1008645533141,5.40304085165826e-07
295.52669552669556,4.6176992920503755e-07
295.9537572254335,2.533164640238102e-07
296.3820549927641,8.632464597774527e-07
296.81159420289856,2.7459230581240446e-08
297.2423802612482,3.2713738029440507e-07
297.6744186046512,5.085907159829295e-07
298.1077147016012,8.511738106253439e-10
298.54227405247815,5.239304374527529e-07
298.978102189781,2.0915348296123493e-07
299.41520467836256,6.071912921886513e-08
299.8535871156662,3.928954799671869e-07
300.2932551319648,8.601643514134252e-08
300.73421439060206,1.6196356497652768e-07
301.17647058823525,2.720573239878804e-07
301.620029455081,7.247751372819001e-09
302.06489675516224,1.7122711237624334e-07
302.5110782865583,1.8712122684175696e-07
302.95857988165676,6.711149407196496e-09
303.4074074074074,1.9144972682421086e-07
303.85756676557867,8.731035833295127e-08
304.30906389301634,4.3055838563662965e-08
304.7619047619047,1.6865069754245017e-07
305.2160953800298,2.066374097580493e-08
305.6716417910448,7.583227310143704e-08
306.1285500747384,1.1037890071225752e-07
306.58682634730536,7.556013858775556e-10
307.0464767616192,9.761216000527618e-08
307.5075075075075,5.0466473078270005e-08
307.96992481203006,7.250833915607187e-09
308.433734939759,9.209778910321923e-08
308.8989441930618,2.2327634154599347e-08
309.3655589123867,2.1782641033845847e-08
309.83358547655064,6.720487449647455e-08
310.3030303030303,7.393623841063682e-09
310.7738998482549,4.664754540705014e-08
311.2462006079027,3.2887205370388805e-08
311.7199391171994,2.8238855231524665e-09
312.1951219512195,3.859287164609055e-08
312.67175572519085,1.4415392234264418e-08
313.1498470948012,9.68617393121541e-09
313.6294027565084,3.538594988738927e-08
314.11042944785277,9.446828604868661e-09
314.5929339477727,1.3394793841962747e-08
315.0769230769231,1.737711656596537e-08
315.5624036979969,7.851873727045574e-09
316.04938271604937,1.3185879466831152e-08
316.53786707882534,1.7529605021413253e-08
317.0278637770898,1.6780511915686067e-09
317.5193798449612,1.0267330658702566e-08
318.0124223602484,1.6108077240787236e-08
318.50699844479004,4.714297255674466e-09
319.0031152647975,1.2928952048944643e-08
319.5007800312012,4.496492226157822e-09
320.0,5.640240864230661e-09
320.5007824726134,8.659292253052061e-09
321.0031347962382,2.0083743026148907e-09
321.5070643642072,2.779821282336182e-09
322.0125786163522,3.771786467775043e-09
322.5196850393701,5.5033779326849734e-09
323.02839116719235,4.695289514668706e-09
323.5387045813586,3.2614610857556392e-09
324.0506329113924,1.2100234390098478e-09
324.56418383518223,5.92850665511736e-09
325.07936507936506,4.031508886350485e-10
325.59618441971384,2.374750472690552e-09
326.11464968152865,4.1109323698901934e-09
326.63476874003186,1.5280505582318646e-09
327.15654952076676,9.928382752273046e-10
327.68,3.505702958337848e-09
328.2051282051282,5.633768746506503e-10
328.7319422150882,2.443949202483551e-09
329.2604501607717,3.958639254718954e-09
329.7906602254429,7.304851552927148e-10
330.3225806451613,3.964819018382918e-09
330.8562197092084,6.613556372176483e-10
331.3915857605178,1.2030411173604363e-10
331.9286871961102,3.0947118810328992e-09
332.46753246753246,3.446330066833349e-10
333.0081300813008,2.61555112509858e-09
333.5504885993485,7.24609167769351e-10
334.094616639478,3.0367304839568433e-10
334.640522875817,3.0024209097949256e-09
335.18821603927984,3.131028613346772e-10
335.73770491803276,1.1753368061956694e-09
336.28899835796386,1.5661572986570136e-09
336.8421052631579,1.797274257243766e-09
337.3970345963756,1.5844146815010986e-09
337.95379537953795,2.4316340558822652e-09
338.51239669421483,3.922467254889808e-10
339.07284768211923,9.68448928466634e-10
339.63515754560524,6.874720266224435e-11
340.19933554817277,8.567840696024772e-10
340.765391014975,1.0582741400634377e-09
341.3333333333333,1.9310282322161313e-09
341.9031719532554,4.1977911477411477e-10
342.4749163879599,5.005771924820588e-10
343.04857621440533,4.0731429647831007e-10
343.6241610738255,6.929209679484721e-10
344.2016806722689,1.8362970678886934e-10
344.7811447811448,1.3211703142933114e-09
345.362563237774,1.2352389655972534e-10
345.94594594594594,1.2137768477178887e-09
346.5313028764805,1.8124281751677571e-10
347.11864406779665,9.796533761960081e-10
347.70797962648555,3.234893309942924e-10
348.29931972789115,5.930803371300006e-11
348.8926746166951,3.20293630051432e-10
349.4880546075085,2.0877345092060713e-11
350.0854700854701,1.3404522867935672e-10
350.6849315068493,3.502620311739278e-10
351.286449399657,1.157864411597701e-10
351.89003436426117,6.517614345793784e-10
352.4956970740103,2.7102359322627553e-10
353.10344827586204,3.7681891973782246e-10
353.71329879101904,9.392982967783458e-11
354.3252595155709,1.9325086391775435e-10
354.93934142114387,4.459687996518441e-10
355.55555555555554,1.2482684378436429e-10
356.17391304347825,2.0237903890863232e-10
356.794425087108,6.40776357904773e-10
357.4171029668411,5.294773383919676e-11
358.04195804195797,1.349298345279986e-09
358.6690017513135,7.910377076592484e-10
359.29824561403507,4.919085746111296e-10
359.9297012302285,4.57960812977746e-10
360.5633802816901,1.533371783274946e-10
361.1992945326279,6.813709142248081e-10
361.8374558303887,2.514706602107191e-10
362.4778761061947,2.0306911386926513e-10
363.1205673758865,3.218271493638943e-10
363.76554174067496,5.045509444229836e-10
364.4128113879003,1.007482171947403e-09
365.0623885918003,4.714743955324508e-10
365.7142857142857,5.125201480382695e-11
366.3685152057245,3.552620828381206e-10
367.02508960573476,1.1863826603606084e-09
367.68402154398564,9.136891123792255e-10
368.3453237410072,3.3512962703810845e-10
369.009009009009,3.4203568853775775e-10
369.67509025270755,8.401083683247773e-11
370.3435804701627,2.651813725592234e-10
371.0144927536232,6.401986117371812e-10
371.68784029038113,1.5029324778212652e-09
372.3636363636364,1.125963167153257e-09
373.0418943533697,3.40627501062115e-11
373.7226277372263,4.1706140392784535e-11
374.4058500914077,6.344630574213539e-10
375.09157509157507,1.2657124506883577e-09
375.77981651376143,3.547847669830032e-10
376.47058823529414,1.8025658953477257e-10
377.1639042357274,6.283674510133601e-11
377.8597785977859,1.8445021886842369e-10
378.5582255083179,6.811506000131663e-10
379.25925925925924,1.2108900538701243e-09
379.96289424860856,9.311682470087679e-10
380.6691449814126,1.941426242478388e-11
381.37802607076355,3.263438009629853e-10
382.089552238806,4.1729683693784154e-11
382.803738317757,4.1263067410881945e-10
383.5205992509363,2.898719191287286e-10
384.24015009380867,6.498880166836526e-10
384.96240601503763,5.338464506976582e-10
385.6873822975518,5.330692445798722e-10
386.4150943396226,4.137864562193601e-10
387.14555765595463,5.290603717757245e-10
387.8787878787879,6.786837256864297e-10
388.6148007590133,3.7490742178769983e-10
389.35361216730035,1.6876159194692815e-10
390.09523809523813,4.040127743175806e-10
390.8396946564886,1.0083107612481455e-09
391.5869980879541,2.5075444232508364e-09
392.3371647509578,8.261444813453355e-10
393.0902111324376,1.0845348748509952e-10
393.84615384615387,3.142024921059837e-11
394.6050096339113,4.624650673631716e-10
395.3667953667953,1.0636970572933036e-09
396.1315280464217,7.52112984029538e-10
396.8992248062015,3.5577378423136347e-10
397.6699029126213,2.8959206720449535e-10
398.4435797665369,1.817516725998705e-10
399.22027290448347,5.777072712253208e-11
400.0,4.51636385329028e-10
400.7827788649706,3.0436577544868805e-10
401.56862745098044,5.372706750493212e-11
402.35756385068765,3.3987715031967593e-10
403.1496062992126,8.812205019390155e-11
403.9447731755424,6.59364362316719e-11
404.7430830039526,4.767187969637368e-10
405.54455445544556,1.1893035420688938e-09
406.3492063492063,3.2605802091922977e-10
407.1570576540755,3.7755174924425116e-11
407.9681274900399,3.3368122421571796e-11
408.7824351297405,4.894372190680806e-11
409.59999999999997,2.1969782232571234e-10
410.4208416833667,2.7482072984062232e-11
411.24497991967877,1.408624535086701e-10
412.07243460764585,3.409562804232872e-11
412.9032258064516,3.629008588435857e-10
413.7373737373737,1.1591310300131991e-10
414.57489878542515,1.5607637793845899e-10
415.4158215010142,1.333104377578027e-10
416.260162601626,6.452475485442273e-10
417.10794297352334,2.1504480840467573e-10
417.9591836734694,6.720471558168371e-11
418.81390593047036,8.705335017859625e-11
419.67213114754094,1.4273857393898592e-09
420.53388090349074,9.571257183343957e-10
421.3991769547325,1.3491402389876865e-10
422.2680412371134,6.35822954536375e-11
423.1404958677686,4.827274557408621e-10
424.0165631469979,7.505992750848461e-11
424.896265560166,1.5891730475860194e-11
425.77962577962575,4.2167250409023424e-10
426.6666666666667,6.186970550516116e-10
427.5574112734864,6.1373380065552616e-12
428.45188284518827,5.341257849613847e-11
429.3501048218029,2.827206180180744e-10
430.25210084033614,2.9255201237719124e-10
431.1578947368421,6.637596507170445e-11
432.06751054852316,2.6057187477097456e-11
432.98097251585625,5.863372558808953e-10
433.8983050847458,1.8174520378376753e-10
434.81953290870484,4.5606166962749195e-10
435.74468085106383,1.9108592218072702e-10
436.67377398720674,7.673814596971976e-10
437.60683760683764,5.955886103067402e-10
438.54389721627405,5.482206029397746e-10
439.48497854077254,6.048113015950268e-10
440.4301075268817,1.2723200002514267e-10
441.37931034482756,1.42503025167999e-10
442.3326133909287,9.80260826439151e-10
443.2900432900433,8.184891818551817e-11
444.2516268980477,2.876488943281127e-10
445.2173913043478,1.7190665710051923e-09
446.1873638344227,4.664294457932575e-10
447.1615720524017,1.1630707115034645e-09
448.14004376367615,5.434318612124554e-10
449.12280701754383,1.0402869615627783e-09
450.1098901098901,1.4536816419569025e-09
451.10132158590307,1.0535909667951566e-09
452.0971302428256,4.291354926913928e-09
453.0973451327433,3.6713393552217597e-09
454.1019955654102,4.237333352265445e-09
455.1111111111111,1.555559036083144e-09
456.1247216035635,6.274769300669903e-09
457.1428571428571,4.229970111511909e-09
458.165548098434,6.580010680523849e-09
459.19282511210764,8.068414300903921e-09
460.2247191011236,1.007246599031987e-08
461.2612612612612,1.1989926230185812e-08
462.3024830699774,1.1277366326888326e-08
463.3484162895927,1.4073609427807844e-08
464.39909297052156,1.5428553707199096e-08
465.4545454545454,1.9297210868990733e-08
466.5148063781321,2.3092628216615962e-08
467.57990867579906,2.182698217355799e-08
468.64988558352405,4.575985734248011e-08
469.7247706422018,2.8148291962638206e-08
470.8045977011494,3.982926487288357e-08
471.889400921659,6.501198164352397e-08
472.97921478060044,3.034992409870018e-08
474.07407407407413,7.232927023000924e-08
475.17401392111367,8.528251573322504e-08
476.27906976744185,4.092222878899772e-08
477.3892773892773,1.452248081653237e-07
478.5046728971963,7.569432249289255e-08
479.62529274004686,9.295624990321964e-08
480.75117370892025,1.8247605433987854e-07
481.88235294117646,6.919998941006511e-08
483.0188679245283,1.8254573109939474e-07
484.160756501182,2.1328462640487154e-07
485.3080568720379,6.98179201274798e-08
486.46080760095015,2.9340321030645416e-07
487.61904761904765,2.2773425199055268e-07
488.7828162291169,1.1689524023358526e-07
489.95215311004785,4.2122110942627913e-07
491.1270983213429,2.2072812544144688e-07
492.3076923076923,2.479974642242787e-07
493.4939759036144,5.892580013643222e-07
494.68599033816423,2.029981293142154e-07
495.8837772397094,4.724844096021464e-07
497.08737864077665,6.684005954364909e-07
498.29683698296833,2.4148741256511556e-07
499.51219512195115,7.968521144382541e-07
500.7334963325183,7.793847279448129e-07
501.9607843137255,4.217031249423987e-07
503.1941031941032,1.2745989266144097e-06
504.43349753694577,9.065491636549726e-07
505.679012345679,1.026219273189958e-06
506.9306930693069,1.8457276600550577e-06
508.18858560794047,1.2392692685182148e-06
509.452736318408,2.121178880565607e-06
510.72319201995015,2.689916264345326e-06
511.99999999999994,2.244806126171548e-06
513.2832080200501,4.164879927103434e-06
514.572864321608,3.7790251592605753e-06
515.8690176322418,4.762114782866016e-06
517.1717171717172,7.029853805916153e-06
518.4810126582279,5.767051958731962e-06
519.7969543147208,9.930839120663326e-06
521.1195928753181,1.0914204776183695e-05
522.4489795918367,1.0251774210821359e-05
523.7851662404091,1.9339877616037445e-05
525.1282051282051,1.5874791744210765e-05
526.478149100257,2.0767604044433643e-05
527.8350515463917,3.281109175585115e-05
529.1989664082687,2.374314224736914e-05
530.5699481865284,4.1461045028352075e-05
531.948051948052,5.138095929922402e-05
533.3333333333333,3.8895172694256986e-05
534.7258485639686,7.775817402085088e-05
536.1256544502618,7.409208689026986e-05
537.5328083989501,7.094524216681922e-05
538.9473684210527,0.00013335739839704936
540.3693931398416,0.00010492996079817003
541.7989417989418,0.00013280189882059094
543.236074270557,0.00021087036197462485
544.6808510638298,0.00015177202749622364
546.1333333333333,0.00024159562593063766
547.5935828877006,0.0003121392903498634
549.0616621983914,0.00023457894662896406
550.5376344086021,0.00041511688062585077
552.021563342318,0.0004463068250976238
553.5135135135134,0.0003819625325714323
555.0135501355013,0.0006751142299621224
556.5217391304348,0.0006281817385916958
558.0381471389645,0.0006294537638957754
559.5628415300547,0.0010460889017553485
561.0958904109589,0.0008852757897942031
562.6373626373627,0.0010267292221398628
564.1873278236914,0.0015832912594129086
565.7458563535912,0.0012392720754464395
567.3130193905816,0.00165725500089771
568.8888888888889,0.002340806390062032
570.4735376044569,0.0017121883739773947
572.0670391061452,0.0026814262376733348
573.6694677871149,0.003356517183355313
575.2808988764044,0.0023537384293763116
576.9014084507043,0.004369188593422901
578.5310734463276,0.004557634578469082
580.1699716713881,0.003345255896696115
581.8181818181818,0.007052468329317584
583.4757834757835,0.0057162197587804055
585.1428571428571,0.005244432469641703
586.8194842406876,0.01096781693149062
588.5057471264367,0.006525335298965402
590.2017291066282,0.009135155812916842
591.907514450867,0.015751517832936393
593.6231884057971,0.007033479465197331
595.3488372093024,0.016564567996462207
597.0845481049563,0.020280190943418736
598.8304093567251,0.008544872599600108
600.5865102639297,0.02888943373756511
602.3529411764705,0.022449288933213372
604.1297935103245,0.014158957216483529
605.9171597633135,0.04557103000864093
607.7151335311573,0.02095197191252035
609.5238095238094,0.029402167343741698
611.3432835820896,0.06382886845945887
613.1736526946107,0.01701676293930934
615.015015015015,0.05952175977392473
616.867469879518,0.07531556085960296
618.7311178247734,0.017440919886284875
620.6060606060606,0.1067136728469793
622.4924012158054,0.07538645755924327
624.390243902439,0.037706175051972914
626.2996941896024,0.16612041943391687
628.2208588957055,0.05599805303601497
630.1538461538462,0.09101576240217614
632.0987654320987,0.21564703946769734
634.0557275541796,0.034593405762496796
636.0248447204968,0.2013351638237567
638.006230529595,0.24608167545651738
640.0,0.03461696174174089
642.0062695924764,0.3446815085930664
644.0251572327044,0.2028223503703402
646.0567823343847,0.0898587330962671
648.1012658227849,0.5256946956367691
650.1587301587301,0.15618203116851517
652.2292993630573,0.31045187106226413
654.3130990415335,0.6438685680608446
656.4102564102564,0.04104564937639052
658.5209003215434,0.5217047764933709
660.6451612903226,0.670708302856091
662.7831715210356,0.06876685439070453
664.9350649350649,1.190794885837015
667.100977198697,0.6009510839343213
669.281045751634,0.3679910133660982
671.4754098360655,1.157553655560973
673.6842105263158,0.2629707519953717
675.9075907590759,0.5136382519330027
678.1456953642385,2.3860369740642016
680.3986710963455,0.38651151154552904
682.6666666666666,2.6702088873416763
684.9498327759198,1.1187307209314235
687.248322147651,0.20036836015293777
689.5622895622896,1.1358874290218215
691.8918918918919,3.1568493084695564
694.2372881355933,1.7300726902753663
696.5986394557823,9.413104286172246
698.976109215017,1.5128794356393267
701.3698630136986,5.121965240440098
703.7800687285223,0.21140726423337353
706.2068965517241,4.842032420763174
708.6505190311418,8.202791685259589
711.1111111111111,28.015638401901462
713.588850174216,16.667335422777743
716.0839160839159,32.38900120491426
718.5964912280701,8.100685516583333
721.1267605633802,23.156324436462288
723.6749116607774,35.55033618142125
726.241134751773,84.40556404322122
728.8256227758006,116.10845768196056
731.4285714285714,150.31897406276232
734.0501792114695,104.09020024617654
736.6906474820144,152.56340037311554
739.3501805054151,204.47633990851864
742.0289855072464,246.79968740476278
744.7272727272727,513.6012857090279
747.4452554744526,669.0580726990175
750.1831501831501,726.5260373213423
752.9411764705883,509.88012643358473
755.7195571955718,1041.8903759361758
758.5185185185185,721.2933636470208
761.3382899628252,1073.7137265086526
764.179104477612,1225.4081498651246
767.0411985018726,4049.435889621802
769.9248120300753,1546.626987231514
772.8301886792452,2823.7610813573624
775.7575757575758,2625.016469378279
778.7072243346007,3552.337376914437
781.6793893129772,539.1491871411635
784.6743295019156,5308.031716903534
787.6923076923077,7967.981920586529
790.7335907335906,1426.3990667184155
793.798449612403,1276.3464242859961
796.8871595330738,553.3069163350006
800.0,3109.0442689786755
803.1372549019609,5509.000628906635
806.2992125984252,2160.3105840995045
809.4861660079052,21973.94261591823
812.6984126984127,10036.694902099553
815.9362549800798,107.07253153418407
819.1999999999999,1509.9044929819654
822.4899598393575,3895.1009504539165
825.8064516129032,496.4161957930161
829.1497975708503,2652.4910289826053
832.520325203252,3547.527849951112
835.9183673469388,580.6376191193841
839.3442622950819,187.2479595592208
842.798353909465,531.0208574592199
846.2809917355372,472.5209304616106
849.792531120332,70.53328289839678
853.3333333333334,111.62455982993545
856.9037656903765,241.75265999849938
860.5042016806723,49.563983560265235
864.1350210970463,43.292806009578506
867.7966101694916,19.688686625112027
871.4893617021277,30.856281039177496
875.2136752136753,15.022597027104283
878.9699570815451,19.45570609100326
882.7586206896551,9.650376541591775
886.5800865800866,0.6244087560566
890.4347826086956,4.742566166678418
894.3231441048034,1.8453262284487109
898.2456140350877,5.9616787048447595
902.2026431718061,0.10007626398580981
906.1946902654867,0.8481395105559691
910.2222222222222,2.9250337948488303
914.2857142857142,0.02648988124447967
918.3856502242153,2.175782793393688
922.5225225225224,0.8246621695683618
926.6968325791854,0.10705226352585703
930.9090909090908,1.4419163813869857
935.1598173515981,0.5449306394313855
939.4495412844036,0.3677587157438839
943.778801843318,1.0401376021606379
948.1481481481483,0.1520196990613271
952.5581395348837,0.4513839232543369
957.0093457943926,0.7362240473324323
961.5023474178405,0.0211040660073883
966.0377358490566,0.5072476591142232
970.6161137440758,0.3945916475503775
975.2380952380953,0.03635991927055152
979.9043062200957,0.4662587047648584
984.6153846153846,0.1714353042272353
989.3719806763285,0.09547763396490458
994.1747572815533,0.3548966887755096
999.0243902439023,0.054841728430109364
1003.921568627451,0.14274211544765167
1008.8669950738915,0.23377699663766582
1013.8613861386139,0.012606564538527432
1018.905472636816,0.15720137080265342
1023.9999999999999,0.13102738719529294
1029.145728643216,0.012946963588402013
1034.3434343434344,0.14191848836693965
1039.5939086294416,0.06033911584883687
1044.8979591836735,0.027901394032485333
1050.2564102564102,0.1091413004871292
1055.6701030927834,0.021659940721628156
1061.139896373057,0.040528850536274655
1066.6666666666665,0.07258517205128269
1072.2513089005236,0.00649380638736273
1077.8947368421054,0.04435414604109544
1083.5978835978835,0.0417110262712826
1089.3617021276596,0.004507849523374317
1095.1871657754011,0.0399477282233842
1101.0752688172042,0.02041367108829
1107.0270270270269,0.007384158755837375
1113.0434782608695,0.030898889517747937
1119.1256830601094,0.008361294764114367
1125.2747252747254,0.010200393836220525
1131.4917127071824,0.020937494105582193
1137.7777777777778,0.0030518377762918897
1144.1340782122904,0.011076088117771162
1150.5617977528088,0.012516416777038637
1157.0621468926552,0.001605630115128319
1163.6363636363635,0.010040983526897055
1170.2857142857142,0.006597149215393131
1177.0114942528735,0.0017703980837586667
1183.815028901734,0.007911442321847791
1190.6976744186047,0.0030679505289472105
1197.6608187134502,0.0022171621840038113
1204.705882352941,0.005544205384680606
1211.834319526627,0.0013038804740509958
1219.0476190476188,0.0023895371858746167
1226.3473053892214,0.003499902180196495
1233.734939759036,0.00060562460160381
1241.2121212121212,0.0022104048234955
1248.780487804878,0.002003426004389946
1256.441717791411,0.000425866551661463
1264.1975308641975,0.0018048980938263617
1272.0496894409937,0.0010457269747724339
1280.0,0.00042552888994521756
1288.0503144654087,0.0013299887269392853
1296.2025316455697,0.0005044576971690893
1304.4585987261146,0.00044071177856044554
1312.8205128205127,0.0008971500957519935
1321.2903225806451,0.00023659431722799224
1329.8701298701299,0.0004185008107979866
1338.562091503268,0.0005589624120522043
1347.3684210526317,0.00012295167673790833
1356.291390728477,0.00035972636303244725
1365.3333333333333,0.00032299431181885004
1374.496644295302,8.353513644362222e-05
1383.7837837837837,0.0002826740663226301
1393.1972789115646,0.0001739047171240647
1402.7397260273972,7.223740056173732e-05
1412.4137931034481,0.00020553075620025575
1422.2222222222222,8.79611912084644e-05
1432.1678321678319,6.73677511993787e-05
1442.2535211267605,0.00013929252588869807
1452.482269503546,4.294005154064929e-05
1462.857142857143,6.0906115100086616e-05
1473.3812949640287,8.819897460890061e-05
1484.0579710144928,2.1805636058433803e-05
1494.890510948905,5.155197362728613e-05
1505.8823529411766,5.228846949853716e-05
1517.037037037037,1.3102911349006988e-05
1528.358208955224,4.062626612943852e-05
1539.8496240601505,2.9020139442658314e-05
1551.5151515151515,9.919138981032904e-06
1563.3587786259543,2.9969914832964368e-05
1575.3846153846155,1.5050068635591144e-05
1587.596899224806,8.693945292186383e-06
1600.0,2.0707232880166238e-05
1612.5984251968505,7.380483832923534e-06
1625.3968253968253,7.788099066102729e-06
1638.3999999999999,1.3388338214931032e-05
1651.6129032258063,3.5578586336876036e-06
1665.040650406504,6.681659827180688e-06
1678.6885245901638,8.124040039299808e-06
1692.5619834710744,1.8620771569169473e-06
1706.6666666666667,5.3891745603642005e-06
1721.0084033613446,4.588071731910072e-06
1735.5932203389832,1.2176217213295226e-06
1750.4273504273506,4.04392003021875e-06
1765.5172413793102,2.418997621118428e-06
1780.8695652173913,9.91400640541073e-07
1796.4912280701753,2.84460828772978e-06
1812.3893805309733,1.1791966379980698e-06
1828.5714285714284,8.819130111549327e-07
1845.0450450450448,1.8689551631993895e-06
1861.8181818181815,5.434510718748428e-07
1878.8990825688072,7.717316446409671e-07
1896.2962962962965,1.1448595971703442e-06
1914.0186915887853,2.502123676449051e-07
1932.0754716981132,6.34958376672498e-07
1950.4761904761906,6.464224032399369e-07
1969.2307692307693,1.3394581484921733e-07
1988.3495145631066,4.846319824638313e-07
2007.843137254902,3.3421158663535603e-07
2027.7227722772277,9.765397299424484e-08
2047.9999999999998,3.3746401935938176e-07
2068.686868686869,1.5935416756469117e-07
2089.795918367347,8.465601929182359e-08
2111.340206185567,2.1864824007887662e-07
2133.333333333333,6.795411773639904e-08
2155.789473684211,7.420798217499253e-08
2178.723404255319,1.3010795235481718e-07
2202.1505376344085,2.6586573713735003e-08
2226.086956521739,6.075995461796524e-08
2250.5494505494507,7.054410074169552e-08
2275.5555555555557,1.1438106515595239e-08
2301.1235955056177,4.4520932539216704e-08
2327.272727272727,3.482261702462885e-08
2354.022988505747,6.830733784297328e-09
2381.3953488372094,3.07343576838238e-08
2409.411764705882,1.4818640106861863e-08
2438.0952380952376,5.7931545808325425e-09
2467.469879518072,1.841163874477173e-08
2497.560975609756,5.198271764835099e-09
2528.395061728395,5.091602866641236e-09
2560.0,9.832303405219079e-09
2592.4050632911394,1.5189580688563425e-09
2625.6410256410254,3.931943424595981e-09
2659.7402597402597,4.781436483295387e-09
2694.7368421052633,3.2846853965629975e-10
2730.6666666666665,2.535224440761583e-09
2767.5675675675675,1.9422566840876528e-09
2805.4794520547944,1.4511968735330998e-10
2844.4444444444443,1.612760974610755e-09
2884.507042253521,6.676650166024214e-10
2925.714285714286,1.5257952276491325e-10
2968.1159420289855,8.060033949179259e-10
3011.764705882353,1.965601331644096e-10
3056.716417910448,1.4066428248444056e-10
3103.030303030303,3.974093126398837e-10
3150.769230769231,5.428657991888608e-11
3200.0,1.3320886258737291e-10
3250.7936507936506,1.8032630332701841e-10
3303.2258064516127,3.6562416318208694e-12
3357.3770491803275,9.025292745437207e-11
3413.3333333333335,6.55301182652999e-11
3471.1864406779664,1.333275759641018e-12
3531.0344827586205,5.380811503951077e-11
3592.9824561403507,1.4319966222594188e-11
3657.142857142857,6.587556190228874e-12
3723.636363636363,1.4096272439254989e-11
3792.592592592593,5.649944918955346e-12
3864.1509433962265,3.6135082389064823e-12
3938.4615384615386,6.953804355292599e-12
4015.686274509804,2.7408396960726964e-12
4095.9999999999995,1.6816302185096882e-12
4179.591836734694,3.116306687499747e-12
4266.666666666666,1.637304552181097e-12
4357.446808510638,1.643123643272892e-12
4452.173913043478,1.2981923627405077e-12
4551.111111111111,4.3366220015908005e-13
4654.545454545454,2.2874111975383126e-13
4762.790697674419,9.858791457416069e-14
4876.190476190475,2.3799848696367102e-14
4995.121951219512,1.2820144805120654e-14
5120.0,8.792894979652247e-15
5251.282051282051,2.3949018322016465e-15
5389.473684210527,8.629088987915606e-16
5535.135135135135,8.809227031555227e-16
5688.888888888889,2.83546950444759e-16
5851.428571428572,6.362641719559108e-17
6023.529411764706,9.909160234702796e-17
6206.060606060606,3.166237023305268e-17
6400.0,5.943182108111571e-18
6606.451612903225,1.3560528264725582e-17
6826.666666666667,3.4347784603526957e-18
7062.068965517241,1.168251486272102e-18
7314.285714285714,2.4062686261895804e-18
7585.185185185186,2.721154653183505e-19
7876.923076923077,4.246186512851436e-19
