"Wavelength, nm",Intensity
136.44237175216523,1.152153408572487e-25
136.53333333333333,1.4100749885540769e-25
136.62441627751835,4.162201072970218e-26
136.71562082777035,3.1711413131208636e-25
136.80694722778892,1.0273343835555865e-25
136.89839572192514,2.68893523123939e-25
136.98996655518394,4.878547703678025e-25
137.08165997322624,1.5197295393187196e-25
137.17347622237108,8.82957635771986e-25
137.26541554959786,3.893803733299687e-25
137.35747820254863,1.9914105495276886e-24
137.4496644295302,8.559588646484773e-25
137.54197447951645,3.4690981502065184e-23
137.63440860215053,9.892461670369702e-23
137.72696704774717,3.82638651173842e-22
137.81965006729476,8.686400840601317e-22
137.9124579124579,1.7193061981991237e-21
138.0053908355795,2.987976546515974e-21
138.09844908968307,2.324105152504141e-20
138.19163292847506,7.506705111581686e-20
138.28494260634707,4.032636550203947e-19
138.37837837837836,8.437677485394758e-19
138.47194050033806,2.3509145418842838e-18
138.5656292286874,2.9236272418723848e-18
138.65944482058225,4.977593118928295e-18
138.75338753387533,3.473760858817425e-18
138.84745762711862,4.825404819129096e-18
138.94165535956583,6.2667603664588816e-18
139.03598099117448,9.056934104850509e-18
139.1304347826087,1.8422735543803955e-17
139.22501699524133,9.022151058444374e-18
139.31972789115645,1.172084864730828e-17
139.4145677331518,1.8171499845424562e-18
139.50953678474113,9.992634550176502e-18
139.60463531015677,7.080598600203186e-17
139.69986357435198,5.755921991091061e-17
139.79522184300342,1.8653086120244257e-16
139.89071038251367,7.595931181967224e-17
139.98632946001365,2.5146090190157276e-16
140.08207934336525,1.5769522432281434e-16
140.17796030116358,2.790617792823042e-16
140.27397260273972,3.3405535898901805e-16
140.37011651816314,1.187430004340373e-16
140.46639231824417,4.7104853927198285e-16
140.56280027453673,1.3789377689794335e-16
140.65934065934067,9.061519200521975e-16
140.75601374570448,9.892091988289655e-16
140.85281980742778,1.2734663094963516e-15
140.949759119064,1.7964407488162814e-15
141.04683195592284,6.472623331038667e-16
141.14403859407307,1.991012076403159e-15
141.24137931034483,5.479123587860576e-17
141.33885438233264,2.1922624266020718e-15
141.4364640883978,2.9725984930165704e-16
141.53420870767104,1.8512846435294267e-15
141.6320885200553,5.0005820637946175e-16
141.73010380622836,1.2672892669493114e-15
141.8282548476454,1.1378317269116852e-15
141.92654192654192,1.648342561831724e-15
142.0249653259362,2.3126684777685476e-15
142.1235253296322,2.525145915590712e-15
142.22222222222223,3.0791713108068896e-15
142.32105628908963,3.5504525426105828e-15
142.42002781641168,3.1800321190188362e-15
142.51913709116212,5.004087024639115e-15
142.6183844011142,3.4731336279234328e-15
142.7177700348432,6.509134823428291e-15
142.81729428172943,5.639496056317208e-15
142.91695743196092,6.504279359061348e-15
143.0167597765363,1.1933861650667641e-14
143.11670160726763,4.792843609214222e-15
143.21678321678323,2.1290685373383817e-14
143.31700489853043,4.955931925699587e-15
143.4173669467787,2.6530188389038793e-14
143.5178696566223,1.0954723008187808e-14
143.61851332398317,2.4076697129759738e-14
143.71929824561403,2.3837959825661135e-14
143.8202247191011,2.2495396009067326e-14
143.92129304286718,3.407968666388313e-14
144.0225035161744,3.3673883558680164e-14
144.12385643912737,3.4086073256835525e-14
144.22535211267606,5.807747368660624e-14
144.32699083861874,3.4042609082576006e-14
144.42877291960508,7.786648868426492e-14
144.530698659139,5.0251013570758e-14
144.6327683615819,8.031624658822549e-14
144.73498233215545,8.66463846081567e-14
144.83734087694484,7.928096396408827e-14
144.9398443029016,1.2216194102134635e-13
145.04249291784703,9.980989240877488e-14
145.14528703047483,1.4442887263229615e-13
145.24822695035462,1.4028805167794737e-13
145.35131298793468,1.6218604882798358e-13
145.45454545454544,1.7913009147183157e-13
145.55792466240226,2.0422788163448754e-13
145.66145092460883,1.912343867672478e-13
145.76512455516016,2.992423267046697e-13
145.86894586894587,1.8391582908765633e-13
145.9729151817534,4.152068609571918e-13
146.07703281027102,2.0921140274047817e-13
146.18129907209135,4.670112005521733e-13
146.28571428571428,2.633845560214738e-13
146.39027877055037,4.950982911637942e-13
146.49499284692416,3.426618557273579e-13
146.59985683607732,5.988067882428692e-13
146.7048710601719,4.579446036797391e-13
146.8100358422939,6.900863295481858e-13
146.91535150645623,5.018893744721883e-13
147.0208183776023,8.106706530335273e-13
147.1264367816092,4.99494156427373e-13
147.23220704529115,9.43831410258622e-13
147.33812949640287,5.064083052217201e-13
147.4442044636429,1.0086710851345322e-12
147.55043227665706,5.884832030077699e-13
147.6568132660418,9.40810260091279e-13
147.76334776334778,7.506624942769638e-13
147.87003610108303,8.927258582974294e-13
147.97687861271675,7.227671902438051e-13
148.08387563268258,1.09487734970734e-12
148.19102749638205,7.390632005390938e-13
148.29833454018825,9.884715915990134e-13
148.40579710144928,9.617965043123078e-13
148.51341551849166,9.620882136867475e-13
148.6211901306241,5.587382598682804e-13
148.72912127814087,3.688033081098832e-12
148.8372093023256,4.279706106288506e-13
148.94545454545454,6.669461074260634e-12
149.0538573508006,1.5193782626966957e-12
149.16241806263656,6.262691370232147e-12
149.27113702623907,1.9458934265149e-12
149.38001458789202,2.9418064029574808e-12
149.4890510948905,2.290729953271049e-13
149.59824689554418,1.450876494662947e-12
149.70760233918128,1.0953553261840521e-13
149.81711777615214,1.1775481340336507e-12
149.9267935578331,1.4972316717454729e-13
150.03663003663004,7.214374411929028e-13
150.1466275659824,4.980007047174038e-13
150.25678650036684,3.3705677537759617e-13
150.36710719530103,6.999366189557405e-13
150.47759000734754,1.3440521782448334e-12
150.58823529411762,5.853570139161096e-13
150.69904341427517,3.3961936927582757e-12
150.8100147275405,1.176322044273262e-12
150.92114959469419,9.973494740905532e-12
151.03244837758112,4.2357518546438173e-11
151.1439114391144,1.724462858173562e-11
151.25553914327915,1.7904921048846147e-11
151.3673318551367,1.273788114514615e-11
151.47928994082838,6.570791769183266e-12
151.59141376757958,1.4182848905523886e-11
151.7037037037037,1.4862419475551008e-11
151.81616011860638,1.272509418678989e-11
151.92878338278933,3.260591153951457e-11
152.04157386785448,1.6289982434930886e-11
152.15453194650817,3.0149452736665645e-11
152.26765799256503,2.261339000399952e-11
152.38095238095235,1.3042838220651097e-11
152.4944154877141,2.411193880970287e-11
152.6080476900149,2.7238189039736156e-11
152.72184936614468,6.958926060412146e-11
152.8358208955224,8.295399425550809e-11
152.9499626587005,2.2384790413782668e-10
153.0642750373692,1.4149233799758485e-10
153.1787584143605,4.0505875234459817e-10
153.29341317365268,2.6929789354648864e-10
153.40823970037454,1.472495001555635e-10
153.5232383808096,3.23461164121447e-10
153.6384096024006,3.394959805186001e-11
153.75375375375376,2.2135871520452773e-10
153.86927122464311,8.944303293159298e-10
153.98496240601503,2.8675552679273317e-09
154.10082768999246,3.817825151985451e-09
154.2168674698795,8.771949471903915e-09
154.33308214016577,3.766831818895334e-09
154.4494720965309,3.311108714430326e-09
154.56603773584905,2.1043300887727224e-08
154.68277945619334,3.454871218906182e-09
154.79969765684052,2.936854398338836e-08
154.91679273827532,1.1617612531840057e-08
155.0340651021953,1.4036625241548241e-08
155.15151515151516,2.2856831542764514e-07
155.2691432903715,2.1974862753537518e-07
155.38694992412746,1.2758136494766332e-08
155.50493545937738,3.7488000654667374e-07
155.62310030395136,5.400345454393859e-07
155.74144486692012,9.348723457963428e-07
155.8599695585997,1.3464469300295656e-06
155.97867479055597,8.73518584358776e-07
156.09756097560975,2.9464526725519434e-07
156.21662852784135,2.2051306644918526e-05
156.33587786259542,2.2007390685505487e-05
156.45530939648586,0.000245703816103322
156.5749235474006,0.00035983231040775856
156.69472073450652,1.746356878666101e-05
156.8147013782542,0.00012211201434488995
156.93486590038313,7.129072754131768e-05
157.05521472392638,9.911162548075356e-06
157.17574827321565,6.759909501132088e-06
157.29646697388634,6.629516830719869e-07
157.4173712528824,2.0473252496656733e-06
157.53846153846155,3.40423017840378e-06
157.65973826020013,1.6974641623669668e-07
157.78120184899845,1.7605555978968182e-07
157.9028527370856,1.7195178467440394e-06
158.02469135802468,6.01926088462133e-07
158.14671814671814,8.546290118038168e-08
158.26893353941267,2.2816978533768464e-08
158.39133797370457,3.872876381414078e-07
158.5139318885449,1.1065637800381807e-06
158.63671572424477,3.7044381220312055e-07
158.7596899224806,6.832435234647103e-10
158.88285492629947,6.106492308472609e-07
159.0062111801242,1.596223199686827e-06
159.12975912975912,9.906403555568696e-07
159.25349922239502,3.6586825386952103e-07
159.37743190661476,1.101942004948485e-08
159.50155763239874,5.132159010593862e-07
159.62587685113016,4.1762366574869635e-07
159.7503900156006,3.353278091261541e-07
159.87509758001562,6.721142024630444e-08
160.0,7.374353043528515e-07
160.12509773260362,6.638212515159554e-07
160.2503912363067,4.3629341545083635e-07
160.37588097102582,1.2146903960162881e-08
160.5015673981191,3.1070577482666083e-07
160.62745098039213,2.4043896581901347e-07
160.7535321821036,1.1279600593691843e-07
160.87981146897093,5.59247991814028e-08
161.0062893081761,3.418962304126612e-07
161.13296616837135,3.187365070771362e-07
161.25984251968504,9.72693600914272e-09
161.38691883372735,4.018150509355655e-08
161.51419558359618,2.3122421174295183e-08
161.64167324388316,2.9355625688697315e-08
161.7693522906793,5.57095134822909e-08
161.89723320158103,8.453665353123325e-08
162.0253164556962,4.741203518525604e-09
162.15360253365006,4.540737901821762e-08
162.28209191759112,2.2142461235978203e-08
162.41078509119745,9.720099757476166e-09
162.53968253968253,2.327442146417015e-08
162.66878474980143,9.46735975163476e-09
162.79809220985692,3.788074605639723e-09
162.92760540970565,4.313563029932742e-08
163.05732484076432,1.655364840135865e-08
163.18725099601593,3.227358932150348e-09
163.31738437001593,2.206280077439849e-08
163.44772545889865,3.3122136422864266e-08
163.57827476038338,8.753207231074595e-08
163.709032773781,3.7064688094918493e-08
163.84,6.53330609467153e-09
163.97117694155327,1.0853251861569103e-08
164.1025641025641,1.0467669330555548e-08
164.23416198877305,2.5156342245896204e-09
164.3659711075441,4.725359100849692e-10
164.49799196787149,2.2665284583744517e-09
164.63022508038586,1.9094168545979554e-09
164.76267095736122,2.3812036987768227e-09
164.89533011272144,1.4887959307099585e-09
165.02820306204674,8.357283938869915e-10
165.16129032258064,1.6604129384720592e-09
165.29459241323647,2.3993937204924963e-09
165.4281098546042,1.1480946639946365e-09
165.56184316895713,1.0976483928185636e-09
165.6957928802589,1.0303894996478422e-09
165.82995951417004,9.126564839693899e-10
165.9643435980551,8.116589896122156e-10
166.09894566098947,3.24589212315826e-10
166.23376623376623,2.6208028128357663e-10
166.36880584890332,2.5754865669014683e-10
166.5040650406504,6.319062725900542e-11
166.63954434499593,3.139035024164398e-11
166.77524429967426,3.0319226907940047e-12
166.9111654441728,2.8853208542495634e-12
167.047308319739,5.825272471988192e-12
167.18367346938777,5.417101619313004e-11
167.3202614379085,4.5256473404220056e-11
167.45707277187245,6.681423153382171e-11
167.59410801963992,9.760996676460192e-11
167.7313677313677,7.505531158663543e-11
167.86885245901638,1.0733103725241365e-10
168.00656275635768,7.910923388484504e-11
168.14449917898193,6.968258314332783e-11
168.28266228430567,8.554512006137158e-11
168.42105263157896,4.409522978808486e-11
168.559670781893,5.4368870138917865e-11
168.6985172981878,4.884706207447249e-11
168.83759274525966,2.455641657728604e-11
168.97689768976898,4.069493083091449e-11
169.11643270024774,2.7236803336564954e-11
169.25619834710741,1.9630204705745667e-11
169.39619520264682,3.589735036002706e-11
169.53642384105962,2.0964873773955443e-11
169.67688483844242,2.3137285408018095e-11
169.81757877280262,3.255636891821587e-11
169.95850622406635,1.8514889004154968e-11
170.09966777408638,2.6147541929608786e-11
170.24106400665005,2.8086606931817046e-11
170.3826955074875,1.689742547562757e-11
170.52456286427974,2.7118149083964e-11
170.66666666666666,2.0174574104961614e-11
170.8090075062552,1.5742166769197622e-11
170.9515859766277,2.5178668811082473e-11
171.09440267335003,1.3058742310445875e-11
171.23745819397996,1.726578159720495e-11
171.3807531380753,1.9359790155245858e-11
171.52428810720266,9.968784954754773e-12
171.66806370494552,1.6341448342998003e-11
171.81208053691276,1.512704302528302e-11
171.95633921074725,8.682418675250132e-12
172.10084033613444,1.5821767174216757e-11
172.24558452481077,1.0756520966367995e-11
172.3905723905724,8.4013030631894e-12
172.5358045492839,1.4121034725469919e-11
172.681281618887,6.784936923984031e-12
172.82700421940928,1.065538661356581e-11
172.97297297297297,1.13021481175952e-11
173.11918850380385,6.0279911125384735e-12
173.26565143824024,1.010301471571433e-11
173.41236240474177,7.392287605706548e-12
173.55932203389833,4.944143535628601e-12
173.70653095843934,8.864441560003049e-12
173.85398981324278,5.217135339945174e-12
174.0016992353441,5.256178935461925e-12
174.14965986394557,7.304281282302083e-12
174.2978723404255,3.851869115408551e-12
174.44633730834755,5.2152031054801685e-12
174.59505541346974,5.604840797419188e-12
174.74402730375425,3.2885046037344997e-12
174.8932536293766,5.071627175705713e-12
175.04273504273505,3.754932159025817e-12
175.1924721984602,2.9646252421824103e-12
175.34246575342465,4.774380789713102e-12
175.49271636675235,2.41561366894018e-12
175.6432246998285,3.181580941172902e-12
175.79399141630904,3.641566295701627e-12
175.94501718213058,1.7803739794576552e-12
176.0963026655202,3.3255399886176413e-12
176.24784853700515,2.390279432308108e-12
176.3996554694229,1.9339829605380163e-12
176.55172413793102,2.4194792266770058e-12
176.70405522001724,2.0953767258798997e-12
176.85664939550952,1.346523328722853e-12
177.00950734658602,2.621666290014165e-12
177.16262975778545,1.253417553164907e-12
177.3160173160173,1.5691781062689818e-12
177.46967071057193,1.910238302911156e-12
177.62359063313096,8.670885835077316e-13
177.77777777777777,1.6184638531893727e-12
177.93223284100782,1.179632527433274e-12
178.08695652173913,1.162451079339545e-12
178.24194952132288,1.1356080661056685e-12
178.397212543554,1.0028070318582243e-12
178.55274629468178,7.570878765333936e-13
178.70855148342056,1.153693909970302e-12
178.86462882096066,5.350613169358229e-13
179.02097902097898,1.1237658633603575e-12
179.17760279965006,7.062945894762356e-13
179.33450087565674,6.3528702920627e-13
179.4916739702016,6.557347112105898e-13
179.64912280701753,6.191418909252266e-13
179.80684811237927,4.3383806017991937e-13
179.96485061511424,5.981215957349487e-13
180.12313104661388,5.27189288872073e-13
180.28169014084506,4.378737440742157e-13
180.44052863436124,6.339186030024924e-13
180.59964726631395,2.488073445647224e-13
180.75904677846424,4.57266896963725e-13
180.91872791519435,3.7653362874320986e-13
181.07869142351902,2.6145019153490107e-13
181.23893805309734,1.921755193156375e-13
181.39946855624444,5.965467841166239e-13
181.56028368794324,1.1908828299149723e-13
181.72138420585628,3.4207967597653377e-13
181.88277087033748,2.389997753263371e-13
182.04444444444445,2.75628777868822e-13
182.20640569395016,7.015648307977418e-14
182.3686553873553,3.054346245968669e-13
182.53119429590015,3.942682047753894e-13
182.69402319357712,1.582216261618207e-14
182.85714285714286,2.795147090564342e-13
183.0205540661305,4.863720697090725e-13
183.18425760286226,1.395576418681849e-13
183.34825425246197,4.0444246184774456e-13
183.51254480286738,9.193800018740745e-13
183.67713004484304,2.668356719795517e-13
183.84201077199282,4.2331989129009143e-13
184.00718778077265,1.336763659497059e-12
184.1726618705036,8.149205531821567e-13
184.33843384338437,9.296527972124647e-13
184.5045045045045,2.060557527665606e-12
184.67087466185754,1.577916172451789e-12
184.83754512635377,1.7031834975491883e-12
185.0045167118338,3.4138548849898647e-12
185.17179023508135,3.474066921544505e-12
185.33936651583707,3.088974413727115e-12
185.5072463768116,5.0821146513904166e-12
185.675430643699,5.745342212488462e-12
185.84392014519057,6.019250657365789e-12
186.01271571298818,9.2273279809468e-12
186.1818181818182,1.0301801741452474e-11
186.3512283894449,9.941171292300043e-12
186.52094717668484,1.4044190974113549e-11
186.69097538742025,1.6043779191332402e-11
186.86131386861314,1.6371674374387546e-11
187.03196347031962,2.1235557269342208e-11
187.20292504570384,2.6128219254759897e-11
187.37419945105214,2.8335623803521983e-11
187.54578754578753,3.249723717843343e-11
187.71769019248396,4.065606403994809e-11
187.88990825688072,4.4414160071071096e-11
188.06244260789717,5.349250721234345e-11
188.23529411764707,6.452347859494094e-11
188.40846366145354,7.067780671183531e-11
188.5819521178637,8.906033067892728e-11
188.75576036866357,1.105804876769591e-10
188.92988929889296,1.2621402271595385e-10
189.10433979686056,1.5227241449678986e-10
189.27911275415894,1.8367456908184592e-10
189.45420906567992,2.1069124088098723e-10
189.62962962962962,2.517215990198934e-10
189.80537534754404,2.886974006792099e-10
189.98144712430428,3.2586038747199887e-10
190.15784586815226,3.6925493789776057e-10
190.3345724907063,4.0803753204817383e-10
190.51162790697674,4.3040169334774926e-10
190.68901303538178,4.6019011576681016e-10
190.8667287977633,4.706044090792389e-10
191.044776119403,4.722963778582847e-10
191.22315592903828,4.682982008605343e-10
191.4018691588785,4.395133301700534e-10
191.5809167446211,4.086444723351606e-10
191.76029962546815,3.7036367697792935e-10
191.94001874414244,3.171046554508694e-10
192.12007504690433,2.672906046484663e-10
192.3004694835681,2.2071043463387963e-10
192.48120300751881,1.705458389150495e-10
192.66227657572907,1.3868886409575146e-10
192.8436911487759,1.0740625145826427e-10
193.02544769085767,8.365749957032264e-11
193.2075471698113,6.934783014033751e-11
193.38999055712932,5.937533300809937e-11
193.57277882797732,5.538421433648184e-11
193.75591296121098,5.759002752448666e-11
193.93939393939394,6.326534766969098e-11
194.12322274881518,7.839796663731843e-11
194.30740037950665,1.094685631784295e-10
194.49192782526114,1.4683239694086466e-10
194.67680608365018,2.0605949840700237e-10
194.86203615604185,2.660443881833246e-10
195.04761904761907,3.3110244414143534e-10
195.23355576739752,3.9375890267899e-10
195.4198473282443,4.612697411714146e-10
195.6064947468959,5.091665011927958e-10
195.79349904397705,5.780124523842125e-10
195.9808612440191,6.613972730368727e-10
196.1685823754789,8.009287215139896e-10
196.35666347075744,1.0346388184590483e-09
196.5451055662188,1.353574668668174e-09
196.73390970220942,1.7594018414822982e-09
196.92307692307693,2.2240898728176265e-09
197.1126082771896,2.6764350808110257e-09
197.30250481695566,3.0318014615284764e-09
197.4927675988428,3.2218399287127606e-09
197.68339768339766,3.1703127530497604e-09
197.8743961352657,2.8645319495150815e-09
198.06576402321085,2.3555256602131365e-09
198.25750242013552,1.7560511317000717e-09
198.44961240310076,1.1575557921462838e-09
198.64209505334625,6.738223767145711e-10
198.83495145631065,3.6929717426770676e-10
199.02818270165207,2.3859037206894e-10
199.22178988326846,2.3213446005846277e-10
199.4157740993184,2.7275499186244705e-10
199.61013645224173,2.95387195474603e-10
199.8048780487805,2.6023385977779594e-10
200.0,1.738396277109147e-10
200.19550342130987,7.84964272405401e-11
200.3913894324853,1.9633303912751912e-11
200.58765915768853,1.7684134363176746e-11
200.78431372549022,5.5929012366013216e-11
200.9813542688911,9.240096458286359e-11
201.17878192534383,8.771730981453093e-11
201.37659783677483,4.41458461299716e-11
201.5748031496063,9.814832045549623e-12
201.77339901477833,7.753866965264727e-11
201.9723865877712,3.3145415780586253e-10
202.1717670286278,7.881513536017251e-10
202.3715415019763,1.3386673633240467e-09
202.57171117705244,1.807498646176119e-09
202.77227722772278,1.9610553065110426e-09
202.97324083250743,1.7221514695780502e-09
203.17460317460316,1.2192427270067938e-09
203.37636544190661,7.967144296095116e-10
203.57852882703776,8.333005078049108e-10
203.78109452736314,1.5728158453665764e-09
203.98406374501994,2.8504827886492956e-09
204.1874376869392,4.1264766187982135e-09
204.39121756487026,4.821550963210692e-09
204.5954045954046,4.505096342306129e-09
204.79999999999998,3.2731318088387024e-09
205.005005005005,1.6877477196660774e-09
205.21042084168334,4.690117918493826e-10
205.41624874623875,5.300132849512083e-12
205.62248995983938,2.2227644709461476e-10
205.8291457286432,6.664859231244202e-10
206.03621730382292,9.08522096611624e-10
206.24370594159112,8.544861301629519e-10
206.4516129032258,7.705419153698231e-10
206.65993945509584,9.307325136661279e-10
206.86868686868684,1.3619823876669761e-09
207.07785642062692,1.7376490700308132e-09
207.28744939271257,1.725207721720615e-09
207.49746707193518,1.2235201460138305e-09
207.7079107505071,5.755931552724822e-10
207.9187817258883,1.4474487369303854e-10
208.130081300813,8.394401022460056e-11
208.34181078331636,2.340466536919055e-10
208.55397148676167,3.2085483566756625e-10
208.7665647298675,2.5719072615234287e-10
208.9795918367347,1.8980275889129963e-10
209.19305413687437,2.373850272317451e-10
209.40695296523518,3.813716989670892e-10
209.6212896622313,4.419987891135994e-10
209.83606557377047,3.203746484248625e-10
210.05128205128204,1.5038294258180612e-10
210.26694045174537,1.4305907616740422e-10
210.48304213771837,4.144959331731364e-10
210.69958847736626,8.651970547803009e-10
210.91658084449023,1.2267840873662015e-09
211.1340206185567,1.4240620761800647e-09
211.3519091847265,1.312480861206233e-09
211.5702479338843,1.063754126727111e-09
211.78903826266804,6.896958370230974e-10
212.00828157349895,4.1769885669491746e-10
212.22797927461139,2.7235012041163435e-10
212.448132780083,2.490978092383356e-10
212.668743509865,2.1206042071717976e-10
212.88981288981287,6.206328150325678e-11
213.11134235171693,7.1907390969393526e-12
213.33333333333334,3.0543145736278364e-10
213.555787278415,8.92659995320536e-10
213.7787056367432,1.5551962064455762e-09
214.00208986415882,1.5999478407921432e-09
214.22594142259413,1.261051814334982e-09
214.4502617801047,6.188331249811357e-10
214.67505241090146,3.661213925952945e-10
214.900314795383,4.874682995688037e-10
215.12605042016807,8.036754921412944e-10
215.35226077812828,1.099272766722734e-09
215.57894736842104,8.501479120156733e-10
215.80611169652263,4.092109613972698e-10
216.03375527426158,4.480214189705979e-11
216.26187961985215,5.837681528732355e-10
216.49048625792813,2.031291891911621e-09
216.7195767195767,2.8114231242671254e-09
216.9491525423729,2.4622617455096735e-09
217.17921527041358,7.766352610743485e-10
217.40976645435242,8.416359740615403e-13
217.64080765143464,8.213774174140451e-10
217.87234042553192,1.9109459357107997e-09
218.10436634717786,2.2371943154928165e-09
218.33688699360337,1.0790689404189123e-09
218.5699039487727,6.023990449194059e-10
218.80341880341882,7.676734483332572e-10
219.0374331550802,1.977525702225208e-09
219.27194860813702,2.4815909132244816e-09
219.5069667738478,2.7271810960988537e-09
219.74248927038627,2.34591679635421e-09
219.97851772287862,1.7436940350174976e-09
220.21505376344086,1.0967170184351948e-09
220.45209903121636,4.790320467613302e-10
220.68965517241378,3.1741586275847244e-10
220.92772384034518,1.0844080843803855e-10
221.16630669546436,5.880527870781128e-10
221.4054054054054,1.1233409591391723e-10
221.64502164502164,2.2810647653875882e-10
221.88515709642468,3.6798061048067624e-10
222.12581344902384,6.484727888020434e-10
222.36699239956567,1.9219716642937408e-09
222.6086956521739,1.030435346225919e-09
222.85092491838955,9.951495509411933e-10
223.09368191721134,1.0231842600183556e-10
223.3369683751363,8.168034985076902e-11
223.58078602620085,4.138704435538654e-10
223.82513661202185,1.34663586554711e-10
224.07002188183807,1.014587889280916e-09
224.31544359255204,2.060496344066519e-10
224.56140350877192,2.590763454462804e-09
224.80790340285398,8.748043198822257e-10
225.05494505494505,2.950250094603855e-09
225.30253025302528,1.8241616571649859e-09
225.55066079295153,1.8952380233866077e-09
225.79933847850054,3.025269504034469e-09
226.0485651214128,1.2323230002430356e-10
226.29834254143645,1.5674109279914765e-09
226.54867256637166,1.8501406958310256e-09
226.79955703211516,1.1890725264156552e-09
227.0509977827051,2.3020182124558798e-09
227.30299667036624,4.4254834529040115e-10
227.55555555555554,1.4581341340871058e-09
227.80867630700777,3.179756346254071e-09
228.06236080178175,5.691470608430798e-10
228.31661092530658,1.6920487809510975e-09
228.57142857142856,2.7348733502893593e-09
228.82681564245812,2.2662317677765358e-09
229.082774049217,2.40691361745365e-09
229.33930571108624,4.197423965533495e-09
229.59641255605382,3.65317878265591e-10
229.8540965207632,7.714248083454968e-09
230.1123595505618,1.312838953338478e-09
230.37120359955006,6.540458466601879e-09
230.6306306306306,3.4850622187702226e-09
230.89064261555805,6.60282437884973e-09
231.1512415349887,2.2565934441834837e-09
231.41242937853107,1.2187840024121002e-08
231.67420814479635,1.5580838637774602e-09
231.9365798414496,1.6509405819941223e-08
232.19954648526078,3.154538702299044e-09
232.46311010215663,1.7216654643115006e-08
232.7272727272727,7.310772437307152e-09
232.9920364050057,1.524264788097033e-08
233.25740318906605,1.594887662390708e-08
233.52337514253134,1.4710269167409675e-08
233.78995433789953,2.051568075673383e-08
234.05714285714288,2.8403009884177012e-08
234.32494279176203,1.7090075460617877e-08
234.59335624284074,4.494602456180293e-08
234.8623853211009,2.59472647808935e-08
235.13203214695753,4.555889417043458e-08
235.4022988505747,4.643093952387489e-08
235.67318757192174,5.7523505721516155e-08
235.9447004608295,5.728178382004731e-08
236.2168396770473,7.9567085681213e-08
236.48960739030022,8.117917052072625e-08
236.76300578034682,9.671548343563171e-08
237.03703703703707,1.1063341094949111e-07
237.3117033603708,1.4122507941193686e-07
237.58700696055683,1.1427451419524765e-07
237.862950058072,2.2377045506326482e-07
238.13953488372093,1.3934711517985265e-07
238.41676367869616,2.664481078145657e-07
238.69463869463866,2.3001579681931214e-07
238.97316219369893,2.940230891401121e-07
239.25233644859816,3.1211487861531604e-07
239.53216374269007,4.1692510588948734e-07
239.81264637002343,3.614341493634188e-07
240.0937866354044,5.342410610726834e-07
240.37558685446012,5.489509433420645e-07
240.65804935370153,5.602827802660635e-07
240.94117647058823,7.858430905476244e-07
241.2249705535924,7.467508592353296e-07
241.50943396226415,8.799995813199976e-07
241.79456906729635,1.0668148957127139e-06
242.080378250591,1.0867226167509006e-06
242.3668639053254,1.2722065061362363e-06
242.65402843601896,1.5235053515156054e-06
242.94187425860022,1.5024467864723105e-06
243.23040380047507,1.887996476389064e-06
243.51961950059456,2.1243714688584503e-06
243.80952380952382,2.090205045570825e-06
244.1001191895113,2.6985748496641628e-06
244.39140811455846,2.895338757614832e-06
244.68339307048984,2.9913422136115923e-06
244.97607655502392,3.5327000741789354e-06
245.2694610778443,4.041728002209145e-06
245.56354916067144,4.428618709846934e-06
245.85834333733493,4.6902761883732165e-06
246.15384615384616,5.418549475380277e-06
246.4500601684717,7.240675730987903e-06
246.7469879518072,6.0411038355868686e-06
247.04463208685164,6.689478673000783e-06
247.34299516908212,1.0191165903948526e-05
247.6420798065296,8.17347183674383e-06
247.9418886198547,8.050405425649547e-06
248.24242424242422,1.1937683116319404e-05
248.54368932038832,1.3878160069034279e-05
248.8456865127582,1.388483294214475e-05
249.14841849148416,1.5173423168326445e-05
249.45188794153472,1.7770787726270793e-05
249.75609756097558,3.449554787700393e-05
250.06105006105005,1.4807115374332484e-05
250.36674816625916,1.1285055325546868e-05
250.6731946144431,4.04858559932852e-05
250.98039215686276,2.1980561065557647e-05
251.2883435582822,5.864034683651129e-06
251.5970515970516,4.333721043656078e-05
251.90651906519062,9.307991442637171e-05
252.21674876847288,3.313553013518906e-05
252.52774352651045,8.06157902233592e-05
252.8395061728395,4.904849062654573e-05
253.15203955500616,0.00014860318239493707
253.46534653465346,0.00013832327431935126
253.7794299876084,3.7810495767394383e-06
254.09429280397023,4.02065572909286e-06
254.40993788819875,0.00018820343815071928
254.726368159204,3.5163701698235096e-05
255.04358655043586,0.0002706393287523994
255.36159600997507,0.0015127102690303384
255.6803995006242,0.00041885234786970287
255.99999999999997,0.0011027078343656014
256.3204005006258,0.00018718456490783282
256.64160401002505,0.0006552205986941254
256.9636135508155,0.0022123250165057627
257.286432160804,0.0004252020752571286
257.61006289308176,0.0012829299144343706
257.9345088161209,0.004697888470995543
258.2597730138714,0.005666192762372158
258.5858585858586,0.0010873376895472293
258.91276864728195,0.004897560854164479
259.24050632911394,0.003699979641533115
259.5690747782003,0.0559367958688163
259.8984771573604,0.07738619733717172
260.22871664548916,0.013717457142149324
260.55979643765903,0.028703779304919536
260.89171974522293,0.018838079727622206
261.2244897959184,0.034090250254741765
261.5581098339719,0.012942426870179198
261.89258312020456,0.0013372526315718481
262.2279129321382,0.08049314212237746
262.56410256410254,0.3154767235395666
262.9011553273428,0.22825017294737865
263.2390745501285,0.17369014228241544
263.5778635778636,0.13600220671406874
263.91752577319585,0.004347097021371269
264.258064516129,0.06138806452230467
264.59948320413434,0.008096953757259799
264.9417852522639,0.013574669551364217
265.2849740932642,0.03339374370330386
265.6290531776913,0.04864703301205644
265.974025974026,0.008161017145613358
266.3198959687906,0.06378018544817884
266.66666666666663,0.1659086938432777
267.01434159061273,0.02745228600828233
267.3629242819843,0.016622031488978804
267.7124183006536,0.014499165247192993
268.0628272251309,0.05963283084965998
268.41415465268676,0.11670650973271131
268.76640419947506,0.00831592575318991
269.119579500657,0.01966491793332839
269.47368421052636,0.005392513068570857
269.82872200263506,0.0009298478602896079
270.1846965699208,0.00563957786420854
270.5416116248349,0.04214306694191713
270.8994708994709,0.02664065888695512
271.25827814569533,0.0035842318234799416
271.6180371352785,0.01609629059695672
271.97875166002655,0.0026463609172449817
272.3404255319149,0.0027945736205642474
272.70306258322233,0.007354182219845192
273.06666666666666,0.0013422519585547866
273.4312416555407,0.009095207176282786
273.7967914438503,0.0037913321375571407
274.1633199464525,0.00035079892826042717
274.5308310991957,0.0019880519932926333
274.8993288590604,0.001118044094201813
275.26881720430106,0.00122710838147682
275.6393001345895,0.00026660439882539706
276.010781671159,0.00034118294243555563
276.3832658569501,4.098430442638113e-05
276.7567567567567,0.00038714747966814175
277.1312584573748,0.0002853374152991129
277.50677506775065,9.528200284189576e-05
277.88331071913166,0.0003157805500242542
278.2608695652174,0.00029627462440236127
278.6394557823129,0.00035407451353239327
279.01907356948226,0.0001189740030998776
279.39972714870396,0.00011042212217988945
279.78142076502735,0.000116754333524657
280.1641586867305,8.539513291334784e-05
280.54794520547944,8.924227844934558e-05
280.93278463648835,2.3556428090682826e-05
281.31868131868134,2.381394419727062e-05
281.70563961485556,2.515729193203044e-05
282.0936639118457,4.210661506011247e-06
282.48275862068965,1.8963002394378188e-05
282.8729281767956,2.2903426978530993e-05
283.2641770401106,2.505135790049642e-06
283.6565096952908,2.0654709817060282e-05
284.0499306518724,2.411484831727015e-05
284.44444444444446,9.294505882424666e-06
284.84005563282335,3.1009881513919796e-05
285.2367688022284,1.3896516073062589e-05
285.63458856345886,1.2840606486958903e-05
286.0335195530726,2.5048576291910448e-05
286.43356643356645,7.945620789051008e-06
286.8347338935574,1.71127584850874e-05
287.23702664796633,1.7028768497103458e-05
287.6404494382022,5.2225787838945155e-06
288.0450070323488,1.5525017452310757e-05
288.4507042253521,9.620951690723651e-06
288.85754583921016,6.075193879606801e-06
289.2655367231638,1.4050875023370858e-05
289.6746817538897,5.424988469079953e-06
290.08498583569406,7.417393067142609e-06
290.49645390070924,1.0524442328191762e-05
290.9090909090909,3.3297753100045167e-06
291.32290184921766,8.36222634110845e-06
291.73789173789174,7.634539277810245e-06
292.15406562054204,3.0385471638474928e-06
292.57142857142856,8.20679472329901e-06
292.9899856938483,4.372630610908476e-06
293.4097421203438,3.6794657594294636e-06
293.83070301291247,7.025000884341643e-06
294.2528735632184,2.467985932422659e-06
294.67625899280574,4.4788474648867076e-06
295.1008645533141,4.967773686098354e-06
295.52669552669556,1.7218963967656825e-06
295.9537572254335,4.577350325217065e-06
296.3820549927641,3.194563993931155e-06
296.81159420289856,1.8016153047102368e-06
297.2423802612482,4.104186463501911e-06
297.6744186046512,1.946763643368174e-06
298.1077147016012,1.9631921061881506e-06
298.54227405247815,3.308586497971559e-06
298.978102189781,1.1381468963382825e-06
299.41520467836256,2.2360378199177068e-06
299.8535871156662,2.359293171264028e-06
300.2932551319648,9.335527327424776e-07
300.73421439060206,2.154590541682798e-06
301.17647058823525,1.3956104908689941e-06
301.620029455081,9.796968179397027e-07
302.06489675516224,1.920509136460878e-06
302.5110782865583,8.976715167937015e-07
302.95857988165676,1.0171532283222718e-06
303.4074074074074,1.4516531030222416e-06
303.85756676557867,5.226163381793777e-07
304.30906389301634,1.1582129015677555e-06
304.7619047619047,1.0010523163424028e-06
305.2160953800298,4.479476383129636e-07
305.6716417910448,1.0466564264783462e-06
306.1285500747384,5.745422655075963e-07
306.58682634730536,4.970409502861238e-07
307.0464767616192,8.167587718813707e-07
307.5075075075075,4.2188761336837854e-07
307.96992481203006,5.288941446477146e-07
308.433734939759,5.81429910167499e-07
308.8989441930618,2.5890394520677963e-07
309.3655589123867,5.007317471696937e-07
309.83358547655064,4.5217753977413463e-07
310.3030303030303,2.192974507950658e-07
310.7738998482549,4.5835159551800606e-07
311.2462006079027,2.6394726321296743e-07
311.7199391171994,2.124452123478829e-07
312.1951219512195,3.7639322830385386e-07
312.67175572519085,1.7121315007185524e-07
313.1498470948012,2.3169882028870784e-07
313.6294027565084,2.6672363016550646e-07
314.11042944785277,1.2925008826220053e-07
314.5929339477727,2.0020447382822813e-07
315.0769230769231,1.9546628170530022e-07
315.5624036979969,1.1181286238112912e-07
316.04938271604937,1.8209782550570177e-07
316.53786707882534,1.262247428277915e-07
317.0278637770898,9.596282712107856e-08
317.5193798449612,1.4461403653151333e-07
318.0124223602484,9.845866211169695e-08
318.50699844479004,8.131155433967541e-08
319.0031152647975,1.2022905531531405e-07
319.5007800312012,5.6110145928676866e-08
320.0,8.739457609004669e-08
320.5007824726134,8.310754776497198e-08
321.0031347962382,4.5756927174084055e-08
321.5070643642072,9.532270571636141e-08
322.0125786163522,4.322063470236086e-08
322.5196850393701,3.676370516665008e-08
323.02839116719235,6.60551578707018e-08
323.5387045813586,4.1415257947255265e-08
324.0506329113924,3.646839794101806e-08
324.56418383518223,5.848879860135791e-08
325.07936507936506,2.0053087268775964e-08
325.59618441971384,3.422468066923211e-08
326.11464968152865,3.6698530130542904e-08
326.63476874003186,2.631410142967935e-08
327.15654952076676,3.534526095523088e-08
327.68,2.6368799408939045e-08
328.2051282051282,1.1974433543654584e-08
328.7319422150882,2.5016939379979505e-08
329.2604501607717,1.800105394743777e-08
329.7906602254429,1.0300711723212896e-08
330.3225806451613,3.210918110761238e-08
330.8562197092084,9.099359089646569e-09
331.3915857605178,1.8030468263242336e-08
331.9286871961102,1.3797103535519836e-08
332.46753246753246,4.963708798146046e-09
333.0081300813008,1.3235766755845528e-08
333.5504885993485,1.2991236158513193e-08
334.094616639478,4.494204660660142e-09
334.640522875817,1.5420295421456344e-08
335.18821603927984,4.8167794855444996e-09
335.73770491803276,1.182299936966897e-08
336.28899835796386,9.203159150761519e-09
336.8421052631579,1.9423384427944488e-09
337.3970345963756,5.6620231463694625e-09
337.95379537953795,4.332706826467178e-09
338.51239669421483,5.849571751810203e-09
339.07284768211923,1.1185792676223074e-08
339.63515754560524,5.567233705328881e-09
340.19933554817277,4.1243887338906403e-10
340.765391014975,4.6023552251866044e-09
341.3333333333333,3.295180822664662e-09
341.9031719532554,3.935101445425862e-09
342.4749163879599,2.6443151587943815e-09
343.04857621440533,3.145880392677268e-09
343.6241610738255,2.8663132082328054e-09
344.2016806722689,5.1527333006342516e-09
344.7811447811448,3.773170178530994e-10
345.362563237774,1.2808186393580732e-09
345.94594594594594,3.802213061308629e-09
346.5313028764805,3.212311349991128e-10
347.11864406779665,3.345119055747478e-09
347.70797962648555,2.0395513832438318e-09
348.29931972789115,8.068621163933477e-10
348.8926746166951,3.5146637406609323e-09
349.4880546075085,5.760030265237285e-10
350.0854700854701,2.2114882190779597e-09
350.6849315068493,1.6670511288050863e-09
351.286449399657,1.1193571838063338e-09
351.89003436426117,2.6051126084695845e-09
352.4956970740103,3.4963176555278614e-09
353.10344827586204,5.815285605255584e-10
353.71329879101904,1.7321415740722662e-11
354.3252595155709,2.5142413889317653e-09
354.93934142114387,4.3438456725302944e-10
355.55555555555554,1.7354749442992771e-09
356.17391304347825,4.4071496107678237e-11
356.794425087108,3.326204436292699e-10
357.4171029668411,1.9824939107093836e-09
358.04195804195797,5.645841164783131e-10
358.6690017513135,5.864025364805032e-10
359.29824561403507,3.2868110867576036e-11
359.9297012302285,3.4091091202506685e-10
360.5633802816901,1.0735121683957236e-09
361.1992945326279,3.787984583720204e-10
361.8374558303887,5.106623604199768e-10
362.4778761061947,8.050623222024352e-10
363.1205673758865,4.744113607461293e-10
363.76554174067496,1.3591776380386885e-11
364.4128113879003,5.60312073398196e-10
365.0623885918003,9.226127919527304e-11
365.7142857142857,1.6586329793496573e-10
366.3685152057245,3.261419029207724e-10
367.02508960573476,2.0903523738515498e-10
367.68402154398564,7.178702221149631e-10
368.3453237410072,5.757763999798636e-10
369.009009009009,3.250403768449283e-10
369.67509025270755,8.500324594793657e-11
370.3435804701627,1.116693458512335e-10
371.0144927536232,1.1068077080334843e-09
371.68784029038113,7.956893675454909e-10
372.3636363636364,1.1888687581442006e-10
373.0418943533697,4.2340762003967937e-10
373.7226277372263,3.4762943031526176e-10
374.4058500914077,5.306320393978871e-10
375.09157509157507,2.3818922614675356e-10
375.77981651376143,2.762296407810677e-10
376.47058823529414,1.9393187010540897e-10
377.1639042357274,3.8541662625448046e-10
377.8597785977859,3.3017316469984996e-10
378.5582255083179,5.358770227034594e-10
379.25925925925924,1.2335920943134724e-09
379.96289424860856,1.3663695578939082e-09
380.6691449814126,3.5869554094620373e-10
381.37802607076355,8.90472117616323e-11
382.089552238806,3.700603737622242e-10
382.803738317757,2.0131096421477307e-10
383.5205992509363,9.741473749130026e-11
384.24015009380867,2.8839206168761936e-11
384.96240601503763,3.6784240883596753e-10
385.6873822975518,7.838073071747777e-10
386.4150943396226,4.3638803372505006e-11
387.14555765595463,4.6553258753923053e-10
387.8787878787879,8.789794885482812e-11
388.6148007590133,1.4199961357044813e-09
389.35361216730035,1.1498037074388504e-09
390.09523809523813,1.998885923615159e-10
390.8396946564886,5.945451341261165e-11
391.5869980879541,3.9421729377035823e-10
392.3371647509578,4.410236405394221e-11
393.0902111324376,4.243208241205103e-10
393.84615384615387,5.06328032267936e-10
394.6050096339113,1.087084115593991e-09
395.3667953667953,6.658949784481033e-10
396.1315280464217,8.06417361223977e-11
396.8992248062015,1.5634020209123254e-10
397.6699029126213,1.7884649968907364e-10
398.4435797665369,3.1220067740917747e-10
399.22027290448347,2.0835202071580753e-10
400.0,1.7046776949989376e-10
400.7827788649706,3.895319117289737e-11
401.56862745098044,1.318030309799298e-10
402.35756385068765,3.3993436518394516e-10
403.1496062992126,2.222224005501001e-10
403.9447731755424,3.316959602965573e-10
404.7430830039526,5.142976551595925e-10
405.54455445544556,1.1053950213703555e-09
406.3492063492063,2.7499774498409385e-10
407.1570576540755,1.6342065663685497e-10
407.9681274900399,7.807525294015197e-10
408.7824351297405,5.7395304534925e-10
409.59999999999997,1.7972316204429273e-10
410.4208416833667,7.551109722257844e-12
411.24497991967877,4.407818899986864e-11
412.07243460764585,1.6231051253651236e-10
412.9032258064516,9.64569852492195e-10
413.7373737373737,4.016762015582322e-10
414.57489878542515,2.476537880720406e-10
415.4158215010142,8.462272180833647e-11
416.260162601626,1.1425890176960041e-11
417.10794297352334,1.7983297946446407e-10
417.9591836734694,3.1064203986968226e-10
418.81390593047036,3.8872182945339786e-11
419.67213114754094,9.51494878762858e-12
420.53388090349074,9.412896681764654e-10
421.3991769547325,1.236495169143018e-09
422.2680412371134,4.1287294053123737e-10
423.1404958677686,2.7633110242268887e-10
424.0165631469979,7.120162109055594e-11
424.896265560166,1.2484235626982662e-10
425.77962577962575,2.427071075833741e-10
426.6666666666667,3.486528120528503e-10
427.5574112734864,2.1015558777358287e-10
428.45188284518827,5.539879011405044e-10
429.3501048218029,1.786410391574924e-10
430.25210084033614,2.3171611716618958e-10
431.1578947368421,4.7315453712550896e-11
432.06751054852316,7.394168713760491e-11
432.98097251585625,3.702566536422017e-10
433.8983050847458,4.758979542019741e-10
434.81953290870484,1.0350266431871051e-10
435.74468085106383,2.720644074989682e-10
436.67377398720674,1.1437056626852025e-10
437.60683760683764,8.111159144495625e-10
438.54389721627405,7.223589452356473e-10
439.48497854077254,1.8459469931729412e-09
440.4301075268817,3.160922722305623e-10
441.37931034482756,4.2546262864097273e-10
442.3326133909287,1.8926965568214623e-10
443.2900432900433,4.992192965123428e-10
444.2516268980477,3.885200824481997e-10
445.2173913043478,2.0633852516195354e-10
446.1873638344227,7.893612305720064e-10
447.1615720524017,4.928665607940945e-10
448.14004376367615,4.6231019101180644e-10
449.12280701754383,5.999123018598302e-10
450.1098901098901,4.511753364193428e-11
451.10132158590307,1.9177657081383685e-10
452.0971302428256,2.5357734173541976e-10
453.0973451327433,7.502078669677564e-10
454.1019955654102,3.4513104492198775e-10
455.1111111111111,5.288003194718704e-10
456.1247216035635,6.36420226870365e-11
457.1428571428571,3.4047240761449605e-10
458.165548098434,4.741551431900322e-10
459.19282511210764,2.9619573338884386e-10
460.2247191011236,1.481166385157222e-09
461.2612612612612,7.536033976130626e-10
462.3024830699774,5.390585378539045e-10
463.3484162895927,2.2088057369363426e-09
464.39909297052156,3.3073921625202544e-10
465.4545454545454,6.01916795750446e-10
466.5148063781321,8.615972084472147e-10
467.57990867579906,8.444024980681606e-10
468.64988558352405,4.730143373449271e-10
469.7247706422018,7.962492598959354e-10
470.8045977011494,6.646817243322815e-10
471.889400921659,1.3733344575892035e-09
472.97921478060044,1.2432789850981073e-09
474.07407407407413,1.6550137546047794e-09
475.17401392111367,2.2303102253614994e-09
476.27906976744185,3.302649069350747e-09
477.3892773892773,2.4663933803017855e-10
478.5046728971963,3.60086049736935e-09
479.62529274004686,4.734794253257409e-09
480.75117370892025,4.747616548670503e-10
481.88235294117646,4.5183194283027916e-09
483.0188679245283,5.103404576591318e-09
484.160756501182,1.0638797776198406e-09
485.3080568720379,1.4865340087867911e-08
486.46080760095015,9.886163813075165e-09
487.61904761904765,4.2331749217188935e-09
488.7828162291169,1.7242695423105202e-08
489.95215311004785,1.8725792464327922e-08
491.1270983213429,1.3303577388011743e-08
492.3076923076923,5.321951998384061e-08
493.4939759036144,2.7896435246015085e-08
494.68599033816423,3.219610365663455e-08
495.8837772397094,9.307118207932703e-08
497.08737864077665,5.3733396365284596e-08
498.29683698296833,9.385836243275482e-08
499.51219512195115,1.646884164976013e-07
500.7334963325183,7.286216068853648e-08
501.9607843137255,1.735261575341859e-07
503.1941031941032,2.393491224334343e-07
504.43349753694577,1.1551944313075274e-07
505.679012345679,3.0601921431361945e-07
506.9306930693069,3.1249066923561286e-07
508.18858560794047,1.7421602600626682e-07
509.452736318408,4.778152091368865e-07
510.72319201995015,3.5010198734504236e-07
511.99999999999994,2.898604834764922e-07
513.2832080200501,6.489540556418814e-07
514.572864321608,2.8315590823953153e-07
515.8690176322418,4.140357721439129e-07
517.1717171717172,7.562070601283138e-07
518.4810126582279,1.7713105249518184e-07
519.7969543147208,6.32702909174862e-07
521.1195928753181,6.172292314066898e-07
522.4489795918367,1.1690996822142273e-07
523.7851662404091,8.923519127572231e-07
525.1282051282051,3.4142132639482004e-07
526.478149100257,4.0283471152983526e-07
527.8350515463917,1.1651151510316082e-06
529.1989664082687,7.597750625242483e-08
530.5699481865284,1.5273021875058235e-06
531.948051948052,1.4024404610757131e-06
533.3333333333333,5.76922683764624e-07
534.7258485639686,4.264132661184372e-06
536.1256544502618,1.6363542962670277e-06
537.5328083989501,3.719448768358451e-06
538.9473684210527,9.151007325562033e-06
540.3693931398416,2.4087959007379674e-06
541.7989417989418,1.2778502736672527e-05
543.236074270557,1.6229959899512706e-05
544.6808510638298,6.099384824989902e-06
546.1333333333333,3.1895084198859696e-05
547.5935828877006,2.3959630783985316e-05
549.0616621983914,1.9170828569019955e-05
550.5376344086021,6.501055360425557e-05
552.021563342318,3.066142157852857e-05
553.5135135135134,5.3378424909151534e-05
555.0135501355013,0.00011173945761219167
556.5217391304348,3.8370148077051435e-05
558.0381471389645,0.0001256709602820516
559.5628415300547,0.0001624580794316865
561.0958904109589,5.9329312195389976e-05
562.6373626373627,0.0002524634413950155
564.1873278236914,0.00019962874293449708
565.7458563535912,0.00012250709820272357
567.3130193905816,0.0004332431526028633
568.8888888888889,0.00020481957065781123
570.4735376044569,0.00027754574850825736
572.0670391061452,0.0006357962398727804
573.6694677871149,0.000180706148437146
575.2808988764044,0.0005777155820747725
576.9014084507043,0.0007885747128719076
578.5310734463276,0.00017805544040964358
580.1699716713881,0.0010379606594124906
581.8181818181818,0.0007950206625644599
583.4757834757835,0.000314846852970924
585.1428571428571,0.0015887620505696885
586.8194842406876,0.0005951533718845712
588.5057471264367,0.0007463869675938343
590.2017291066282,0.0020285235547764856
591.907514450867,0.00026677783320678774
593.6231884057971,0.0015706664018576226
595.3488372093024,0.0020817002118353016
597.0845481049563,9.313790324576151e-05
598.8304093567251,0.002679308237990899
600.5865102639297,0.001551742547658111
602.3529411764705,0.000533024809122128
604.1297935103245,0.0036467187082387035
605.9171597633135,0.0006098740294427628
607.7151335311573,0.001984753435941842
609.5238095238094,0.0038082671999913388
611.3432835820896,7.251893910589423e-05
613.1736526946107,0.004390616411504607
615.015015015015,0.0027074729163585995
616.867469879518,0.0013663806544178083
618.7311178247734,0.006851348341333637
620.6060606060606,0.0008851850425608223
622.4924012158054,0.005997146178912129
624.390243902439,0.007730933861750981
626.2996941896024,0.000707928553397047
628.2208588957055,0.014432123782180551
630.1538461538462,0.005646881401430602
632.0987654320987,0.006604594158824025
634.0557275541796,0.024887034907395373
636.0248447204968,0.0015039243022529935
638.006230529595,0.023971742659258284
640.0,0.032943045551296304
642.0062695924764,0.0010099844078265876
644.0251572327044,0.0563767182797769
646.0567823343847,0.03335096577756945
648.1012658227849,0.016219453793433987
650.1587301587301,0.10193311708140766
652.2292993630573,0.024584693358948757
654.3130990415335,0.06432450506594686
656.4102564102564,0.1505903916752479
658.5209003215434,0.015574556872662024
660.6451612903226,0.1619144698059714
662.7831715210356,0.18546786907320006
664.9350649350649,0.03221122102375095
667.100977198697,0.31612498598870753
669.281045751634,0.1919690315935872
671.4754098360655,0.11989106611777643
673.6842105263158,0.5183813138842729
675.9075907590759,0.17090464888623486
678.1456953642385,0.34086138402817207
680.3986710963455,0.7256409593635437
682.6666666666666,0.15826869952344674
684.9498327759198,0.7395368321843092
687.248322147651,0.8946957155493032
689.5622895622896,0.249715983101207
691.8918918918919,1.3851119511080543
694.2372881355933,1.0001886711452996
696.5986394557823,0.6400726818975688
698.976109215017,2.3018056934081104
701.3698630136986,1.019676487661534
703.7800687285223,1.5466595508547192
706.2068965517241,3.136489424810545
708.6505190311418,0.9917552348890812
711.1111111111111,2.97912134985997
713.588850174216,4.465175872132146
716.0839160839159,1.6305333786670053
718.5964912280701,7.168867192445362
721.1267605633802,5.552256283207963
723.6749116607774,4.329732369598186
726.241134751773,10.393701403118857
728.8256227758006,7.0681961116630045
731.4285714285714,5.278969890031672
734.0501792114695,14.236585466423735
736.6906474820144,4.9226323539038095
739.3501805054151,9.420895722479981
742.0289855072464,44.12116890785361
744.7272727272727,26.523949793858463
747.4452554744526,54.83725371126771
750.1831501831501,27.925121809393676
752.9411764705883,105.03066449039386
755.7195571955718,55.953002368566565
758.5185185185185,132.4004571628685
761.3382899628252,198.30773628076247
764.179104477612,87.09126249829204
767.0411985018726,32.5250569056557
769.9248120300753,289.6557871728026
772.8301886792452,232.91905134114978
775.7575757575758,991.5648380111966
778.7072243346007,5048.212399133853
781.6793893129772,3742.9468421390916
784.6743295019156,445.37127588686946
787.6923076923077,7347.415991190561
790.7335907335906,4314.209722005697
793.798449612403,1801.8181218421662
796.8871595330738,13438.947559020597
800.0,6374.1211713581615
803.1372549019609,6227.934413939639
806.2992125984252,2240.3472830595265
809.4861660079052,5309.282965986114
812.6984126984127,1157.2972283737315
815.9362549800798,2355.478436940345
819.1999999999999,523.4979185141349
822.4899598393575,1684.010141469848
825.8064516129032,611.4703738861558
829.1497975708503,52.38827382958191
832.520325203252,687.5172785148989
835.9183673469388,84.36514847519364
839.3442622950819,88.72333927754191
842.798353909465,77.16345506850425
846.2809917355372,9.73106883135827
849.792531120332,29.865391256015695
853.3333333333334,4.128549152463499
856.9037656903765,3.7652477984471076
860.5042016806723,5.106836931413928
864.1350210970463,16.230310541238474
867.7966101694916,1.7013412599060211
871.4893617021277,16.252010124787148
875.2136752136753,9.966126834185552
878.9699570815451,2.4228299347241413
882.7586206896551,13.818081379040906
886.5800865800866,3.7646362100633834
890.4347826086956,3.891860357138686
894.3231441048034,8.897141942950666
898.2456140350877,0.8525093099867949
902.2026431718061,4.483988206651523
906.1946902654867,4.7419363893214905
910.2222222222222,0.345671204764151
914.2857142857142,4.03773585548523
918.3856502242153,2.5046371253599298
922.5225225225224,0.5560933370198162
926.6968325791854,3.434102477333329
930.9090909090908,1.1603252313707544
935.1598173515981,0.9463940755336724
939.4495412844036,2.588792029269974
943.778801843318,0.4400694806347796
948.1481481481483,1.2076386675891184
952.5581395348837,1.7105869303637034
957.0093457943926,0.1814538305956276
961.5023474178405,1.2462601319891182
966.0377358490566,0.9856444421283644
970.6161137440758,0.17931880891809443
975.2380952380953,1.0975467599380901
979.9043062200957,0.48969087720889426
984.6153846153846,0.26483916453395284
989.3719806763285,0.8481242752845338
994.1747572815533,0.208776820482333
999.0243902439023,0.33679148988191404
1003.921568627451,0.5805549753987282
1008.8669950738915,0.08643626211583104
1013.8613861386139,0.35495295501876933
1018.905472636816,0.3518052299384642
1023.9999999999999,0.057487762546382014
1029.145728643216,0.3203747227717092
1034.3434343434344,0.18750989603046223
1039.5939086294416,0.06798045628135471
1044.8979591836735,0.25378705658529843
1050.2564102564102,0.08777767106128971
1055.6701030927834,0.08361283463940122
1061.139896373057,0.17885250179346976
1066.6666666666665,0.03807362282260141
1072.2513089005236,0.08896937537978418
1077.8947368421054,0.11278508033718318
1083.5978835978835,0.01965803039499998
1089.3617021276596,0.08176314052466095
1095.1871657754011,0.06371937420926
1101.0752688172042,0.016480185437303105
1107.0270270270269,0.06625231810612489
1113.0434782608695,0.03233697135288753
1119.1256830601094,0.017956051933991565
1125.2747252747254,0.048106219919922574
1131.4917127071824,0.015087939175630546
1137.7777777777778,0.018831150390080043
1144.1340782122904,0.03162922838100646
1150.5617977528088,0.007144539239865011
1157.0621468926552,0.017596902966372046
1163.6363636363635,0.018955074096358288
1170.2857142857142,0.004264677209223427
1177.0114942528735,0.014674381325215955
1183.815028901734,0.010417418493815986
1190.6976744186047,0.003547622610394328
1197.6608187134502,0.011071885717472568
1204.705882352941,0.005314756965937419
1211.834319526627,0.0033997266626450643
1219.0476190476188,0.0076521702907401045
1226.3473053892214,0.0026039973367519647
1233.734939759036,0.0031689158331426083
1241.2121212121212,0.004890510106651659
1248.780487804878,0.0013310139372253926
1256.441717791411,0.002725739744068847
1264.1975308641975,0.002910878388338221
1272.0496894409937,0.0008038544821461598
1280.0,0.0021536732516063153
1288.0503144654087,0.0016264492522958442
1296.2025316455697,0.0006008550830644126
1304.4585987261146,0.0015754861110853912
1312.8205128205127,0.0008634408643388167
1321.2903225806451,0.0005063516017275365
1329.8701298701299,0.0010750341147109988
1338.562091503268,0.0004458033373565371
1347.3684210526317,0.00043080566341728186
1356.291390728477,0.0006893924696128561
1365.3333333333333,0.000234398008224777
1374.496644295302,0.00035159957002041853
1383.7837837837837,0.000417636233838346
1393.1972789115646,0.00013387107337624676
1402.7397260273972,0.0002705689264995887
1412.4137931034481,0.00024015555613046577
1422.2222222222222,8.728519237136556e-05
1432.1678321678319,0.00019602209747918156
1442.2535211267605,0.00013206818451675043
1452.482269503546,6.387529213342435e-05
1462.857142857143,0.00013423685988135807
1473.3812949640287,7.020736911710518e-05
1484.0579710144928,4.9511742948370455e-05
1494.890510948905,8.711629597485072e-05
1505.8823529411766,3.685039554137158e-05
1517.037037037037,3.842337244723748e-05
1528.358208955224,5.3824964038527926e-05
1539.8496240601505,1.97286330838658e-05
1551.5151515151515,2.9032008656399574e-05
1563.3587786259543,3.166520529300587e-05
1575.3846153846155,1.133377182140532e-05
1587.596899224806,2.1006141651439407e-05
1600.0,1.7809210227400628e-05
1612.5984251968505,7.157622498807274e-06
1625.3968253968253,1.4503018014218074e-05
1638.3999999999999,9.61383935006824e-06
1651.6129032258063,4.957227137480871e-06
1665.040650406504,9.565988396477019e-06
1678.6885245901638,5.0143647874930275e-06
1692.5619834710744,3.626551093288789e-06
1706.6666666666667,5.9905652886918906e-06
1721.0084033613446,2.5879938521708992e-06
1735.5932203389832,2.677842508345776e-06
1750.4273504273506,3.5892183418157887e-06
1765.5172413793102,1.3509758016524338e-06
1780.8695652173913,1.9273086498008016e-06
1796.4912280701753,2.0472937463910428e-06
1812.3893805309733,7.462237625402152e-07
1828.5714285714284,1.3406366191001848e-06
1845.0450450450448,1.1025257518172245e-06
1861.8181818181815,4.5633344753295903e-07
1878.8990825688072,8.943781914007489e-07
1896.2962962962965,5.694818450782789e-07
1914.0186915887853,3.07255369772159e-07
1932.0754716981132,5.616018535893085e-07
1950.4761904761906,2.8519134144015577e-07
1969.2307692307693,2.1645940306822967e-07
1988.3495145631066,3.385598380414635e-07
2007.843137254902,1.391459521733138e-07
2027.7227722772277,1.5242409133847183e-07
2047.9999999999998,1.9294377815191192e-07
2068.686868686869,6.915006127034182e-08
2089.795918367347,1.084653824234934e-07
2111.340206185567,1.017009241955116e-07
2133.333333333333,3.8028358889058404e-08
2155.789473684211,7.223725447805317e-08
2178.723404255319,5.0542153630724366e-08
2202.1505376344085,2.374825035458713e-08
2226.086956521739,4.530921929475153e-08
2250.5494505494507,2.416576773225955e-08
2275.5555555555557,1.6364348514961425e-08
2301.1235955056177,2.6492727558331283e-08
2327.272727272727,1.10655644358535e-08
2354.022988505747,1.1525792874532176e-08
2381.3953488372094,1.4869155094685119e-08
2409.411764705882,5.044565826089761e-09
2438.0952380952376,8.425696910496227e-09
2467.469879518072,7.1860617653377695e-09
2497.560975609756,2.8180032832240565e-09
2528.395061728395,5.328876217073654e-09
2560.0,3.2411751714614916e-09
2592.4050632911394,1.929880996275365e-09
2625.6410256410254,3.08621978653337e-09
2659.7402597402597,1.3673258361204664e-09
2694.7368421052633,1.3595206534580561e-09
2730.6666666666665,1.6712904629015448e-09
2767.5675675675675,5.680751932515003e-10
2805.4794520547944,8.990899340197198e-10
2844.4444444444443,7.942927021870258e-10
2884.507042253521,3.2083155385965353e-10
2925.714285714286,4.956823771258251e-10
2968.1159420289855,2.897923112979518e-10
3011.764705882353,1.6801550575262935e-10
3056.716417910448,2.5545623848127527e-10
3103.030303030303,9.629432074607052e-11
3150.769230769231,9.296164357165542e-11
3200.0,1.100224950071552e-10
3250.7936507936506,2.4657390614667742e-11
3303.2258064516127,4.7230609066005437e-11
3357.3770491803275,2.2133740077456798e-11
3413.3333333333335,3.3900957163432986e-12
3471.1864406779664,9.179029458625358e-12
3531.0344827586205,5.6447841752313336e-12
3592.9824561403507,1.4125939445284365e-12
3657.142857142857,3.815927082531529e-12
3723.636363636363,1.2195393075595688e-12
3792.592592592593,3.034348456481316e-13
3864.1509433962265,1.5454204829838348e-12
3938.4615384615386,5.365809835518048e-13
4015.686274509804,1.2546946208675976e-13
4095.9999999999995,1.0821853400326705e-12
4179.591836734694,1.4263216607848754e-13
4266.666666666666,1.2768229263545766e-13
4357.446808510638,2.1135976908951572e-13
4452.173913043478,1.695330607946492e-14
4551.111111111111,3.921154413770073e-14
4654.545454545454,3.473614411498856e-14
4762.790697674419,1.7185499002109285e-15
4876.190476190475,3.9981233501771984e-15
4995.121951219512,4.12611778159964e-15
5120.0,5.701652213322433e-16
5251.282051282051,2.2644659724793447e-16
5389.473684210527,4.463792025210972e-16
5535.135135135135,1.1911694018246805e-16
5688.888888888889,1.3276698350886618e-17
5851.428571428572,4.499563385372789e-17
6023.529411764706,1.8027172289847135e-17
6206.060606060606,1.8268622266273512e-18
6400.0,5.608729764864488e-18
6606.451612903225,2.619778572246724e-18
6826.666666666667,4.502728809854349e-19
7062.068965517241,1.0683954244586717e-18
7314.285714285714,4.290381496419115e-19
7585.185185185186,1.6856628414590577e-19
7876.923076923077,2.604281315006725e-19
