"Wavelength, nm",Intensity
136.44237175216523,7.261795598354475e-19
136.53333333333333,9.529349921876148e-19
136.62441627751835,1.2561485331819772e-18
136.71562082777035,1.6635470220031306e-18
136.80694722778892,2.2139748009707805e-18
136.89839572192514,2.9491605739832007e-18
136.98996655518394,2.9233087382698283e-18
137.08165997322624,3.607937882477952e-17
137.17347622237108,1.0857193275325907e-15
137.26541554959786,2.149448362694838e-14
137.35747820254863,2.824496646013686e-13
137.4496644295302,2.337842259912465e-12
137.54197447951645,1.3375502128114379e-11
137.63440860215053,5.8189516420747874e-11
137.72696704774717,2.074570909202563e-10
137.81965006729476,6.286551222934728e-10
137.9124579124579,1.6477180551937235e-09
138.0053908355795,3.882383730079411e-09
138.09844908968307,8.557116943254183e-09
138.19163292847506,1.7599911124254244e-08
138.28494260634707,3.346314830769343e-08
138.37837837837836,6.058311721787257e-08
138.47194050033806,1.0654986795380405e-07
138.5656292286874,1.7760059856022905e-07
138.65944482058225,2.8174762421169524e-07
138.75338753387533,4.4415351670963294e-07
138.84745762711862,6.892229771898506e-07
138.94165535956583,1.0208143965319845e-06
139.03598099117448,1.4845179360732622e-06
139.1304347826087,2.1533744163394073e-06
139.22501699524133,2.9903499118717463e-06
139.31972789115645,3.964778007779933e-06
139.4145677331518,5.2362467797517726e-06
139.50953678474113,6.860645545762974e-06
139.60463531015677,8.670976604517226e-06
139.69986357435198,1.0852763767940266e-05
139.79522184300342,1.3956667189311641e-05
139.89071038251367,1.795396692845899e-05
139.98632946001365,2.2331879660727913e-05
140.08207934336525,2.7451218781943414e-05
140.17796030116358,3.387593563869254e-05
140.27397260273972,4.019879328507366e-05
140.37011651816314,4.4826904773200955e-05
140.46639231824417,4.886119200841262e-05
140.56280027453673,5.263871899740862e-05
140.65934065934067,5.3414434688848814e-05
140.75601374570448,5.120296472637439e-05
140.85281980742778,4.951492611304016e-05
140.949759119064,4.7953153932255383e-05
141.04683195592284,4.401971673094228e-05
141.14403859407307,4.054252688132719e-05
141.24137931034483,4.085977553222985e-05
141.33885438233264,4.2225351166295034e-05
141.4364640883978,4.318029134882745e-05
141.53420870767104,4.868625486859369e-05
141.6320885200553,6.009406642465892e-05
141.73010380622836,7.210571487821274e-05
141.8282548476454,8.59895940676176e-05
141.92654192654192,0.00010871754929375593
142.0249653259362,0.0001361416277811259
142.1235253296322,0.00015981400806221006
142.22222222222223,0.0001855977069784589
142.32105628908963,0.0002190392919531475
142.42002781641168,0.00024842807250408425
142.51913709116212,0.0002675001171830493
142.6183844011142,0.00028783266622481096
142.7177700348432,0.000310998645687501
142.81729428172943,0.0003232738230365795
142.91695743196092,0.0003252864394192779
143.0167597765363,0.00032963486534931785
143.11670160726763,0.000332610296692887
143.21678321678323,0.0003235473698873334
143.31700489853043,0.00030889379246531285
143.4173669467787,0.00029718428420840614
143.5178696566223,0.00028201612592263897
143.61851332398317,0.00026138436562538823
143.71929824561403,0.0002460703380727807
143.8202247191011,0.00023893867986866338
143.92129304286718,0.00023570343359407788
144.0225035161744,0.00024316423550736348
144.12385643912737,0.00026965068873426783
144.22535211267606,0.0003107399260376751
144.32699083861874,0.0003638466603872559
144.42877291960508,0.00043740445010781963
144.530698659139,0.0005334292633402737
144.6327683615819,0.0006400166478512374
144.73498233215545,0.0007495402915830669
144.83734087694484,0.0008699178034014923
144.9398443029016,0.0010049361917795435
145.04249291784703,0.001132114648582002
145.14528703047483,0.001227995993100254
145.24822695035462,0.001309241596045167
145.35131298793468,0.0013970282344193854
145.45454545454544,0.0014545154871737302
145.55792466240226,0.0014418628333058264
145.66145092460883,0.001400662367697315
145.76512455516016,0.0013755703716865516
145.86894586894587,0.0013186112415276994
145.9729151817534,0.0011936860343174953
146.07703281027102,0.001067991770141586
146.18129907209135,0.000985694344090923
146.28571428571428,0.0008987098821027244
146.39027877055037,0.0008002548356442882
146.49499284692416,0.0007527322416022784
146.59985683607732,0.000764492508598725
146.7048710601719,0.0008076988464774113
146.8100358422939,0.0009015536163349794
146.91535150645623,0.0010518532942541468
147.0208183776023,0.0012337192319567837
147.1264367816092,0.0014718128396677078
147.23220704529115,0.001766746746366005
147.33812949640287,0.0020276897335803922
147.4442044636429,0.002249851165279052
147.55043227665706,0.002535423631015175
147.6568132660418,0.0028242244400427646
147.76334776334778,0.0029543531833992167
147.87003610108303,0.002995232578363746
147.97687861271675,0.0030918339075627537
148.08387563268258,0.003126243851620071
148.19102749638205,0.0029721455881036797
148.29833454018825,0.002775574631952031
148.40579710144928,0.002622543658390455
148.51341551849166,0.002377774240846099
148.6211901306241,0.0020556991549172143
148.72912127814087,0.0018181575638698405
148.8372093023256,0.0016148832549123403
148.94545454545454,0.0013558710716587712
149.0538573508006,0.001192761753669438
149.16241806263656,0.0011945682638710507
149.27113702623907,0.0011974083848853422
149.38001458789202,0.0012224797089360414
149.4890510948905,0.0014509529860061241
149.59824689554418,0.001783336522291382
149.70760233918128,0.0020473439483309082
149.81711777615214,0.0023779519992136165
149.9267935578331,0.002856028151069983
150.03663003663004,0.0032704287223903773
150.1466275659824,0.003575058411403011
150.25678650036684,0.00392827955287022
150.36710719530103,0.004229910919098165
150.47759000734754,0.0043182495712491215
150.58823529411762,0.004356716144188469
150.69904341427517,0.004414602573054645
150.8100147275405,0.0042400353719787565
150.92114959469419,0.003856927687697151
151.03244837758112,0.00358225625042531
151.1439114391144,0.0033342456442824507
151.25553914327915,0.0028409992833132226
151.3673318551367,0.0023228972676257263
151.47928994082838,0.002072324062802877
151.59141376757958,0.0018702794559982048
151.7037037037037,0.0015567044362429163
151.81616011860638,0.0014352639460585498
151.92878338278933,0.0016210552385944163
152.04157386785448,0.0018338413613655977
152.15453194650817,0.002037959228454427
152.26765799256503,0.0024724266540038517
152.38095238095235,0.0031093470200030528
152.4944154877141,0.003725867837766698
152.6080476900149,0.00426803670937988
152.72184936614468,0.004781397902934087
152.8358208955224,0.005301775309029852
152.9499626587005,0.005843762662193511
153.0642750373692,0.006222394670915985
153.1787584143605,0.006200608925137103
153.29341317365268,0.00596657735032335
153.40823970037454,0.005877593289568572
153.5232383808096,0.005751514492490686
153.6384096024006,0.005174107527693091
153.75375375375376,0.004325946820708135
153.86927122464311,0.0036936904498889563
153.98496240601503,0.0032573665908813337
154.10082768999246,0.0027040769365528467
154.2168674698795,0.0021031114013809016
154.33308214016577,0.0017693364103831533
154.4494720965309,0.0017586606077270815
154.56603773584905,0.0019103317464197755
154.68277945619334,0.0021784266898923614
154.79969765684052,0.002674813223629026
154.91679273827532,0.0034617552991404506
155.0340651021953,0.004412996563960128
155.15151515151516,0.005329013966692813
155.2691432903715,0.006171756900167551
155.38694992412746,0.007045495901840453
155.50493545937738,0.00791501796752699
155.62310030395136,0.008539588294746334
155.74144486692012,0.00875828699944111
155.8599695585997,0.008657948788670553
155.97867479055597,0.008383064240672759
156.09756097560975,0.007928394587111242
156.21662852784135,0.007201370064336187
156.33587786259542,0.006206896406101573
156.45530939648586,0.005095260685631961
156.5749235474006,0.004040262990358677
156.69472073450652,0.0031281175621485345
156.8147013782542,0.0023948538981791853
156.93486590038313,0.0019110838702663475
157.05521472392638,0.0017621644858842407
157.17574827321565,0.0019903388306512938
157.29646697388634,0.0026052006611222396
157.4173712528824,0.0035898902069792385
157.53846153846155,0.004871578894786907
157.65973826020013,0.0063426966007466366
157.78120184899845,0.007889683171392027
157.9028527370856,0.009372645185259112
158.02469135802468,0.010664730810838534
158.14671814671814,0.011711492566407487
158.26893353941267,0.012442224167656932
158.39133797370457,0.012695476705971185
158.5139318885449,0.012363092438871775
158.63671572424477,0.011503995483884755
158.7596899224806,0.0102406555995112
158.88285492629947,0.008689096931450629
159.0062111801242,0.007000729191917009
159.12975912975912,0.0053245615118428305
159.25349922239502,0.003770319073967003
159.37743190661476,0.002491705377068598
159.50155763239874,0.0016931369714257424
159.62587685113016,0.001505979884114779
159.7503900156006,0.001957153778491758
159.87509758001562,0.0030277924672261927
160.0,0.0046483936467877855
160.12509773260362,0.0066975504614548795
160.2503912363067,0.009049378614793603
160.37588097102582,0.011540846011518023
160.5015673981191,0.013910037424837297
160.62745098039213,0.015877088473529196
160.7535321821036,0.017255287880570576
160.87981146897093,0.01791725863890335
161.0062893081761,0.01776059514356053
161.13296616837135,0.01678942278550801
161.25984251968504,0.01512117487112632
161.38691883372735,0.012881844724256662
161.51419558359618,0.01022575388840186
161.64167324388316,0.0074352974444412984
161.7693522906793,0.004852127300769805
161.89723320158103,0.0027554126262239118
162.0253164556962,0.0013858850015857828
162.15360253365006,0.0009572633250880358
162.28209191759112,0.0015703270121518855
162.41078509119745,0.0032091876966374422
162.53968253968253,0.005787937087170528
162.66878474980143,0.009105332862993106
162.79809220985692,0.012844720225737408
162.92760540970565,0.016673368571337218
163.05732484076432,0.02024130819561897
163.18725099601593,0.023144716212523647
163.31738437001593,0.025045680372205798
163.44772545889865,0.02575803423706133
163.57827476038338,0.025171233986356147
163.709032773781,0.02327043804100049
163.84,0.020248321109857897
163.97117694155327,0.016437566499611388
164.1025641025641,0.012201630870593415
164.23416198877305,0.00798872388818386
164.3659711075441,0.004324828168935855
164.49799196787149,0.001671570609342567
164.63022508038586,0.0003851276474696799
164.76267095736122,0.0007196497148891155
164.89533011272144,0.002742402606758602
165.02820306204674,0.006326081820273704
165.16129032258064,0.011207604925350686
165.29459241323647,0.01694350772889953
165.4281098546042,0.02292265047297526
165.56184316895713,0.028526298993938548
165.6957928802589,0.03318044521471094
165.82995951417004,0.036323996715746924
165.9643435980551,0.03753653601220038
166.09894566098947,0.0366674201183379
166.23376623376623,0.033775170903935586
166.36880584890332,0.029096541656506967
166.5040650406504,0.02312952896646564
166.63954434499593,0.016593974005025432
166.77524429967426,0.010274686968710513
166.9111654441728,0.004947425838072369
167.047308319739,0.0013392795006649668
167.18367346938777,1.9864124055166186e-05
167.3202614379085,0.0013116350561247706
167.45707277187245,0.005252092940144747
167.59410801963992,0.011555164234033998
167.7313677313677,0.019632081966423954
167.86885245901638,0.028679507571965242
168.00656275635768,0.03773352310849519
168.14449917898193,0.045749754970991444
168.28266228430567,0.05178347280025921
168.42105263157896,0.05511639611692758
168.559670781893,0.05528210808683011
168.6985172981878,0.052150243349969226
168.83759274525966,0.046034600974079604
168.97689768976898,0.037658137319310836
169.11643270024774,0.028030809297298297
169.25619834710741,0.018361452723374055
169.39619520264682,0.009952380328781159
169.53642384105962,0.004021572764765283
169.67688483844242,0.001526578075670197
169.81757877280262,0.003048488861622358
169.95850622406635,0.008702239798614354
170.09966777408638,0.01808213536152968
170.24106400665005,0.030305207353881203
170.3826955074875,0.0441067826476957
170.52456286427974,0.05793585250087406
170.66666666666666,0.07014058472224345
170.8090075062552,0.0792251308453669
170.9515859766277,0.08402464661432003
171.09440267335003,0.08384814545580982
171.23745819397996,0.07864769565540754
171.3807531380753,0.06904642155377536
171.52428810720266,0.05623399102343931
171.66806370494552,0.04189115133025928
171.81208053691276,0.02803027611137017
171.95633921074725,0.01667898172393424
172.10084033613444,0.00961425608745138
172.24558452481077,0.008175728621188424
172.3905723905724,0.01305013140565582
172.5358045492839,0.024133254507945567
172.681281618887,0.04051522993923752
172.82700421940928,0.06050506837998942
172.97297297297297,0.08180381738744899
173.11918850380385,0.10187088386086998
173.26565143824024,0.11824929162217718
173.41236240474177,0.12881441577668518
173.55932203389833,0.13213010911236386
173.70653095843934,0.1277706012871799
173.85398981324278,0.11634045597447036
174.0016992353441,0.09934629312802623
174.14965986394557,0.07913326140295664
174.2978723404255,0.058688474269280734
174.44633730834755,0.041189961204929744
174.59505541346974,0.029555639831222235
174.74402730375425,0.026089228864073187
174.8932536293766,0.03211624866860664
175.04273504273505,0.04770681740594255
175.1924721984602,0.07158516204317114
175.34246575342465,0.10121562409668713
175.49271636675235,0.1331498131433999
175.6432246998285,0.16353404387959103
175.79399141630904,0.18856226709891546
175.94501718213058,0.2050078253718607
176.0963026655202,0.21080182037630182
176.24784853700515,0.20527090814584995
176.3996554694229,0.1891803639432669
176.55172413793102,0.16488304079922173
176.70405522001724,0.1361705903944915
176.85664939550952,0.10764708549809505
177.00950734658602,0.08410301195435366
177.16262975778545,0.06995661087696145
177.3160173160173,0.06854021956835968
177.46967071057193,0.081444162321968
177.62359063313096,0.10816370791282395
177.77777777777777,0.14611959141977857
177.93223284100782,0.1910693907963384
178.08695652173913,0.2376889784960103
178.24194952132288,0.28021488219885665
178.397212543554,0.3132750216779239
178.55274629468178,0.3326982084151162
178.70855148342056,0.3360656347664951
178.86462882096066,0.32315373521816937
179.02097902097898,0.29617545363346215
179.17760279965006,0.25955971198502625
179.33450087565674,0.21944273945018847
179.4916739702016,0.18297763315045118
179.64912280701753,0.15727129643797652
179.80684811237927,0.1481127196247752
179.96485061511424,0.15891605547045876
180.12313104661388,0.19008991030293568
180.28169014084506,0.23890997781170498
180.44052863436124,0.2999047751414042
180.59964726631395,0.3656793432699588
180.75904677846424,0.4280289622827547
180.91872791519435,0.4791004828426224
181.07869142351902,0.5124541785706613
181.23893805309734,0.523987970623189
181.39946855624444,0.5125997815892871
181.56028368794324,0.4805352791688691
181.72138420585628,0.43340526694854187
181.88277087033748,0.3796504537776513
182.04444444444445,0.3293776975737916
182.20640569395016,0.2928032889302023
182.3686553873553,0.2784917651764203
182.53119429590015,0.29165374288476675
182.69402319357712,0.3329885418186277
182.85714285714286,0.3984600370616298
183.0205540661305,0.4800416626822313
183.18425760286226,0.5670595668769907
183.34825425246197,0.6478802979743967
183.51254480286738,0.7119563434127194
183.67713004484304,0.7514956601750181
183.84201077199282,0.76202688486107
184.00718778077265,0.742810906864405
184.1726618705036,0.6976958832325216
184.33843384338437,0.6349944478397211
184.5045045045045,0.5659732251625725
184.67087466185754,0.5033823070275265
184.83754512635377,0.4601005490315162
185.0045167118338,0.4469189380704593
185.17179023508135,0.4699561326979568
185.33936651583707,0.5289505547434621
185.5072463768116,0.6170051582326554
185.675430643699,0.7217329353002143
185.84392014519057,0.8274149902805287
186.01271571298818,0.9179319934423142
186.1818181818182,0.9800133447174102
186.3512283894449,1.0056413777675672
186.52094717668484,0.993015344076614
186.69097538742025,0.9464601701548553
186.86131386861314,0.8754279508882836
187.03196347031962,0.7927083297248978
187.20292504570384,0.7124979542068669
187.37419945105214,0.648701243338465
187.54578754578753,0.6132931875496381
187.71769019248396,0.6146596353727597
187.88990825688072,0.6560530721542052
188.06244260789717,0.734419561746024
188.23529411764707,0.8400236921842732
188.40846366145354,0.957303441813541
188.5819521178637,1.0670807916725484
188.75576036866357,1.150002075361353
188.92988929889296,1.190788115978518
189.10433979686056,1.1819978701674856
189.27911275415894,1.1258209666537955
189.45420906567992,1.0337624501152847
189.62962962962962,0.9245213786741335
189.80537534754404,0.8199022192785655
189.98144712430428,0.7398229773032781
190.15784586815226,0.6984046591171421
190.3345724907063,0.7018786838421205
190.51162790697674,0.7481339942020223
190.68901303538178,0.827861316940588
190.8667287977633,0.9271404113978198
191.044776119403,1.030455484850411
191.22315592903828,1.1226849850461678
191.4018691588785,1.190495229678677
191.5809167446211,1.22429324203459
191.76029962546815,1.2191219037959007
191.94001874414244,1.1739707292391244
192.12007504690433,1.092953045622108
192.3004694835681,0.9878030736979705
192.48120300751881,0.876556136028341
192.66227657572907,0.7793074293901208
192.8436911487759,0.7154245818053329
193.02544769085767,0.7008770008161256
193.2075471698113,0.7436339607340753
193.38999055712932,0.83956879076593
193.57277882797732,0.9718678796738859
193.75591296121098,1.1146971647201862
193.93939393939394,1.2388184438280394
194.12322274881518,1.3171719130556643
194.30740037950665,1.3315535604287936
194.49192782526114,1.2784974832210152
194.67680608365018,1.1701821075712397
194.86203615604185,1.0313647589173371
195.04761904761907,0.8943494391108753
195.23355576739752,0.791472689275774
195.4198473282443,0.7469341659831665
195.6064947468959,0.771130975545425
195.79349904397705,0.8586133561244738
195.9808612440191,0.9896801280319966
196.1685823754789,1.1352432923995044
196.35666347075744,1.2640360017472567
196.5451055662188,1.3502744422344966
196.73390970220942,1.3793944074853275
196.92307692307693,1.3506995356616787
197.1126082771896,1.2768990782289509
197.30250481695566,1.1805779762925077
197.4927675988428,1.0881448273705583
197.68339768339766,1.0231081749032727
197.8743961352657,1.0008772580885366
198.06576402321085,1.0260139776866768
198.25750242013552,1.0918745380989536
198.44961240310076,1.1828185352647098
198.64209505334625,1.2791225154145025
198.83495145631065,1.362551138370003
199.02818270165207,1.4194757410380818
199.22178988326846,1.4426976917749728
199.4157740993184,1.4340605453118618
199.61013645224173,1.4037889219506516
199.8048780487805,1.3648072367106268
200.0,1.328726375290169
200.19550342130987,1.3058029627916692
200.3913894324853,1.3033065618893969
200.58765915768853,1.3219388468925335
200.78431372549022,1.3561425879588969
200.9813542688911,1.398444139720812
201.17878192534383,1.4417285159137658
201.37659783677483,1.478786521913266
201.5748031496063,1.5041016643300367
201.77339901477833,1.5165441668728292
201.9723865877712,1.518184096823705
202.1717670286278,1.5120591415443931
202.3715415019763,1.5024632099000645
202.57171117705244,1.494338616644137
202.77227722772278,1.490747424214468
202.97324083250743,1.4926072991959893
203.17460317460316,1.5002416490013535
203.37636544190661,1.512954007828137
203.57852882703776,1.5282951586974556
203.78109452736314,1.543800381726184
203.98406374501994,1.5581228758627927
204.1874376869392,1.5697823204585162
204.39121756487026,1.5775430321424309
204.5954045954046,1.582542970256877
204.79999999999998,1.5871540421802786
205.005005005005,1.591927329541281
205.21042084168334,1.5963451273203184
205.41624874623875,1.6014553082535616
205.62248995983938,1.6089428365052119
205.8291457286432,1.618711322752814
206.03621730382292,1.6296628285699002
206.24370594159112,1.641706039633394
206.4516129032258,1.655154679833822
206.65993945509584,1.66926607406431
206.86868686868684,1.6829935118477348
207.07785642062692,1.6964624872919623
207.28744939271257,1.7105088837552815
207.49746707193518,1.7251762503422667
207.7079107505071,1.7397234542779525
207.9187817258883,1.7540943795250843
208.130081300813,1.7691555730157014
208.34181078331636,1.7850933559700026
208.55397148676167,1.80109039879963
208.7665647298675,1.817079424204739
208.9795918367347,1.8339124204418804
209.19305413687437,1.85139097856836
209.40695296523518,1.8682644966941322
209.6212896622313,1.8843203434261573
209.83606557377047,1.900302243901305
210.05128205128204,1.916103631645453
210.26694045174537,1.9312084658626585
210.48304213771837,1.946021297100144
210.69958847736626,1.960864882705206
210.91658084449023,1.9750667948735905
211.1340206185567,1.9882852277305785
211.3519091847265,2.0011361278934885
211.5702479338843,2.0139578223810766
211.78903826266804,2.026228106741996
212.00828157349895,2.0376085599734157
212.22797927461139,2.0488465060223873
212.448132780083,2.0604751922761837
212.668743509865,2.0713727963198263
212.88981288981287,2.0811470037526063
213.11134235171693,2.0918173613037854
213.33333333333334,2.1035128252561273
213.555787278415,2.113540934037748
213.7787056367432,2.1229757791058828
214.00208986415882,2.135155319649478
214.22594142259413,2.147377185268945
214.4502617801047,2.1568434647062293
214.67505241090146,2.1686072206215203
214.900314795383,2.1837877433555737
215.12605042016807,2.1957658180993307
215.35226077812828,2.206926565722457
215.57894736842104,2.2236175622876497
215.80611169652263,2.2389871216878783
216.03375527426158,2.2500096502546802
216.26187961985215,2.2670795901407432
216.49048625792813,2.2869175627881777
216.7195767195767,2.299384929790219
216.9491525423729,2.3153959968598574
217.17921527041358,2.338745881435088
217.40976645435242,2.3528133911380125
217.64080765143464,2.365581162488714
217.87234042553192,2.391989248057474
218.10436634717786,2.409678326774028
218.33688699360337,2.4160041415245317
218.5699039487727,2.4425829598230324
218.80341880341882,2.468745223784149
219.0374331550802,2.467357037237391
219.27194860813702,2.4859475466927905
219.5069667738478,2.5258403011417814
219.74248927038627,2.52279262823216
219.97851772287862,2.521191496363107
220.21505376344086,2.573977523300044
220.45209903121636,2.585134901921986
220.68965517241378,2.5533931472635065
220.92772384034518,2.6049747430522094
221.16630669546436,2.6526591564660484
221.4054054054054,2.594041229967291
221.64502164502164,2.614596999169839
221.88515709642468,2.7175882849156876
222.12581344902384,2.660396077779313
222.36699239956567,2.6073354717315156
222.6086956521739,2.759085225397425
222.85092491838955,2.7661119871053863
223.09368191721134,2.6086428507456447
223.3369683751363,2.749300494496848
223.58078602620085,2.9019288399460446
223.82513661202185,2.6684144805884866
224.07002188183807,2.6776918140476678
224.31544359255204,3.0164300712195766
224.56140350877192,2.8356512271840426
224.80790340285398,2.5850625310840636
225.05494505494505,3.0289311430289927
225.30253025302528,3.1091711216156086
225.55066079295153,2.571695900785912
225.79933847850054,2.8844165709941314
226.0485651214128,3.402159710540628
226.29834254143645,2.752482826797523
226.54867256637166,2.6155613261933053
226.79955703211516,3.560400374479171
227.0509977827051,3.1818396800939452
227.30299667036624,2.366939625236195
227.55555555555554,3.4323712526630965
227.80867630700777,3.7900860171218245
228.06236080178175,2.360831793980111
228.31661092530658,2.9619745620683933
228.57142857142856,4.367673621960599
228.82681564245812,2.816447230966853
229.082774049217,2.2683563084592344
229.33930571108624,4.603219895194694
229.59641255605382,3.836719183588987
229.8540965207632,1.6936823528670468
230.1123595505618,4.194095406391111
230.37120359955006,5.281295472220809
230.6306306306306,1.7727254834831676
230.89064261555805,3.0354642528821345
231.1512415349887,6.681741699379666
231.41242937853107,3.079254367481186
231.67420814479635,1.4606271146868535
231.9365798414496,7.292672718859882
232.19954648526078,5.923428498194902
232.46311010215663,0.4287812375082568
232.7272727272727,6.389544178400044
232.9920364050057,9.971477986536996
233.25740318906605,1.4922744188537296
233.52337514253134,3.863875155000964
233.78995433789953,13.983330752521722
234.05714285714288,6.36073404610914
234.32494279176203,1.0411988494558562
234.59335624284074,16.010301018158852
234.8623853211009,15.926306490702666
235.13203214695753,1.3738333326485899
235.4022988505747,14.546101213642748
235.67318757192174,28.91627751325177
235.9447004608295,10.18428210988715
236.2168396770473,10.980501894410242
236.48960739030022,41.14170354781819
236.76300578034682,32.21992070923954
237.03703703703707,12.541560631662438
237.3117033603708,47.44444703714329
237.58700696055683,66.638789473556
237.862950058072,32.3572707506576
238.13953488372093,48.17689924552449
238.41676367869616,102.69772310327726
238.69463869463866,81.39113638188718
238.97316219369893,56.93865847371355
239.25233644859816,124.08220986073437
239.53216374269007,152.18878676825426
239.81264637002343,97.14506428432821
240.0937866354044,126.29113944961342
240.37558685446012,209.76635115276173
240.65804935370153,175.56523513109417
240.94117647058823,131.31169345272463
241.2249705535924,214.13596012075482
241.50943396226415,250.28013489991037
241.79456906729635,165.79989149498996
242.080378250591,167.60485583313928
242.3668639053254,248.9004211117046
242.65402843601896,206.3371700679572
242.94187425860022,120.50491529383403
243.23040380047507,154.9645581985022
243.51961950059456,180.5343885443258
243.80952380952382,97.34166406213008
244.1001191895113,50.45487505624068
244.39140811455846,77.52083008679293
244.68339307048984,59.22807639997851
244.97607655502392,10.092146749950276
245.2694610778443,3.3432824303322004
245.56354916067144,6.806505319594023
245.85834333733493,6.976951239309539
246.15384615384616,24.712060124990362
246.4500601684717,22.709623856024663
246.7469879518072,12.894152370530778
247.04463208685164,57.069643241718296
247.34299516908212,94.7949564439961
247.6420798065296,58.43171266337356
247.9418886198547,41.26777736112239
248.24242424242422,88.30491258861221
248.54368932038832,89.62781179891465
248.8456865127582,31.635774602328375
249.14841849148416,17.062114539530974
249.45188794153472,34.85581264584062
249.75609756097558,19.36941218916038
250.06105006105005,2.665949019046494
250.36674816625916,7.2731894638565455
250.6731946144431,1.8109816218554695
250.98039215686276,8.765961245383183
251.2883435582822,43.73372917849196
251.5970515970516,45.95053919253949
251.90651906519062,15.29499911042063
252.21674876847288,24.795614863488847
252.52774352651045,53.89084138841741
252.8395061728395,35.6642688132366
253.15203955500616,3.621065177101889
253.46534653465346,5.225241088034634
253.7794299876084,10.070353975621028
254.09429280397023,4.544525078577386
254.40993788819875,13.278885780879945
254.726368159204,18.35474979148375
255.04358655043586,3.950937582861631
255.36159600997507,7.636722713257789
255.6803995006242,31.71653306475441
255.99999999999997,29.431192149843042
256.3204005006258,5.600288892025735
256.64160401002505,1.7281892714821936
256.9636135508155,10.060134895806407
257.286432160804,7.2980009491546785
257.61006289308176,7.130951987557052
257.9345088161209,13.178638041247114
258.2597730138714,7.305889648536677
258.5858585858586,0.08454591659481939
258.91276864728195,10.26981213572843
259.24050632911394,19.733982218731565
259.5690747782003,11.084580521985762
259.8984771573604,2.0507513909280006
260.22871664548916,4.506567793231943
260.55979643765903,5.633920619402755
260.89171974522293,4.559982112890723
261.2244897959184,9.574449443380626
261.5581098339719,12.245963004460853
261.89258312020456,5.4150370537691535
262.2279129321382,1.5962854985639112
262.56410256410254,7.3317735071368055
262.9011553273428,10.626692945805523
263.2390745501285,7.662178894232611
263.5778635778636,6.662002048927313
263.91752577319585,7.091648644189657
264.258064516129,4.546424724781322
264.59948320413434,3.6549625519340325
264.9417852522639,7.822147591818518
265.2849740932642,9.854005656510678
265.6290531776913,6.659078589849023
265.974025974026,4.780625967715571
266.3198959687906,5.807043381177087
266.66666666666663,5.855542322244632
267.01434159061273,5.78716597776711
267.3629242819843,7.8884347691108685
267.7124183006536,9.039549205734218
268.0628272251309,7.014486148109054
268.41415465268676,5.299589788448959
268.76640419947506,5.810540158942128
269.119579500657,6.226169260832639
269.47368421052636,6.182281684091967
269.82872200263506,7.078456598953963
270.1846965699208,8.030686500957062
270.5416116248349,7.550799857942015
270.8994708994709,6.71715443955941
271.25827814569533,6.796203669216988
271.6180371352785,7.100113991432425
271.97875166002655,6.95653893888131
272.3404255319149,6.81764398934622
272.70306258322233,6.956879170171088
273.06666666666666,6.92129085712943
273.4312416555407,6.602605008204215
273.7967914438503,6.569959354956715
274.1633199464525,6.925525877560862
274.5308310991957,7.120780067955747
274.8993288590604,7.135631936144337
275.26881720430106,7.379433456436117
275.6393001345895,7.649317665455387
276.010781671159,7.5487276319278855
276.3832658569501,7.378565025320405
276.7567567567567,7.45231851276443
277.1312584573748,7.5079723972779595
277.50677506775065,7.44024099892725
277.88331071913166,7.482831964977824
278.2608695652174,7.592806628196619
278.6394557823129,7.567474436841829
279.01907356948226,7.465512931991815
279.39972714870396,7.387525217210023
279.78142076502735,7.305794098253976
280.1641586867305,7.242140373454578
280.54794520547944,7.250807265025949
280.93278463648835,7.331884950418694
281.31868131868134,7.471093800675887
281.70563961485556,7.636602459145719
282.0936639118457,7.799504524123475
282.48275862068965,7.972035174203893
282.8729281767956,8.133582234798777
283.2641770401106,8.2303661962305
283.6565096952908,8.265706200003015
284.0499306518724,8.249168146111495
284.44444444444446,8.15131197300963
284.84005563282335,7.988046004572116
285.2367688022284,7.811337252308015
285.63458856345886,7.643127071290268
286.0335195530726,7.511092805376472
286.43356643356645,7.4556434213515725
286.8347338935574,7.483583290393408
287.23702664796633,7.5886114517763374
287.6404494382022,7.767133529527841
288.0450070323488,7.989291999800117
288.4507042253521,8.215007408996462
288.85754583921016,8.414218785999122
289.2655367231638,8.550560763093
289.6746817538897,8.59559920595359
290.08498583569406,8.548664484966231
290.49645390070924,8.423034731826364
290.9090909090909,8.243747555240846
291.32290184921766,8.050357113839937
291.73789173789174,7.880834677029067
292.15406562054204,7.765263007949144
292.57142857142856,7.727104906682284
292.9899856938483,7.775931216763419
293.4097421203438,7.90871053631872
293.83070301291247,8.112353463181108
294.2528735632184,8.356871496371525
294.67625899280574,8.60102169520714
295.1008645533141,8.801892462529146
295.52669552669556,8.916777234111912
295.9537572254335,8.916912579857899
296.3820549927641,8.799943088527774
296.81159420289856,8.585644448792214
297.2423802612482,8.312460241937485
297.6744186046512,8.03204657678618
298.1077147016012,7.79395759268481
298.54227405247815,7.637131083652818
298.978102189781,7.591609023269703
299.41520467836256,7.675681837214483
299.8535871156662,7.89079929697494
300.2932551319648,8.222217813071259
300.73421439060206,8.635363397025555
301.17647058823525,9.069489864124847
301.620029455081,9.445731405794712
302.06489675516224,9.685367390485366
302.5110782865583,9.72623617363287
302.95857988165676,9.540610706802424
303.4074074074074,9.149447198612
303.85756676557867,8.616881752721131
304.30906389301634,8.031099197633287
304.7619047619047,7.487903156309236
305.2160953800298,7.074147288468143
305.6716417910448,6.853585435563723
306.1285500747384,6.866932574977829
306.58682634730536,7.134364722620029
307.0464767616192,7.647641885330911
307.5075075075075,8.363485728664916
307.96992481203006,9.20160632455451
308.433734939759,10.042758873581306
308.8989441930618,10.743945552538424
309.3655589123867,11.174632019340685
309.83358547655064,11.249337248814198
310.3030303030303,10.951648594636348
310.7738998482549,10.346254266182179
311.2462006079027,9.55815232514405
311.7199391171994,8.73150140911294
312.1951219512195,7.99346125457109
312.67175572519085,7.425247413654694
313.1498470948012,7.052566696736472
313.6294027565084,6.8628733717928085
314.11042944785277,6.828459838214866
314.5929339477727,6.921449835096611
315.0769230769231,7.120409906362656
315.5624036979969,7.405104099322976
316.04938271604937,7.745625605523108
316.53786707882534,8.104319003542114
317.0278637770898,8.454078861804849
317.5193798449612,8.799706144246457
318.0124223602484,9.19383399781575
318.50699844479004,9.734235634058603
319.0031152647975,10.527777071053729
319.5007800312012,11.635168044999933
320.0,13.02196739469987
320.5007824726134,14.534176914474068
321.0031347962382,15.921279831704176
321.5070643642072,16.90787501305658
322.0125786163522,17.28397410089821
322.5196850393701,16.984415492937597
323.02839116719235,16.124469302298213
323.5387045813586,14.965771856526233
324.0506329113924,13.828074809689966
324.56418383518223,12.98054559650914
325.07936507936506,12.546466048818589
325.59618441971384,12.463691322044948
326.11464968152865,12.517156305746363
326.63476874003186,12.424116503237974
327.15654952076676,11.944248398187874
327.68,10.971940412167926
328.2051282051282,9.571800676278166
328.7319422150882,7.952604630529024
329.2604501607717,6.39125798499599
329.7906602254429,5.133343966489615
330.3225806451613,4.31360956250663
330.8562197092084,3.922931236037925
331.3915857605178,3.826104629572485
331.9286871961102,3.822218852491251
332.46753246753246,3.7211642335345876
333.0081300813008,3.4063470447030477
333.5504885993485,2.8652724155884077
334.094616639478,2.1798004268403925
334.640522875817,1.4840492376201924
335.18821603927984,0.9111126205759655
335.73770491803276,0.5476587563814427
336.28899835796386,0.4103011020241799
336.8421052631579,0.4499762130799208
337.3970345963756,0.5775742344746289
337.95379537953795,0.6984015374188497
338.51239669421483,0.7432679297874354
339.07284768211923,0.6854260302108859
339.63515754560524,0.5404961869489986
340.19933554817277,0.35323404842993905
340.765391014975,0.17699565406574017
341.3333333333333,0.05433320407268351
341.9031719532554,0.005291644095694891
342.4749163879599,0.02506954178632359
343.04857621440533,0.09010814988137734
343.6241610738255,0.16902646707058624
344.2016806722689,0.23371308343347233
344.7811447811448,0.2671643525150421
345.362563237774,0.2663104048675126
345.94594594594594,0.24000079297721166
346.5313028764805,0.20371134273070404
347.11864406779665,0.17341997315552166
347.70797962648555,0.16072617834761288
348.29931972789115,0.17019553314868535
348.8926746166951,0.1994844967551438
349.4880546075085,0.24156054697815396
350.0854700854701,0.28780586656688006
350.6849315068493,0.331127994637172
351.286449399657,0.3678851882733658
351.89003436426117,0.398357998275777
352.4956970740103,0.42603922455397003
353.10344827586204,0.4559850211716283
353.71329879101904,0.49312013014377215
354.3252595155709,0.5408629547459831
354.93934142114387,0.6004824998690744
355.55555555555554,0.671482444276931
356.17391304347825,0.7523077265643751
356.794425087108,0.8412551622560345
357.4171029668411,0.9373101022550154
358.04195804195797,1.0405598335046091
358.6690017513135,1.1523221849116543
359.29824561403507,1.2746079202483966
359.9297012302285,1.4094932840329277
360.5633802816901,1.5588666473888286
361.1992945326279,1.7241671328418429
361.8374558303887,1.9063652091876568
362.4778761061947,2.105995681450734
363.1205673758865,2.3234314167466934
363.76554174067496,2.5592936734599427
364.4128113879003,2.8143159012719487
365.0623885918003,3.0894377192889673
365.7142857142857,3.3859208613562872
366.3685152057245,3.7050258838200425
367.02508960573476,4.047902961556931
367.68402154398564,4.415567714290823
368.3453237410072,4.8089938408788
369.009009009009,5.229022484950868
369.67509025270755,5.676242079703234
370.3435804701627,6.151301784782559
371.0144927536232,6.654770180670198
371.68784029038113,7.18709757021425
372.3636363636364,7.748869172463798
373.0418943533697,8.340501144255365
373.7226277372263,8.96222068069875
374.4058500914077,9.614307022571593
375.09157509157507,10.29704068131776
375.77981651376143,11.010459767279615
376.47058823529414,11.754362961731474
377.1639042357274,12.528700234753495
377.8597785977859,13.333163178650263
378.5582255083179,14.166926816802432
379.25925925925924,15.02936351095341
379.96289424860856,15.919940516698247
380.6691449814126,16.837853183883166
381.37802607076355,17.78220907948418
382.089552238806,18.751966273318455
382.803738317757,19.745787598262194
383.5205992509363,20.76221698119061
384.24015009380867,21.800010516107523
384.96240601503763,22.857872510254406
385.6873822975518,23.934235212781363
386.4150943396226,25.02763703178236
387.14555765595463,26.136441274285005
387.8787878787879,27.25887955436932
388.6148007590133,28.393747969470226
389.35361216730035,29.539702971352337
390.09523809523813,30.69447390486178
390.8396946564886,31.855819787627397
391.5869980879541,33.02237625522632
392.3371647509578,34.19278492523887
393.0902111324376,35.364865422113496
393.84615384615387,36.53658184624628
394.6050096339113,37.706692599291856
395.3667953667953,38.87377096507195
396.1315280464217,40.03586668355133
396.8992248062015,41.191135773140424
397.6699029126213,42.338022411051405
398.4435797665369,43.4751600774248
399.22027290448347,44.60127388758081
400.0,45.714938762376995
400.7827788649706,46.814386120398055
401.56862745098044,47.89812022967648
402.35756385068765,48.96553652393019
403.1496062992126,50.01571037275461
403.9447731755424,51.0469305624315
404.7430830039526,52.058284154624296
405.54455445544556,53.04950070033966
406.3492063492063,54.01989034385621
407.1570576540755,54.968719923187074
407.9681274900399,55.89540650363264
408.7824351297405,56.799599928577614
409.59999999999997,57.6815929767664
410.4208416833667,58.541782381608854
411.24497991967877,59.379544967096265
412.07243460764585,60.19429888325776
412.9032258064516,60.98707291823664
413.7373737373737,61.75832449293494
414.57489878542515,62.50727935811551
415.4158215010142,63.23428852043416
416.260162601626,63.9398319728783
417.10794297352334,64.62393463817429
417.9591836734694,65.28713925522838
418.81390593047036,65.92961268333245
419.67213114754094,66.55186016192202
420.53388090349074,67.15513062902082
421.3991769547325,67.74001938885654
422.2680412371134,68.30695629443235
423.1404958677686,68.85736782783292
424.0165631469979,69.39316393026657
424.896265560166,69.91522714829584
425.77962577962575,70.42456153666384
426.6666666666667,70.92362114259168
427.5574112734864,71.41399875302783
428.45188284518827,71.89615609110238
429.3501048218029,72.37113852506279
430.25210084033614,72.84083175983776
431.1578947368421,73.30649619216955
432.06751054852316,73.76806174044115
432.98097251585625,74.2277917422915
433.8983050847458,74.68837759136369
434.81953290870484,75.1493762159722
435.74468085106383,75.61185958694678
436.67377398720674,76.07729132042935
437.60683760683764,76.54694906601871
438.54389721627405,77.02344792281505
439.48497854077254,77.50519780488197
440.4301075268817,77.99361451718659
441.37931034482756,78.49528451817518
442.3326133909287,79.00981506779755
443.2900432900433,79.53694981362872
444.2516268980477,80.08134672969868
445.2173913043478,80.64625537108071
446.1873638344227,81.23413261480948
447.1615720524017,81.84363619175905
448.14004376367615,82.4783520931232
449.12280701754383,83.14793736774642
450.1098901098901,83.8486982729768
451.10132158590307,84.57793296639565
452.0971302428256,85.34709407489215
453.0973451327433,86.15896989128449
454.1019955654102,87.00868514164145
455.1111111111111,87.89726107214608
456.1247216035635,88.83053964785744
457.1428571428571,89.81665164833836
458.165548098434,90.85083531170663
459.19282511210764,91.92602501108092
460.2247191011236,93.06126406138735
461.2612612612612,94.26569054811137
462.3024830699774,95.52129293868953
463.3484162895927,96.83552893495201
464.39909297052156,98.22932677986549
465.4545454545454,99.70286455635895
466.5148063781321,101.2524131809549
467.57990867579906,102.87515071675458
468.64988558352405,104.59589407712618
469.7247706422018,106.43512927430187
470.8045977011494,108.35458093066636
471.889400921659,110.3677005205179
472.97921478060044,112.52619745326008
474.07407407407413,114.8019613620557
475.17401392111367,117.18584799683612
476.27906976744185,119.69956547151611
477.3892773892773,122.35838118996776
478.5046728971963,125.1915280560903
479.62529274004686,128.1430106463724
480.75117370892025,131.22493787944097
481.88235294117646,134.54507706247136
483.0188679245283,138.03018828950127
484.160756501182,141.65378954363248
485.3080568720379,145.51123704078927
486.46080760095015,149.59087060001667
487.61904761904765,153.91651583215352
488.7828162291169,158.44604873666103
489.95215311004785,163.18336497746873
491.1270983213429,168.31547789763826
492.3076923076923,173.70292378781534
493.4939759036144,179.27221355958997
494.68599033816423,185.27420668126092
495.8837772397094,191.6289128971249
497.08737864077665,198.29384963811472
498.29683698296833,205.3218410120388
499.51219512195115,212.68298544985174
500.7334963325183,220.63212312965368
501.9607843137255,228.96881362531636
503.1941031941032,237.5182180263199
504.43349753694577,246.81611538211146
505.679012345679,256.67102202698834
506.9306930693069,266.8331988264407
508.18858560794047,277.6559059489563
509.452736318408,289.05550023300253
510.72319201995015,301.23095343696565
511.99999999999994,314.02749145350356
513.2832080200501,327.10665639220207
514.572864321608,341.4072026403414
515.8690176322418,356.5906405901196
517.1717171717172,371.9158210956967
518.4810126582279,388.4214585045702
519.7969543147208,405.946755123866
521.1195928753181,424.2162629528187
522.4489795918367,443.4674657989172
523.7851662404091,463.1542600523148
525.1282051282051,484.55223525542556
526.478149100257,507.27737174662775
527.8350515463917,529.6463522516503
529.1989664082687,553.9845005067692
530.5699481865284,580.1176094177615
531.948051948052,606.3079148144726
533.3333333333333,634.0488630517038
534.7258485639686,662.71702924884
536.1256544502618,693.1671489809618
537.5328083989501,725.4694299148991
538.9473684210527,756.5310717134467
540.3693931398416,790.4707279060906
541.7989417989418,827.3646908317055
543.236074270557,862.1982582461837
544.6808510638298,899.3541337061627
546.1333333333333,938.6763572105656
547.5935828877006,978.2456854187774
549.0616621983914,1020.0803340646681
550.5376344086021,1059.7758090943746
552.021563342318,1102.6078989262187
553.5135135135134,1149.7865003177424
555.0135501355013,1190.72031911114
556.5217391304348,1234.8410739703495
558.0381471389645,1283.7837440961273
559.5628415300547,1327.8858256562542
561.0958904109589,1374.3326950244564
562.6373626373627,1419.2200257063182
564.1873278236914,1464.7748201406132
565.7458563535912,1515.6223874754742
567.3130193905816,1554.6923507246393
568.8888888888889,1597.0091346053703
570.4735376044569,1648.468881386529
572.0670391061452,1684.7064472277013
573.6694677871149,1722.8440105241855
575.2808988764044,1764.422422818391
576.9014084507043,1797.9649518527656
578.5310734463276,1836.248014004918
580.1699716713881,1860.5755614829773
581.8181818181818,1884.9504286324334
583.4757834757835,1923.2076428373057
585.1428571428571,1933.0952906272676
586.8194842406876,1943.7068563762552
588.5057471264367,1969.827885782614
590.2017291066282,1970.8210543386574
591.907514450867,1973.830004665296
593.6231884057971,1973.5269510939854
595.3488372093024,1962.6613938144799
597.0845481049563,1966.9474728277953
598.8304093567251,1939.558141006131
600.5865102639297,1909.6813303727865
602.3529411764705,1911.0481488042572
604.1297935103245,1869.277587307292
605.9171597633135,1825.4198349758299
607.7151335311573,1808.0422628501515
609.5238095238094,1760.7743057529076
611.3432835820896,1721.3823479885475
613.1736526946107,1677.0519808249771
615.015015015015,1621.0284318519998
616.867469879518,1599.941170568627
618.7311178247734,1541.540814911338
620.6060606060606,1476.2656422580985
622.4924012158054,1469.5645358757522
624.390243902439,1418.1736068750495
626.2996941896024,1358.3716684632086
628.2208588957055,1351.4706107131467
630.1538461538462,1315.1186707594766
632.0987654320987,1285.533515665441
634.0557275541796,1275.0458126290891
636.0248447204968,1248.332343084127
638.006230529595,1266.5030969365416
640.0,1264.8669203333889
642.0062695924764,1237.746416615061
644.0251572327044,1295.4582039689342
646.0567823343847,1314.3745928742878
648.1012658227849,1287.8198741547048
650.1587301587301,1360.3794517911863
652.2292993630573,1400.7121072159998
654.3130990415335,1398.6615646797613
656.4102564102564,1464.4529728420257
658.5209003215434,1497.0527654533978
660.6451612903226,1533.0262209463478
662.7831715210356,1577.5334972004175
664.9350649350649,1555.1178159559615
667.100977198697,1619.5367937602873
669.281045751634,1662.7327703345159
671.4754098360655,1587.8791854643232
673.6842105263158,1656.0654442158425
675.9075907590759,1701.948571221127
678.1456953642385,1593.4572123283679
680.3986710963455,1603.3460783755938
682.6666666666666,1599.164507817842
684.9498327759198,1506.5563729318612
687.248322147651,1492.9755823583541
689.5622895622896,1447.1822795643202
691.8918918918919,1437.278760089147
694.2372881355933,1465.9838090212672
696.5986394557823,1352.1081049486893
698.976109215017,1340.6085498699476
701.3698630136986,1368.0429364153501
703.7800687285223,1176.2465446072001
706.2068965517241,1157.2416207918989
708.6505190311418,1298.9132777621455
711.1111111111111,1239.0928067971458
713.588850174216,1312.7158255853697
716.0839160839159,1531.9770783842969
718.5964912280701,1506.3728846450545
721.1267605633802,1499.1005761159743
723.6749116607774,1523.8306657353653
726.241134751773,1417.091881831191
728.8256227758006,1437.2077993554442
731.4285714285714,1368.0673246048077
734.0501792114695,1398.3913520655801
736.6906474820144,1811.1476187499202
739.3501805054151,1854.4524863636311
742.0289855072464,1695.655729164751
744.7272727272727,1797.2691184827318
747.4452554744526,1453.6899494844197
750.1831501831501,1125.5651357791885
752.9411764705883,1538.2555391865646
755.7195571955718,1608.2457456158188
758.5185185185185,1355.1239835521812
761.3382899628252,1555.772916607651
764.179104477612,1507.3307935124233
767.0411985018726,950.2250835515782
769.9248120300753,1262.3548806878173
772.8301886792452,3017.805854296602
775.7575757575758,1521.9246963843416
778.7072243346007,3243.9010658639004
781.6793893129772,5458.566348861141
784.6743295019156,3237.3657033009704
787.6923076923077,1942.9393406146178
790.7335907335906,1394.6401969157089
793.798449612403,826.5906080578811
796.8871595330738,469.12444697733065
800.0,472.67133423309974
803.1372549019609,826.2840117278441
806.2992125984252,1255.8239198052345
809.4861660079052,1582.6949240113095
812.6984126984127,3207.437772690057
815.9362549800798,5860.156503525213
819.1999999999999,3281.034686532853
822.4899598393575,789.3029693985187
825.8064516129032,1254.8088444723721
829.1497975708503,1996.1555109908597
832.520325203252,2519.28187615833
835.9183673469388,1752.5479104300512
839.3442622950819,1730.9966055812195
842.798353909465,1616.2227038261615
846.2809917355372,1025.5458900178276
849.792531120332,998.3935655655035
853.3333333333334,1219.6030210094752
856.9037656903765,1511.82477071745
860.5042016806723,1941.4101049901492
864.1350210970463,2213.1314984660485
867.7966101694916,2326.6148164313695
871.4893617021277,2257.8637483877787
875.2136752136753,2146.6801789785113
878.9699570815451,2226.7506607605947
882.7586206896551,2197.8413534876336
886.5800865800866,1953.2287364654308
890.4347826086956,1675.4312021784374
894.3231441048034,1354.220130712817
898.2456140350877,1009.3962801652516
902.2026431718061,796.8706431794188
906.1946902654867,817.5435694260127
910.2222222222222,927.4322768770337
914.2857142857142,1173.4883434399628
918.3856502242153,1699.3565474738693
922.5225225225224,2172.589998176339
926.6968325791854,2580.4937789204264
930.9090909090908,3189.9734237844577
935.1598173515981,3664.8710631362774
939.4495412844036,3935.6509671408207
943.778801843318,4282.043229563626
948.1481481481483,4462.213368860894
952.5581395348837,4406.257326914309
957.0093457943926,4322.0834162979145
961.5023474178405,4107.106622648952
966.0377358490566,3773.390233556689
970.6161137440758,3416.7523973235693
975.2380952380953,2999.550528063575
979.9043062200957,2611.312122743966
984.6153846153846,2248.733227753871
989.3719806763285,1855.5819154721873
994.1747572815533,1550.1042105187003
999.0243902439023,1295.0774815190646
1003.921568627451,1010.2513695546621
1008.8669950738915,802.4094928041435
1013.8613861386139,650.4751571349519
1018.905472636816,478.35861611653905
1023.9999999999999,355.67981073406884
1029.145728643216,280.11601077375644
1034.3434343434344,197.27156418020994
1039.5939086294416,138.5209514802315
1044.8979591836735,107.47474585977481
1050.2564102564102,74.96746159377611
1055.6701030927834,50.89718534642549
1061.139896373057,38.24041710978567
1066.6666666666665,26.169589575187754
1072.2513089005236,17.12196230401069
1077.8947368421054,11.721170051511441
1083.5978835978835,7.4187018663812925
1089.3617021276596,4.847133369304838
1095.1871657754011,3.012150102047255
1101.0752688172042,1.6750182894036283
1107.0270270270269,1.3579287210546054
1113.0434782608695,0.8941827688108773
1119.1256830601094,0.3816981295456496
1125.2747252747254,0.4238773829854155
1131.4917127071824,0.32188069797993
1137.7777777777778,0.0694518408299387
1144.1340782122904,0.08269327437189437
1150.5617977528088,0.08566279559006787
1157.0621468926552,0.0023901438784578646
1163.6363636363635,0.0022621960234101477
1170.2857142857142,0.021679852443453367
1177.0114942528735,0.0021044326080642242
1183.815028901734,0.002693318223484062
1190.6976744186047,0.017515356257169816
1197.6608187134502,0.0014015972684842417
1204.705882352941,0.001239234125576915
1211.834319526627,0.014518969304621052
1219.0476190476188,0.0014903736098704082
1226.3473053892214,0.0016145888101455495
1233.734939759036,0.005757863130457435
1241.2121212121212,0.0013670138595465939
1248.780487804878,0.0060653768082006496
1256.441717791411,0.0004054664882948637
1264.1975308641975,8.711390768723754e-05
1272.0496894409937,0.006158329974439203
1280.0,0.0002884919661396721
1288.0503144654087,0.0013779181299061322
1296.2025316455697,0.002205177321994473
1304.4585987261146,0.0004432613214238164
1312.8205128205127,0.003440191245080866
1321.2903225806451,9.698739991930951e-05
1329.8701298701299,7.637637191999888e-05
1338.562091503268,0.0026918562274656412
1347.3684210526317,0.0004087072597829896
1356.291390728477,0.0008386950521628533
1365.3333333333333,0.0006620222146414288
1374.496644295302,0.0005041957085801307
1383.7837837837837,0.0015491424387435982
1393.1972789115646,0.00010734763329734486
1402.7397260273972,0.0002238609089478647
1412.4137931034481,0.0009165268408865079
1422.2222222222222,0.0005289795592581996
1432.1678321678319,0.0004137210920732765
1442.2535211267605,0.00011085865601336108
1452.482269503546,0.0005106972548337789
1462.857142857143,0.0005557003736539223
1473.3812949640287,0.00017729106772669076
1484.0579710144928,0.000213513755752313
1494.890510948905,0.000227343453174163
1505.8823529411766,0.00047333322580760286
1517.037037037037,0.00015436247632673889
1528.358208955224,6.323456785615609e-06
1539.8496240601505,0.0003551890541876875
1551.5151515151515,0.00014415775543377623
1563.3587786259543,0.00017904511620212438
1575.3846153846155,0.00010578329823176913
1587.596899224806,3.098518838447545e-05
1600.0,0.00031681746036815413
1612.5984251968505,3.7889815538646735e-05
1625.3968253968253,2.1667472655341736e-05
1638.3999999999999,0.0001920175126296763
1651.6129032258063,4.154485592856551e-05
1665.040650406504,0.00013992910864293816
1678.6885245901638,3.75476976072057e-05
1692.5619834710744,1.9954841297605114e-05
1706.6666666666667,0.00017246890665538407
1721.0084033613446,1.0684776563519882e-05
1735.5932203389832,3.6020332905331805e-05
1750.4273504273506,7.947782325737512e-05
1765.5172413793102,2.9693816207584527e-05
1780.8695652173913,8.093276252649246e-05
1796.4912280701753,7.048838280253498e-06
1812.3893805309733,2.9648560874662606e-05
1828.5714285714284,7.480161233024169e-05
1845.0450450450448,1.1533470110732622e-05
1861.8181818181815,3.220638949590419e-05
1878.8990825688072,2.548270892636697e-05
1896.2962962962965,3.0179786502716362e-05
1914.0186915887853,3.8665804191476496e-05
1932.0754716981132,1.2765825467579488e-06
1950.4761904761906,2.7084258031817074e-05
1969.2307692307693,2.6436592275906588e-05
1988.3495145631066,1.3457782930130614e-05
2007.843137254902,1.9557792715006463e-05
2027.7227722772277,6.417563629178145e-06
2047.9999999999998,2.4549813076216542e-05
2068.686868686869,1.608276268406243e-05
2089.795918367347,2.9151419127484703e-06
2111.340206185567,1.9380009528906172e-05
2133.333333333333,9.619040686652066e-06
2155.789473684211,1.2096917212745228e-05
2178.723404255319,1.0667365410887009e-05
2202.1505376344085,2.973737075272623e-06
2226.086956521739,1.5767423904085038e-05
2250.5494505494507,6.365818293510845e-06
2275.5555555555557,3.55210234585727e-06
2301.1235955056177,1.066414942267289e-05
2327.272727272727,3.945818604910316e-06
2354.022988505747,8.009101552164295e-06
2381.3953488372094,5.106419429354445e-06
2409.411764705882,2.3697320077502507e-06
2438.0952380952376,8.747184388445294e-06
2467.469879518072,2.9485488481707334e-06
2497.560975609756,2.969402905935558e-06
2528.395061728395,5.475488079031171e-06
2560.0,2.2789891008941296e-06
2592.4050632911394,4.441700517809099e-06
2625.6410256410254,2.5791028420350154e-06
2659.7402597402597,1.8728357242934225e-06
2694.7368421052633,4.422344147184425e-06
2730.6666666666665,1.8026214755493402e-06
2767.5675675675675,2.078025329007161e-06
2805.4794520547944,3.010651413616547e-06
2844.4444444444443,1.8063694714472515e-06
2884.507042253521,2.5129138180503075e-06
2925.714285714286,1.8000269196764819e-06
2968.1159420289855,1.57187679546792e-06
3011.764705882353,2.3491936300745235e-06
3056.716417910448,1.3998895937803968e-06
3103.030303030303,1.300363880645131e-06
3150.769230769231,1.6630810165654978e-06
3200.0,1.3363357048948358e-06
3250.7936507936506,1.2629356036810055e-06
3303.2258064516127,1.1508285493144984e-06
3357.3770491803275,1.2258541127874297e-06
3413.3333333333335,1.3244174170423099e-06
3471.1864406779664,1.130802275434111e-06
3531.0344827586205,1.1431562158272348e-06
3592.9824561403507,1.3072511126779858e-06
3657.142857142857,1.3260020580766041e-06
3723.636363636363,1.1760630088509512e-06
3792.592592592593,1.1782493000594578e-06
3864.1509433962265,1.3563539462234734e-06
3938.4615384615386,1.2516704367212347e-06
4015.686274509804,1.0435082660609349e-06
4095.9999999999995,1.1782691249138823e-06
4179.591836734694,1.4011908864942708e-06
4266.666666666666,1.0818020211135236e-06
4357.446808510638,4.5129323929934897e-07
4452.173913043478,1.1552843384607899e-07
4551.111111111111,1.713409435187354e-08
4654.545454545454,1.7574286783683287e-09
4762.790697674419,1.1817895541100013e-09
4876.190476190475,5.471062931392544e-10
4995.121951219512,8.074676031548777e-11
5120.0,4.1061694724370057e-11
5251.282051282051,4.371315201562624e-11
5389.473684210527,1.0496459573116237e-11
5535.135135135135,1.167374296236155e-12
5688.888888888889,2.8433136577811055e-12
5851.428571428572,1.336205655684183e-12
6023.529411764706,1.1914667878596374e-13
6206.060606060606,4.8190070382478043e-14
6400.0,7.531813042258352e-14
6606.451612903225,2.2823730907019768e-14
6826.666666666667,7.292103894555818e-15
7062.068965517241,4.223836923576626e-15
7314.285714285714,2.7990979278599206e-15
7585.185185185186,1.8738549219123986e-15
7876.923076923077,8.32032108496116e-16
