"Wavelength, nm",Intensity
136.44237175216523,8.280331837902442e-19
136.53333333333333,1.093382149424131e-18
136.62441627751835,1.4500404603861188e-18
136.71562082777035,1.9316184415281587e-18
136.80694722778892,2.583244213399742e-18
136.89839572192514,3.436819284833982e-18
136.98996655518394,8.137585581827317e-18
137.08165997322624,6.153761498233649e-17
137.17347622237108,1.5318432682552537e-15
137.26541554959786,2.744414868202846e-14
137.35747820254863,3.0236485237354616e-13
137.4496644295302,3.5142010249014794e-12
137.54197447951645,3.664150567914003e-11
137.63440860215053,2.7321240965699163e-10
137.72696704774717,1.492663612323453e-09
137.81965006729476,6.444741959246198e-09
137.9124579124579,2.2722560817100854e-08
138.0053908355795,6.664310505004279e-08
138.09844908968307,1.6941717552922133e-07
138.19163292847506,3.888941906504862e-07
138.28494260634707,8.149420910930081e-07
138.37837837837836,1.5636656980785168e-06
138.47194050033806,2.811509863611354e-06
138.5656292286874,4.847239169645743e-06
138.65944482058225,7.962452492021685e-06
138.75338753387533,1.2277722349400707e-05
138.84745762711862,1.7908675675245e-05
138.94165535956583,2.4991811624979906e-05
139.03598099117448,3.2755065255625374e-05
139.1304347826087,3.930519516694891e-05
139.22501699524133,4.3463408169075443e-05
139.31972789115645,4.48100918705597e-05
139.4145677331518,4.153842809442181e-05
139.50953678474113,3.3057982415180895e-05
139.60463531015677,2.3554500551668818e-05
139.69986357435198,1.73143434109391e-05
139.79522184300342,1.6574282268484927e-05
139.89071038251367,2.7640836326376313e-05
139.98632946001365,5.696080113255687e-05
140.08207934336525,0.0001029381396893348
140.17796030116358,0.00016645497317447475
140.27397260273972,0.0002583016999316633
140.37011651816314,0.00038162715590910176
140.46639231824417,0.0005279506637711237
140.56280027453673,0.0007047242611127831
140.65934065934067,0.0009358114054106274
140.75601374570448,0.001216148842931852
140.85281980742778,0.0015078396884487023
140.949759119064,0.0018002302857567404
141.04683195592284,0.002105622748407732
141.14403859407307,0.0023769784908953427
141.24137931034483,0.0025311101845693668
141.33885438233264,0.002559482049249892
141.4364640883978,0.00249399162393769
141.53420870767104,0.002303538472191744
141.6320885200553,0.001965310309868228
141.73010380622836,0.0015559442305777193
141.8282548476454,0.0011551764977156868
141.92654192654192,0.0007766538618621724
142.0249653259362,0.0004493943122716188
142.1235253296322,0.00022929749830942527
142.22222222222223,0.00012461774476826604
142.32105628908963,0.00011814375844069249
142.42002781641168,0.0002271454952836183
142.51913709116212,0.00047614434169641337
142.6183844011142,0.0008711329392786495
142.7177700348432,0.001449699554085422
142.81729428172943,0.002278110755268444
142.91695743196092,0.003339125865271124
143.0167597765363,0.0045257856929710434
143.11670160726763,0.005776595767367925
143.21678321678323,0.007031828588739363
143.31700489853043,0.00808071636210217
143.4173669467787,0.008714624145866306
143.5178696566223,0.008948503720202923
143.61851332398317,0.00886344404371011
143.71929824561403,0.008430484887567487
143.8202247191011,0.007676055230059228
143.92129304286718,0.006784142932827143
144.0225035161744,0.005904975212966193
144.12385643912737,0.005039727217416148
144.22535211267606,0.004156312887481127
144.32699083861874,0.0032790217985855376
144.42877291960508,0.0024480488175245194
144.530698659139,0.0016971055347044432
144.6327683615819,0.0010866046323487588
144.73498233215545,0.0007047996937050544
144.83734087694484,0.0006562586881121844
144.9398443029016,0.0010408056808579088
145.04249291784703,0.0018632114906548993
145.14528703047483,0.003022685880654344
145.24822695035462,0.004459291910499807
145.35131298793468,0.006141986769459842
145.45454545454544,0.007877726295790088
145.55792466240226,0.009414408256510952
145.66145092460883,0.010750051848775286
145.76512455516016,0.012024009425025163
145.86894586894587,0.013136904418639383
145.9729151817534,0.013829404032261936
146.07703281027102,0.014088034590548157
146.18129907209135,0.014094499501812633
146.28571428571428,0.013808530699389615
146.39027877055037,0.012998247999202593
146.49499284692416,0.011657631000665549
146.59985683607732,0.01001008288429034
146.7048710601719,0.00818032920161173
146.8100358422939,0.006230046956949675
146.91535150645623,0.004362690931101914
147.0208183776023,0.0027853839748159435
147.1264367816092,0.001580835955404218
147.23220704529115,0.0008690424544961261
147.33812949640287,0.000782880813604165
147.4442044636429,0.0012630964193098273
147.55043227665706,0.0022201377210895206
147.6568132660418,0.0037439363591011037
147.76334776334778,0.005793045105959069
147.87003610108303,0.008009691627052907
147.97687861271675,0.010209740060320133
148.08387563268258,0.01255827418963999
148.19102749638205,0.014929612882970044
148.29833454018825,0.0167752232482017
148.40579710144928,0.017907983212255178
148.51341551849166,0.018607573766910825
148.6211901306241,0.01881402326728017
148.72912127814087,0.018149537295742927
148.8372093023256,0.016714923070798988
148.94545454545454,0.014927692259239306
149.0538573508006,0.01281161869335244
149.16241806263656,0.010293417504490974
149.27113702623907,0.007736689571080785
149.38001458789202,0.0054989773527601635
149.4890510948905,0.00357341791930474
149.59824689554418,0.0020540043483938475
149.70760233918128,0.0012209045151802143
149.81711777615214,0.001090942757810987
149.9267935578331,0.0015862992167822785
150.03663003663004,0.0028344922854983685
150.1466275659824,0.004724466189634731
150.25678650036684,0.006860392372634599
150.36710719530103,0.009279497400903638
150.47759000734754,0.01217251790513338
150.58823529411762,0.01494164540187554
150.69904341427517,0.01689634827524086
150.8100147275405,0.018455808012595935
150.92114959469419,0.020135299607982868
151.03244837758112,0.021176355245629098
151.1439114391144,0.02078435483735956
151.25553914327915,0.01960406090139617
151.3673318551367,0.018472508244145702
151.47928994082838,0.01699584940113001
151.59141376757958,0.014610540277645027
151.7037037037037,0.011763404636861173
151.81616011860638,0.009142589994293411
151.92878338278933,0.006846985694507085
152.04157386785448,0.00477303948956875
152.15453194650817,0.003013225468136565
152.26765799256503,0.0018111899819197763
152.38095238095235,0.0014773231954671516
152.4944154877141,0.0020486134227507076
152.6080476900149,0.0031822432409718787
152.72184936614468,0.004896427822832086
152.8358208955224,0.007692883708108907
152.9499626587005,0.011332854615873501
153.0642750373692,0.014739905089910996
153.1787584143605,0.017705820301210706
153.29341317365268,0.02106305891085763
153.40823970037454,0.024715212515100005
153.5232383808096,0.027329506210275672
153.6384096024006,0.028287814403819354
153.75375375375376,0.028225296831930837
153.86927122464311,0.02756956265005378
153.98496240601503,0.025977565632755464
154.10082768999246,0.023135233479377806
154.2168674698795,0.0192110456308894
154.33308214016577,0.014738575919431665
154.4494720965309,0.01038415706466044
154.56603773584905,0.006545603738604842
154.68277945619334,0.003315963112166838
154.79969765684052,0.0010329151105020061
154.91679273827532,0.00029556249661445206
155.0340651021953,0.0012986243271408233
155.15151515151516,0.0038312201591127644
155.2691432903715,0.007847875517616858
155.38694992412746,0.013333820920336695
155.50493545937738,0.019838137864004877
155.62310030395136,0.02665569344781101
155.74144486692012,0.03311989153441873
155.8599695585997,0.03856355252717599
155.97867479055597,0.04251893648042123
156.09756097560975,0.04486895431561962
156.21662852784135,0.045381931321062
156.33587786259542,0.04358261386783747
156.45530939648586,0.039453651361346646
156.5749235474006,0.033624661203723316
156.69472073450652,0.026737974240876896
156.8147013782542,0.019331323095220173
156.93486590038313,0.012211095572179698
157.05521472392638,0.006261652051656447
157.17574827321565,0.0020819916860581543
157.29646697388634,0.00011699356203893961
157.4173712528824,0.0007259297652645519
157.53846153846155,0.003986144072449732
157.65973826020013,0.009718180477527852
157.78120184899845,0.01748680638688686
157.9028527370856,0.026429092706787408
158.02469135802468,0.03555386019663758
158.14671814671814,0.044205451136541715
158.26893353941267,0.051777036620839934
158.39133797370457,0.05735059886122815
158.5139318885449,0.06017905744170788
158.63671572424477,0.06004683397068481
158.7596899224806,0.0568820121538548
158.88285492629947,0.05077090304765196
159.0062111801242,0.042460586628772855
159.12975912975912,0.03307762355085561
159.25349922239502,0.023481386086244716
159.37743190661476,0.014452361956045795
159.50155763239874,0.007021081297437368
159.62587685113016,0.0021068690991304217
159.7503900156006,0.00025860931897981655
159.87509758001562,0.001797759884629444
160.0,0.006702763052087194
160.12509773260362,0.014496054009287723
160.2503912363067,0.024514077500623944
160.37588097102582,0.035921646740878575
160.5015673981191,0.04751003921399162
160.62745098039213,0.05805610061903363
160.7535321821036,0.06670750569577862
160.87981146897093,0.07266559993122898
161.0062893081761,0.07506629217731893
161.13296616837135,0.07353949236915182
161.25984251968504,0.06834963276428313
161.38691883372735,0.05996389066976667
161.51419558359618,0.0491010475673531
161.64167324388316,0.036998787378111984
161.7693522906793,0.025055024232395987
161.89723320158103,0.014454521234037237
162.0253164556962,0.006328899258391512
162.15360253365006,0.0017594504015235378
162.28209191759112,0.001457230040115187
162.41078509119745,0.0056832992387451375
162.53968253968253,0.01425611284178379
162.66878474980143,0.02643256863889412
162.79809220985692,0.0410732812001767
162.92760540970565,0.056913999995182936
163.05732484076432,0.0724473926625197
163.18725099601593,0.08592336432393415
163.31738437001593,0.09585136420616672
163.44772545889865,0.10125373146894963
163.57827476038338,0.10146327289037792
163.709032773781,0.0962378322939804
163.84,0.08610968193863347
163.97117694155327,0.07224246532165823
164.1025641025641,0.056090137210590536
164.23416198877305,0.039432936583029606
164.3659711075441,0.024360643925983003
164.49799196787149,0.012862725763440115
164.63022508038586,0.0065153431476216795
164.76267095736122,0.006408756892881456
164.89533011272144,0.013000202944748317
165.02820306204674,0.026007777843708408
165.16129032258064,0.044447678929981395
165.29459241323647,0.06660388740197463
165.4281098546042,0.0901487654941278
165.56184316895713,0.11260608545636025
165.6957928802589,0.13162315179067494
165.82995951417004,0.14497314601301503
165.9643435980551,0.1509358182573397
166.09894566098947,0.14880870669649465
166.23376623376623,0.13884384462898547
166.36880584890332,0.12206327471511622
166.5040650406504,0.1004242021812559
166.63954434499593,0.07671160339155501
166.77524429967426,0.053996512118239796
166.9111654441728,0.03529858532512412
167.047308319739,0.02339926431283638
167.18367346938777,0.020424030618370607
167.3202614379085,0.027463725509451694
167.45707277187245,0.044418979439058204
167.59410801963992,0.06993246956772044
167.7313677313677,0.10154572340490318
167.86885245901638,0.1360277381018523
168.00656275635768,0.16960972092415286
168.14449917898193,0.19838889215736563
168.28266228430567,0.21900554767234756
168.42105263157896,0.2290490467346587
168.559670781893,0.2271964920274109
168.6985172981878,0.21356025082425092
168.83759274525966,0.18993175013479377
168.97689768976898,0.15947400485532182
169.11643270024774,0.12624382154568406
169.25619834710741,0.09483855729648069
169.39619520264682,0.06990142677792076
169.53642384105962,0.05545527437484448
169.67688483844242,0.05433048348291495
169.81757877280262,0.06777576914230708
169.95850622406635,0.09523039077360575
170.09966777408638,0.13429635479250776
170.24106400665005,0.18099121390505107
170.3826955074875,0.2302446255821104
170.52456286427974,0.27644445628224124
170.66666666666666,0.314055628706309
170.8090075062552,0.338470900089877
170.9515859766277,0.3467882468002373
171.09440267335003,0.33813266598054925
171.23745819397996,0.3137431755659401
171.3807531380753,0.27701164680542073
171.52428810720266,0.23317284169688474
171.66806370494552,0.18860190065572136
171.81208053691276,0.1500239582303497
171.95633921074725,0.12368699854491756
172.10084033613444,0.11448168551605033
172.24558452481077,0.12519411963694294
172.3905723905724,0.1560351479896822
172.5358045492839,0.20452850919766252
172.681281618887,0.2657804317295982
172.82700421940928,0.3330158176959616
172.97297297297297,0.3983775621502297
173.11918850380385,0.4540215004849706
173.26565143824024,0.49322553422359794
173.41236240474177,0.5112584851568726
173.55932203389833,0.5060668286313962
173.70653095843934,0.47870900167630726
173.85398981324278,0.43333059541714875
174.0016992353441,0.3767272258794605
174.14965986394557,0.3175682127928013
174.2978723404255,0.2652425554710137
174.44633730834755,0.22851077114418764
174.59505541346974,0.21425769200167724
174.74402730375425,0.22648772314109286
174.8932536293766,0.26567655558194453
175.04273504273505,0.32858155463051225
175.1924721984602,0.40856651248093406
175.34246575342465,0.49648544163006564
175.49271636675235,0.5819257574229095
175.6432246998285,0.6544762929864987
175.79399141630904,0.705054269181011
175.94501718213058,0.7273450172564857
176.0963026655202,0.7188891256025247
176.24784853700515,0.6814919410552965
176.3996554694229,0.6211553468873051
176.55172413793102,0.5474835883770144
176.70405522001724,0.47231082897880394
176.85664939550952,0.4078849794935754
177.00950734658602,0.36515828999073613
177.16262975778545,0.3523089909087451
177.3160173160173,0.3735400198530644
177.46967071057193,0.42836850268450993
177.62359063313096,0.5115620433564985
177.77777777777777,0.6137754421514371
177.93223284100782,0.7227508441556804
178.08695652173913,0.8248167326519119
178.24194952132288,0.9067100480638166
178.397212543554,0.9577153522779924
178.55274629468178,0.9714659770861267
178.70855148342056,0.9468526144468733
178.86462882096066,0.8882906202103941
179.02097902097898,0.8054133763706707
179.17760279965006,0.7116906821043509
179.33450087565674,0.622153090368933
179.4916739702016,0.5511704144062338
179.64912280701753,0.5106794856438714
179.80684811237927,0.5086469274268
179.96485061511424,0.5478319838229428
180.12313104661388,0.625160286071908
180.28169014084506,0.731895417368329
180.44052863436124,0.8546887544251486
180.59964726631395,0.9773794167728752
180.75904677846424,1.0832647638136341
180.91872791519435,1.157659005346457
181.07869142351902,1.1903766406140492
181.23893805309734,1.177486754169158
181.39946855624444,1.1219456635425136
181.56028368794324,1.0330780657280307
181.72138420585628,0.9250221614235091
181.88277087033748,0.8145482783737302
182.04444444444445,0.7187237269628555
182.20640569395016,0.6526048093888808
182.3686553873553,0.6271604270744794
182.53119429590015,0.647760470422805
182.69402319357712,0.7133615952022658
182.85714285714286,0.8163563367689723
183.0205540661305,0.9431838820534082
183.18425760286226,1.0760938866584178
183.34825425246197,1.1960486932423928
183.51254480286738,1.2856581345210443
183.67713004484304,1.3316140925224214
183.84201077199282,1.3273294244442182
184.00718778077265,1.2747061787490066
184.1726618705036,1.1830195156354202
184.33843384338437,1.066438198694264
184.5045045045045,0.9424707591016998
184.67087466185754,0.8299823937805251
184.83754512635377,0.7458659017977199
185.0045167118338,0.7024786874252583
185.17179023508135,0.7067159297061715
185.33936651583707,0.7594232175966036
185.5072463768116,0.8546418041742342
185.675430643699,0.9796774636909494
185.84392014519057,1.1170366085213077
186.01271571298818,1.2471677762200382
186.1818181818182,1.350457498704864
186.3512283894449,1.4103271833850861
186.52094717668484,1.4179972534089136
186.69097538742025,1.374102989887613
186.86131386861314,1.2862776775722895
187.03196347031962,1.1679666721586006
187.20292504570384,1.0382397815283697
187.37419945105214,0.9182788911191946
187.54578754578753,0.8264539303984499
187.71769019248396,0.7760227277638355
187.88990825688072,0.7746585258110674
188.06244260789717,0.8238333413519103
188.23529411764707,0.9182873614836649
188.40846366145354,1.0464141776938305
188.5819521178637,1.1915677676129204
188.75576036866357,1.3337453544558346
188.92988929889296,1.4518927376910056
189.10433979686056,1.5273987966442069
189.27911275415894,1.547757490297696
189.45420906567992,1.5091197472642894
189.62962962962962,1.4176750962077134
189.80537534754404,1.2892621302463143
189.98144712430428,1.1464355081255992
190.15784586815226,1.013996947301549
190.3345724907063,0.9144837603272791
190.51162790697674,0.8643199695542955
190.68901303538178,0.871328361685225
190.8667287977633,0.9341922350956058
191.044776119403,1.0436820912381448
191.22315592903828,1.1848951922063915
191.4018691588785,1.3396776893618467
191.5809167446211,1.4887271041712156
191.76029962546815,1.613428077593598
191.94001874414244,1.6976948495364375
192.12007504690433,1.729807805616586
192.3004694835681,1.7042290663394777
192.48120300751881,1.6235430493103342
192.66227657572907,1.4998627771718327
192.8436911487759,1.354398503369171
193.02544769085767,1.2147513026375414
193.2075471698113,1.110228639475191
193.38999055712932,1.0657023798981464
193.57277882797732,1.0954839393818387
193.75591296121098,1.1992592312770605
193.93939393939394,1.3614137880330979
194.12322274881518,1.5539900275805618
194.30740037950665,1.7427971623205099
194.49192782526114,1.8952846719251544
194.67680608365018,1.9872291742653179
194.86203615604185,2.0064258635204855
195.04761904761907,1.9545288164399282
195.23355576739752,1.8461751644028153
195.4198473282443,1.7034247815257209
195.6064947468959,1.5496681194672919
195.79349904397705,1.407527701843699
195.9808612440191,1.2976804046490409
196.1685823754789,1.235811633185761
196.35666347075744,1.2307094523217024
196.5451055662188,1.285048281495175
196.73390970220942,1.3959295299132393
196.92307692307693,1.5530274030901075
197.1126082771896,1.7366121399921608
197.30250481695566,1.9193062056512271
197.4927675988428,2.070770549545461
197.68339768339766,2.1620803119620686
197.8743961352657,2.1713599413548312
198.06576402321085,2.091443322297961
198.25750242013552,1.9342385664831856
198.44961240310076,1.7296823861342911
198.64209505334625,1.5214223057005936
198.83495145631065,1.3583905927532722
199.02818270165207,1.2827064651224789
199.22178988326846,1.3184820554917163
199.4157740993184,1.4650006932687858
199.61013645224173,1.6956128001262694
199.8048780487805,1.9629311172302506
200.0,2.209804905175048
200.19550342130987,2.3832555731066676
200.3913894324853,2.447049601050739
200.58765915768853,2.3904853710427836
200.78431372549022,2.2313680783062466
200.9813542688911,2.0107511799998297
201.17878192534383,1.7817678423701708
201.37659783677483,1.5972267540816
201.5748031496063,1.4977611312833015
201.77339901477833,1.502615832949162
201.9723865877712,1.6063524439013992
202.1717670286278,1.782289933829574
202.3715415019763,1.9902070398190315
202.57171117705244,2.1852672242255466
202.77227722772278,2.328078317445398
202.97324083250743,2.3946899644459543
203.17460317460316,2.3808303044463623
203.37636544190661,2.299672513409579
203.57852882703776,2.1780592148152005
203.78109452736314,2.0504565012010203
203.98406374501994,1.9491475332960855
204.1874376869392,1.896352679814128
204.39121756487026,1.9018042428870845
204.5954045954046,1.9625100398899378
204.79999999999998,2.063063780902452
205.005005005005,2.179685241743995
205.21042084168334,2.2885051559771568
205.41624874623875,2.371556087804729
205.62248995983938,2.4175826554894355
205.8291457286432,2.423591150406805
206.03621730382292,2.396952949253436
206.24370594159112,2.351458818450882
206.4516129032258,2.3011974997794127
206.65993945509584,2.259176671914992
206.86868686868684,2.2361986247511374
207.07785642062692,2.2366821475579837
207.28744939271257,2.2579882802089672
207.49746707193518,2.2947290267810163
207.7079107505071,2.340478948641454
207.9187817258883,2.386617427999835
208.130081300813,2.4254396617394636
208.34181078331636,2.4541740526086144
208.55397148676167,2.4725048616058807
208.7665647298675,2.4802116906308567
208.9795918367347,2.480406366440239
209.19305413687437,2.479338220994576
209.40695296523518,2.4809841197016946
209.6212896622313,2.486435652809759
209.83606557377047,2.4973394529525113
210.05128205128204,2.5153303668775346
210.26694045174537,2.539431067663903
210.48304213771837,2.5666299024393036
210.69958847736626,2.5943187691942082
210.91658084449023,2.6213657150378302
211.1340206185567,2.6467248894749225
211.3519091847265,2.6685568021818544
211.5702479338843,2.6870034605625093
211.78903826266804,2.7043214895154075
212.00828157349895,2.7197359738213276
212.22797927461139,2.731989559230828
212.448132780083,2.7459227485931152
212.668743509865,2.7635664590111366
212.88981288981287,2.778303297614161
213.11134235171693,2.791593165064059
213.33333333333334,2.8121366334044757
213.555787278415,2.832897107929476
213.7787056367432,2.84573765625618
214.00208986415882,2.8637140784870843
214.22594142259413,2.888482453151759
214.4502617801047,2.901625974672618
214.67505241090146,2.912402995645224
214.900314795383,2.9384495942824613
215.12605042016807,2.957080574762406
215.35226077812828,2.961634438352922
215.57894736842104,2.985743595484235
215.80611169652263,3.0147295831796206
216.03375527426158,3.0154588168344643
216.26187961985215,3.0309131161707827
216.49048625792813,3.0755461769613164
216.7195767195767,3.0827448585113513
216.9491525423729,3.0775994859490114
217.17921527041358,3.129766957427612
217.40976645435242,3.1610364302475946
217.64080765143464,3.133069025066906
217.87234042553192,3.1701800251022862
218.10436634717786,3.2407242515680443
218.33688699360337,3.2094209765991604
218.5699039487727,3.2017251895428127
218.80341880341882,3.3031114961413937
219.0374331550802,3.3059305506356322
219.27194860813702,3.241587464482341
219.5069667738478,3.3386303393818606
219.74248927038627,3.4078650621767124
219.97851772287862,3.30502365239455
220.21505376344086,3.354893315197331
220.45209903121636,3.5021105675969286
220.68965517241378,3.395237307216866
220.92772384034518,3.3562731559352805
221.16630669546436,3.579478004802491
221.4054054054054,3.523451847079074
221.64502164502164,3.35023551505002
221.88515709642468,3.6217607386599084
222.12581344902384,3.7098154621290216
222.36699239956567,3.3583905949597788
222.6086956521739,3.5693051679533
222.85092491838955,3.945214111556234
223.09368191721134,3.4691506904215825
223.3369683751363,3.3820942332943797
223.58078602620085,4.136420066627891
223.82513661202185,3.8080605393623324
224.07002188183807,3.1288564516598996
224.31544359255204,4.085983266964969
224.56140350877192,4.40928434736679
224.80790340285398,3.063737383517565
225.05494505494505,3.623977986185223
225.30253025302528,5.071421035897112
225.55066079295153,3.553523081746793
225.79933847850054,2.83545955348722
226.0485651214128,5.334019501885999
226.29834254143645,4.8146652786842825
226.54867256637166,2.229193613828605
226.79955703211516,4.700259681985701
227.0509977827051,6.582462256916835
227.30299667036624,2.6552243493622285
227.55555555555554,3.0932087608799743
227.80867630700777,7.96061959304269
228.06236080178175,4.840459696288724
228.31661092530658,1.3153141957133303
228.57142857142856,7.754129139500317
228.82681564245812,8.676390848543798
229.082774049217,1.0789143189360217
229.33930571108624,5.361262567252137
229.59641255605382,12.750626586135274
229.8540965207632,4.254677242271276
230.1123595505618,1.7968434352864044
230.37120359955006,14.745764749349618
230.6306306306306,11.543708444942538
230.89064261555805,0.04083897192495961
231.1512415349887,12.83304808747494
231.41242937853107,21.33907868252533
231.67420814479635,4.185019771582409
231.9365798414496,7.589900915438694
232.19954648526078,29.59253439283658
232.46311010215663,17.287292005716914
232.7272727272727,3.6477092846464605
232.9920364050057,31.52262347635733
233.25740318906605,38.21797700256813
233.52337514253134,9.480398872143635
233.78995433789953,25.92434316807631
234.05714285714288,59.44927211566534
234.32494279176203,32.864556639731624
234.59335624284074,20.242851723311215
234.8623853211009,70.01797736474207
235.13203214695753,72.46150669376969
235.4022988505747,30.13733706173763
235.67318757192174,65.15823112653324
235.9447004608295,112.47737434852048
236.2168396770473,68.4963162196413
236.48960739030022,55.93117378726238
236.76300578034682,129.09168002226025
237.03703703703707,127.83671099693558
237.3117033603708,66.88212778793515
237.58700696055683,110.88124198765503
237.862950058072,171.13866314543046
238.13953488372093,111.79899084169774
238.41676367869616,80.25362703804639
238.69463869463866,155.76581269947235
238.97316219369893,159.18386555857123
239.25233644859816,78.05870444353675
239.53216374269007,89.80155698642204
239.81264637002343,146.77054023289918
240.0937866354044,101.21150211210251
240.37558685446012,40.29683089551121
240.65804935370153,69.35146976129475
240.94117647058823,91.56189052084076
241.2249705535924,44.03297798621809
241.50943396226415,11.720442506324757
241.79456906729635,34.012881159378544
242.080378250591,53.22440883203255
242.3668639053254,33.709038740642605
242.65402843601896,8.200718133305053
242.94187425860022,27.01138956386585
243.23040380047507,69.15421920959187
243.51961950059456,59.83349940903262
243.80952380952382,20.629019013348373
244.1001191895113,41.47660589082007
244.39140811455846,85.55009901724003
244.68339307048984,59.43253637891483
244.97607655502392,13.68829391747403
245.2694610778443,26.795360615512482
245.56354916067144,46.39016707461913
245.85834333733493,24.887554214292553
246.15384615384616,3.02043518134168
246.4500601684717,0.699784698317497
246.7469879518072,10.341501497136424
247.04463208685164,33.8593604555214
247.34299516908212,37.797923330200824
247.6420798065296,11.995744138613455
247.9418886198547,23.052956310945316
248.24242424242422,68.71382557489555
248.54368932038832,59.917285221886424
248.8456865127582,13.320397932497007
249.14841849148416,14.067512473533023
249.45188794153472,34.522675990754664
249.75609756097558,20.378010779324732
250.06105006105005,6.4852890098078735
250.36674816625916,7.540235064985694
250.6731946144431,0.38814560463627185
250.98039215686276,14.001623840785253
251.2883435582822,49.01503531405217
251.5970515970516,41.32581516387351
251.90651906519062,7.9302626737305015
252.21674876847288,19.921528624160853
252.52774352651045,43.018127830736056
252.8395061728395,22.43107911525628
253.15203955500616,1.693007308734508
253.46534653465346,6.676486749517592
253.7794299876084,3.6361289718186485
254.09429280397023,6.132917362154491
254.40993788819875,32.45751692185732
254.726368159204,34.571338255173345
255.04358655043586,6.151315612737481
255.36159600997507,7.30534739961789
255.6803995006242,29.32412681375747
255.99999999999997,21.626903533433318
256.3204005006258,5.1469164396179385
256.64160401002505,8.763357963293835
256.9636135508155,7.53595609457257
257.286432160804,1.1193141950474206
257.61006289308176,16.79927961419725
257.9345088161209,30.22699369098027
258.2597730138714,14.099568981197962
258.5858585858586,0.5025639466091196
258.91276864728195,8.594364522473787
259.24050632911394,12.182111422429163
259.5690747782003,7.598399639651623
259.8984771573604,12.567276526707635
260.22871664548916,15.369049611047918
260.55979643765903,5.11366028899727
260.89171974522293,3.3730257875796714
261.2244897959184,14.824743705420907
261.5581098339719,17.573312297114207
261.89258312020456,10.135451804910419
262.2279129321382,8.138799994676337
262.56410256410254,9.092821031711845
262.9011553273428,5.5007373363362655
263.2390745501285,6.007943162235256
263.5778635778636,12.915533000507004
263.91752577319585,13.788938423264936
264.258064516129,8.065371728372686
264.59948320413434,6.128997562362797
264.9417852522639,8.456436398176784
265.2849740932642,8.902759909921754
265.6290531776913,9.144253524204135
265.974025974026,11.945202016919698
266.3198959687906,12.328387175182128
266.66666666666663,8.645126868278016
267.01434159061273,6.687503903226537
267.3629242819843,8.441651862080302
267.7124183006536,9.819163028361146
268.0628272251309,9.952968521126422
268.41415465268676,11.19446072480553
268.76640419947506,11.792555648128802
269.119579500657,9.570575416954703
269.47368421052636,7.591151744470371
269.82872200263506,8.237109830931264
270.1846965699208,9.503567128026615
270.5416116248349,9.64543573736669
270.8994708994709,9.88631950697943
271.25827814569533,10.453502271806494
271.6180371352785,10.00860975528203
271.97875166002655,9.076475459363895
272.3404255319149,9.174264926865753
272.70306258322233,10.015051101888453
273.06666666666666,10.403220142307811
273.4312416555407,10.424586504462898
273.7967914438503,10.641518386239282
274.1633199464525,10.561115564217623
274.5308310991957,9.844463741067697
274.8993288590604,9.351789747856952
275.26881720430106,9.553152264822232
275.6393001345895,9.792230728260881
276.010781671159,9.78452120143936
276.3832658569501,9.972542021718478
276.7567567567567,10.249265415784198
277.1312584573748,10.207699144135278
277.50677506775065,10.09952954030583
277.88331071913166,10.224613325607667
278.2608695652174,10.36632099267218
278.6394557823129,10.382669914779632
279.01907356948226,10.39074202377017
279.39972714870396,10.377607032178538
279.78142076502735,10.279484406790168
280.1641586867305,10.150490494055392
280.54794520547944,10.049922243315615
280.93278463648835,10.022526195589824
281.31868131868134,10.073988572577782
281.70563961485556,10.142385244956321
282.0936639118457,10.23884696617276
282.48275862068965,10.40869884619845
282.8729281767956,10.564242790225828
283.2641770401106,10.634004543705691
283.6565096952908,10.669193805071542
284.0499306518724,10.650598385987385
284.44444444444446,10.512650425171032
284.84005563282335,10.316098774697984
285.2367688022284,10.134532500820987
285.63458856345886,9.968528779710589
286.0335195530726,9.863072466962805
286.43356643356645,9.874408279006404
286.8347338935574,9.97729022468582
287.23702664796633,10.143208624390265
287.6404494382022,10.367659011644031
288.0450070323488,10.598226561693659
288.4507042253521,10.77362965820618
288.85754583921016,10.873543221794701
289.2655367231638,10.871842997829347
289.6746817538897,10.747897255442131
290.08498583569406,10.53647501918551
290.49645390070924,10.289682426450238
290.9090909090909,10.043225136206573
291.32290184921766,9.84436635827517
291.73789173789174,9.743789867807124
292.15406562054204,9.760450696891457
292.57142857142856,9.892466352759305
292.9899856938483,10.129913708119014
293.4097421203438,10.4321593157868
293.83070301291247,10.73025502030199
294.2528735632184,10.961894770109888
294.67625899280574,11.077878865978972
295.1008645533141,11.03919630262441
295.52669552669556,10.843778812504818
295.9537572254335,10.531513805629444
296.3820549927641,10.15744265086597
296.81159420289856,9.78921240297528
297.2423802612482,9.505068077136007
297.6744186046512,9.363743179305887
298.1077147016012,9.394984915378913
298.54227405247815,9.609695868787862
298.978102189781,9.9863889262717
299.41520467836256,10.46276247368217
299.8535871156662,10.956005054148157
300.2932551319648,11.371926652478809
300.73421439060206,11.611769582232789
301.17647058823525,11.607694310259095
301.620029455081,11.346300509645623
302.06489675516224,10.86460859234902
302.5110782865583,10.248251507540257
302.95857988165676,9.615070689121076
303.4074074074074,9.078703932216161
303.85756676557867,8.728729667054292
304.30906389301634,8.625908611064284
304.7619047619047,8.793285975956588
305.2160953800298,9.213770968125633
305.6716417910448,9.834490317339073
306.1285500747384,10.563156257440728
306.58682634730536,11.269866930903001
307.0464767616192,11.812177276513687
307.5075075075075,12.070331240959447
307.96992481203006,11.979460926128546
308.433734939759,11.555559156591931
308.8989441930618,10.895848740552623
309.3655589123867,10.143624753297878
309.83358547655064,9.442969052981642
310.3030303030303,8.904145307314517
310.7738998482549,8.58373717410185
311.2462006079027,8.489182707303371
311.7199391171994,8.600097522504681
312.1951219512195,8.881941177011617
312.67175572519085,9.287696944359563
313.1498470948012,9.755755202222554
313.6294027565084,10.209570740478753
314.11042944785277,10.56848896599248
314.5929339477727,10.77612751185589
315.0769230769231,10.832892973886814
315.5624036979969,10.806686133555438
316.04938271604937,10.810630502009378
316.53786707882534,10.951544621285057
317.0278637770898,11.267937059707432
317.5193798449612,11.696774956090804
318.0124223602484,12.088737863691318
318.50699844479004,12.259993677485875
319.0031152647975,12.062302309525373
319.5007800312012,11.440367493974973
320.0,10.449418618571476
320.5007824726134,9.23591531797086
321.0031347962382,7.993753434929615
321.5070643642072,6.91163627910801
322.0125786163522,6.1362089536659585
322.5196850393701,5.7633371419758905
323.02839116719235,5.847504204515983
323.5387045813586,6.4110794207125865
324.0506329113924,7.4392146978456015
324.56418383518223,8.857875967647043
325.07936507936506,10.512102551025176
325.59618441971384,12.171732355752546
326.11464968152865,13.578360045975508
326.63476874003186,14.525080804174202
327.15654952076676,14.941841394935187
327.68,14.94666460940763
328.2051282051282,14.830648056743739
328.7319422150882,14.969550643177275
329.2604501607717,15.677836535739273
329.7906602254429,17.051824985979287
330.3225806451613,18.876480848588567
330.8562197092084,20.652050228265608
331.3915857605178,21.750872812146547
331.9286871961102,21.664803154557493
332.46753246753246,20.24187144103417
333.0081300813008,17.795850262749685
333.5504885993485,15.027549200314493
334.094616639478,12.768418988841292
334.640522875817,11.640612692940643
335.18821603927984,11.786787656056076
335.73770491803276,12.79488173671986
336.28899835796386,13.860654504766849
336.8421052631579,14.132469511359437
337.3970345963756,13.089352321867853
337.95379537953795,10.777998988456776
338.51239669421483,7.800515192163902
339.07284768211923,5.054697951962269
339.63515754560524,3.3390555480585267
340.19933554817277,3.0041927438071676
340.765391014975,3.8113766539655787
341.3333333333333,5.05991933522255
341.9031719532554,5.921375332386788
342.4749163879599,5.819681589891448
343.04857621440533,4.677662134732468
343.6241610738255,2.919764385457882
344.2016806722689,1.238861644837531
344.7811447811448,0.2503750993370721
345.362563237774,0.20767887856609835
345.94594594594594,0.9136162637674627
346.5313028764805,1.8571496936088527
347.11864406779665,2.489945682109709
347.70797962648555,2.4948796257951646
348.29931972789115,1.9124934497958626
348.8926746166951,1.0762569070262828
349.4880546075085,0.4096119320424096
350.0854700854701,0.20231651739990705
350.6849315068493,0.4830151219738356
351.286449399657,1.0407041908426027
351.89003436426117,1.566009986856222
352.4956970740103,1.8246864538351975
353.10344827586204,1.7693739102649177
353.71329879101904,1.541024312373197
354.3252595155709,1.3736971368891755
354.93934142114387,1.4654012854374323
355.55555555555554,1.8857256755997192
356.17391304347825,2.5625355517321373
356.794425087108,3.3432435717951714
357.4171029668411,4.087402023772958
358.04195804195797,4.74080162214657
358.6690017513135,5.356024037188621
359.29824561403507,6.056856491549029
359.9297012302285,6.973630291169431
360.5633802816901,8.185661493799639
361.1992945326279,9.698399559999142
361.8374558303887,11.45847342749357
362.4778761061947,13.393472675823148
363.1205673758865,15.45388347750522
363.76554174067496,17.636226841796578
364.4128113879003,19.981138081992935
365.0623885918003,22.550252326368177
365.7142857142857,25.398338984882454
366.3685152057245,28.55455944491422
367.02508960573476,32.01706718561353
367.68402154398564,35.76199335516864
368.3453237410072,39.75912482240005
369.009009009009,43.986431265515016
369.67509025270755,48.4363271058528
370.3435804701627,53.11340907557818
371.0144927536232,58.0285723405261
371.68784029038113,63.189164135183994
372.3636363636364,68.59260945802706
373.0418943533697,74.22660651402067
373.7226277372263,80.07127736006723
374.4058500914077,86.10269044932994
375.09157509157507,92.29667585206863
375.77981651376143,98.63255536157338
376.47058823529414,105.0922490475657
377.1639042357274,111.6574652744806
377.8597785977859,118.31034203711002
378.5582255083179,125.03173236576467
379.25925925925924,131.7993472083249
379.96289424860856,138.5886561728513
380.6691449814126,145.37470826964895
381.37802607076355,152.1338927445014
382.089552238806,158.84308408040965
382.803738317757,165.47957315518414
383.5205992509363,172.02135566373883
384.24015009380867,178.44699748966883
384.96240601503763,184.7367115981225
385.6873822975518,190.87123136810337
386.4150943396226,196.83146934188863
387.14555765595463,202.5993909904453
387.8787878787879,208.15818627705642
388.6148007590133,213.49344238389472
389.35361216730035,218.5922970272935
390.09523809523813,223.4426093257186
390.8396946564886,228.03384591306337
391.5869980879541,232.35742074773208
392.3371647509578,236.4067978852996
393.0902111324376,240.1761622438828
393.84615384615387,243.66080397705616
394.6050096339113,246.8584707345365
395.3667953667953,249.76769557484351
396.1315280464217,252.3879367783727
396.8992248062015,254.72122848503258
397.6699029126213,256.771870178626
398.4435797665369,258.5447602419371
399.22027290448347,260.04413001628166
400.0,261.2757834756121
400.7827788649706,262.2480357228622
401.56862745098044,262.96950216814116
402.35756385068765,263.44894522253304
403.1496062992126,263.69532643670624
403.9447731755424,263.7184263453343
404.7430830039526,263.5292754147585
405.54455445544556,263.13858854630547
406.3492063492063,262.5576920401911
407.1570576540755,261.7987491206533
407.9681274900399,260.8732303585574
408.7824351297405,259.792535917623
409.59999999999997,258.5690526572082
410.4208416833667,257.2162241815741
411.24497991967877,255.7458132837745
412.07243460764585,254.16809040342292
412.9032258064516,252.49536874342618
413.7373737373737,250.74019565319995
414.57489878542515,248.9139716746694
415.4158215010142,247.02703787522483
416.260162601626,245.08979093898083
417.10794297352334,243.11518539315682
417.9591836734694,241.11364657345166
418.81390593047036,239.09296391589615
419.67213114754094,237.06364138527184
420.53388090349074,235.03488180545634
421.3991769547325,233.01396738515763
422.2680412371134,231.00846305411724
423.1404958677686,229.02521496171968
424.0165631469979,227.0718945949707
424.896265560166,225.15554276945474
425.77962577962575,223.2812969721843
426.6666666666667,221.45416747873136
427.5574112734864,219.67930738227304
428.45188284518827,217.9603259220713
429.3501048218029,216.30081221628302
430.25210084033614,214.7089306816362
431.1578947368421,213.19019342750968
432.06751054852316,211.7444847029043
432.98097251585625,210.3759860945563
433.8983050847458,209.09127524766623
434.81953290870484,207.89527070439289
435.74468085106383,206.7882671266258
436.67377398720674,205.76969722036185
437.60683760683764,204.84809180915497
438.54389721627405,204.02562639386377
439.48497854077254,203.30016748340896
440.4301075268817,202.6818678910173
441.37931034482756,202.17594279207623
442.3326133909287,201.78358498581377
443.2900432900433,201.50473494213807
444.2516268980477,201.33586550663472
445.2173913043478,201.29188473378278
446.1873638344227,201.37830139373244
447.1615720524017,201.58031496058655
448.14004376367615,201.9074107676591
449.12280701754383,202.37338847061494
450.1098901098901,202.97681878928154
451.10132158590307,203.71705975104732
452.0971302428256,204.59271822555098
453.0973451327433,205.61956835262603
454.1019955654102,206.80605948527844
455.1111111111111,208.1292942489226
456.1247216035635,209.59868553247546
457.1428571428571,211.243993884652
458.165548098434,213.0544248828053
459.19282511210764,215.01967027843963
460.2247191011236,217.15426920416405
461.2612612612612,219.477803957705
462.3024830699774,222.00250792587013
463.3484162895927,224.7047807936802
464.39909297052156,227.5897837126229
465.4545454545454,230.7183685329597
466.5148063781321,234.07518936185514
467.57990867579906,237.6256779969568
468.64988558352405,241.42069237829025
469.7247706422018,245.4849364937117
470.8045977011494,249.81875014209353
471.889400921659,254.4086062346812
472.97921478060044,259.24619636783547
474.07407407407413,264.4319065447518
475.17401392111367,269.94753136965267
476.27906976744185,275.698462302291
477.3892773892773,281.8021789523
478.5046728971963,288.2924633189969
479.62529274004686,295.1130108130111
480.75117370892025,302.28995446217596
481.88235294117646,309.80024837881786
483.0188679245283,317.77812145601376
484.160756501182,326.2230065179379
485.3080568720379,334.9416078697906
486.46080760095015,344.17233649497365
487.61904761904765,353.9904031767442
488.7828162291169,364.2052607879942
489.95215311004785,374.94545672303775
491.1270983213429,386.2041046190267
492.3076923076923,398.1096632099424
493.4939759036144,410.7087614194093
494.68599033816423,423.650162329209
495.8837772397094,437.3453987291342
497.08737864077665,451.9518965205127
498.29683698296833,466.9663958248924
499.51219512195115,482.70588733715806
500.7334963325183,499.2515549374046
501.9607843137255,516.5697179791063
503.1941031941032,534.8065421986187
504.43349753694577,553.4158098745798
505.679012345679,573.0152986734398
506.9306930693069,593.9563901447077
508.18858560794047,615.14306962062
509.452736318408,637.230051764163
510.72319201995015,660.6218250647241
511.99999999999994,684.7686214869856
513.2832080200501,710.0241409108884
514.572864321608,735.7435366282257
515.8690176322418,762.6436473589677
517.1717171717172,791.4460115906049
518.4810126582279,820.0346202930372
519.7969543147208,849.5490324947908
521.1195928753181,881.198602149061
522.4489795918367,913.1037672165583
523.7851662404091,945.9606006713612
525.1282051282051,979.5014205556579
526.478149100257,1014.0061352832879
527.8350515463917,1050.8229411903185
529.1989664082687,1086.4585767837466
530.5699481865284,1122.572640763397
531.948051948052,1162.1018468207099
533.3333333333333,1200.4387883503825
534.7258485639686,1238.7893412699316
536.1256544502618,1278.6236376753168
537.5328083989501,1318.3589314238773
538.9473684210527,1360.2033365246705
540.3693931398416,1399.5660742535235
541.7989417989418,1438.1245895617149
543.236074270557,1481.824645927357
544.6808510638298,1521.4185742902587
546.1333333333333,1558.6624103836496
547.5935828877006,1599.5409337761002
549.0616621983914,1637.638310190046
550.5376344086021,1676.0174793419908
552.021563342318,1711.265727175359
553.5135135135134,1743.2286376001193
555.0135501355013,1782.04184113451
556.5217391304348,1812.6536030638713
558.0381471389645,1836.8772881143243
559.5628415300547,1869.496799546653
561.0958904109589,1894.674711997864
562.6373626373627,1915.60020107695
564.1873278236914,1936.124274971969
565.7458563535912,1949.702878305649
567.3130193905816,1970.1964629539566
568.8888888888889,1979.5760514658307
570.4735376044569,1977.4663083343555
572.0670391061452,1991.3244610126521
573.6694677871149,1992.0162107467534
575.2808988764044,1980.6535694350594
576.9014084507043,1978.923678222657
578.5310734463276,1966.2908062208387
580.1699716713881,1955.8186173624442
581.8181818181818,1938.6023344343225
583.4757834757835,1906.320571127746
585.1428571428571,1896.9079567696738
586.8194842406876,1872.1425105545318
588.5057471264367,1826.4269818144019
590.2017291066282,1808.8432949986002
591.907514450867,1778.458363548838
593.6231884057971,1737.1468642232571
595.3488372093024,1708.1855025675848
597.0845481049563,1665.7095080069257
598.8304093567251,1641.5802430734318
600.5865102639297,1612.083496552986
602.3529411764705,1557.6449083686075
604.1297935103245,1547.078785738511
605.9171597633135,1527.708727150889
607.7151335311573,1477.16915290655
609.5238095238094,1470.486989595226
611.3432835820896,1458.2228857797224
613.1736526946107,1434.391192393228
615.015015015015,1434.0757271776542
616.867469879518,1416.9095008987501
618.7311178247734,1427.898518979613
620.6060606060606,1444.9616724189154
622.4924012158054,1416.9303646291803
624.390243902439,1449.3053292605023
626.2996941896024,1487.8504487513742
628.2208588957055,1464.0132787407874
630.1538461538462,1501.7184523170024
632.0987654320987,1544.3894050280237
634.0557275541796,1545.2100385028293
636.0248447204968,1582.0672517196024
638.006230529595,1591.1605317387214
640.0,1615.8577478277607
642.0062695924764,1663.3572165010785
644.0251572327044,1626.540474927294
646.0567823343847,1658.082515145781
648.1012658227849,1721.947889251268
650.1587301587301,1659.8722097687812
652.2292993630573,1667.853297299529
654.3130990415335,1706.4291699386201
656.4102564102564,1647.572114401973
658.5209003215434,1641.254670636158
660.6451612903226,1625.0027959573192
662.7831715210356,1599.7271785448459
664.9350649350649,1627.4184304706157
667.100977198697,1550.9932029526879
669.281045751634,1524.684836085601
671.4754098360655,1579.7188412338455
673.6842105263158,1465.762274458631
675.9075907590759,1425.7100682951682
678.1456953642385,1515.2942911704513
680.3986710963455,1457.9427956294937
682.6666666666666,1454.4468787973829
684.9498327759198,1532.2680720058756
687.248322147651,1505.7781953769693
689.5622895622896,1514.5948073293016
691.8918918918919,1487.3034670158331
694.2372881355933,1445.1566227309747
696.5986394557823,1552.3122597607878
698.976109215017,1536.9746386802444
701.3698630136986,1556.88447257446
703.7800687285223,1824.2313273450907
706.2068965517241,1791.5597359862904
708.6505190311418,1636.0117503232534
711.1111111111111,1724.4450430289262
713.588850174216,1595.0488175983094
716.0839160839159,1449.8810595716025
718.5964912280701,1543.9128692721413
721.1267605633802,1572.4956771146758
723.6749116607774,1671.0680696199613
726.241134751773,1746.4551248877544
728.8256227758006,1683.2887635969807
731.4285714285714,1789.659409912342
734.0501792114695,1677.6173568447427
736.6906474820144,1274.403601095479
739.3501805054151,1523.2392316800317
742.0289855072464,1831.384827892485
744.7272727272727,1622.154432571187
747.4452554744526,1904.0503405055877
750.1831501831501,2017.1949139916735
752.9411764705883,1391.0314972001968
755.7195571955718,1430.8104444119156
758.5185185185185,1756.673786784219
761.3382899628252,1477.7921897536116
764.179104477612,1923.1583607725076
767.0411985018726,2689.7777763850618
769.9248120300753,3743.7013250988275
772.8301886792452,5744.268747320081
775.7575757575758,2311.0910748988367
778.7072243346007,1148.9261384059066
781.6793893129772,544.9930815066806
784.6743295019156,745.9606169703648
787.6923076923077,2065.0606110598364
790.7335907335906,2562.084217260888
793.798449612403,3404.1697372095077
796.8871595330738,3913.2460594602608
800.0,3364.854111649832
803.1372549019609,2392.508825424532
806.2992125984252,2021.0094603350533
809.4861660079052,1963.968467020785
812.6984126984127,1393.9821911944982
815.9362549800798,1319.5930402314166
819.1999999999999,1225.6749857901902
822.4899598393575,4529.308313473087
825.8064516129032,3288.1549651501537
829.1497975708503,983.7810590163236
832.520325203252,1600.3741117235452
835.9183673469388,2319.5290331313945
839.3442622950819,2945.0318437278024
842.798353909465,3154.9424547004455
846.2809917355372,2752.6641820883005
849.792531120332,2289.8115655801266
853.3333333333334,1814.7267357648811
856.9037656903765,1255.1521867345282
860.5042016806723,974.0436638889597
864.1350210970463,1019.2998592377339
867.7966101694916,1060.1880697578101
871.4893617021277,1285.7760466425104
875.2136752136753,1718.7513593236463
878.9699570815451,1876.3434265404837
882.7586206896551,2102.963807525514
886.5800865800866,2668.2280881843108
890.4347826086956,2777.5070040075643
894.3231441048034,2590.960994996212
898.2456140350877,2609.776465681576
902.2026431718061,2304.969300659617
906.1946902654867,1770.1993895933642
910.2222222222222,1474.6232130638832
914.2857142857142,1156.6332137423212
918.3856502242153,789.4235784974628
922.5225225225224,691.3706533335389
926.6968325791854,771.1376121201655
930.9090909090908,874.3273882789597
935.1598173515981,1201.1264274163923
939.4495412844036,1727.2301302253738
943.778801843318,2148.2681817761154
948.1481481481483,2625.8432118168544
952.5581395348837,3241.2492844431736
957.0093457943926,3604.1795987405176
961.5023474178405,3869.663777285348
966.0377358490566,4241.944352948508
970.6161137440758,4332.468967942793
975.2380952380953,4242.082040992388
979.9043062200957,4234.3143950355025
984.6153846153846,4028.8022852861814
989.3719806763285,3670.3739725610503
994.1747572815533,3385.718308979731
999.0243902439023,3031.9541846009815
1003.921568627451,2623.3027996439073
1008.8669950738915,2276.133802612316
1013.8613861386139,1933.9614011675935
1018.905472636816,1615.1358017483055
1023.9999999999999,1337.69745442681
1029.145728643216,1076.8888262614685
1034.3434343434344,871.7179234005088
1039.5939086294416,696.5655026408148
1044.8979591836735,527.9541061295379
1050.2564102564102,412.6908259950531
1055.6701030927834,322.61490305986445
1061.139896373057,230.43977845070222
1066.6666666666665,173.22152632853073
1072.2513089005236,135.11666190452362
1077.8947368421054,92.28258724310841
1083.5978835978835,66.29435812193152
1089.3617021276596,52.09531315619359
1095.1871657754011,34.57370962429079
1101.0752688172042,23.360540866019413
1107.0270270270269,18.132804018115344
1113.0434782608695,11.778695755695118
1119.1256830601094,7.475149835759469
1125.2747252747254,5.5581711423751115
1131.4917127071824,3.608890065495222
1137.7777777777778,2.3231320068590917
1144.1340782122904,1.6151667134223084
1150.5617977528088,1.0544091168118996
1157.0621468926552,0.7714028535326553
1163.6363636363635,0.48115000669180585
1170.2857142857142,0.27634698061325896
1177.0114942528735,0.23531608302802642
1183.815028901734,0.13197035372655494
1190.6976744186047,0.05022957688247821
1197.6608187134502,0.05835161194864421
1204.705882352941,0.040931906789159596
1211.834319526627,0.00549166346218139
1219.0476190476188,0.016863810728379138
1226.3473053892214,0.025555589387092955
1233.734939759036,0.0009677189887373406
1241.2121212121212,0.0052497150184664075
1248.780487804878,0.016942336416785494
1256.441717791411,0.0005960113511080099
1264.1975308641975,0.0005704487075358433
1272.0496894409937,0.007751575005105424
1280.0,0.00024193897411851128
1288.0503144654087,0.000600830888215433
1296.2025316455697,0.0038086648302509485
1304.4585987261146,9.526705696002556e-05
1312.8205128205127,0.0008873079559918724
1321.2903225806451,0.0032407862826371293
1329.8701298701299,0.0006394561753224005
1338.562091503268,0.0004626292479816701
1347.3684210526317,0.0020099300633188
1356.291390728477,0.0009244910930620916
1365.3333333333333,0.0007231117146827523
1374.496644295302,0.0004872151307789579
1383.7837837837837,0.0005282177409735709
1393.1972789115646,0.001072364170946987
1402.7397260273972,6.852921989421447e-06
1412.4137931034481,0.0003878487088670163
1422.2222222222222,0.0006661666083179665
1432.1678321678319,3.767864510620521e-05
1442.2535211267605,0.0007039809298488816
1452.482269503546,0.00013821862469783216
1462.857142857143,1.0751423269356057e-05
1473.3812949640287,0.0007170593521681844
1484.0579710144928,1.023125086291124e-05
1494.890510948905,0.00011842978534226053
1505.8823529411766,0.0003250834306063915
1517.037037037037,2.2455924113612443e-05
1528.358208955224,0.00030620926037838167
1539.8496240601505,6.719506644679273e-05
1551.5151515151515,1.9535118342624737e-05
1563.3587786259543,0.0002760688040999418
1575.3846153846155,6.509361664886044e-05
1587.596899224806,7.778430161824182e-05
1600.0,0.00010345392813321979
1612.5984251968505,7.18825129653711e-05
1625.3968253968253,0.00012654090960040836
1638.3999999999999,3.37115578585791e-05
1651.6129032258063,3.025460118239376e-05
1665.040650406504,8.070577132816465e-05
1678.6885245901638,6.092206127969426e-05
1692.5619834710744,2.0002336046726432e-05
1706.6666666666667,2.357703260205061e-05
1721.0084033613446,6.109274853913789e-05
1735.5932203389832,2.6165924817731372e-05
1750.4273504273506,3.106330643326853e-05
1765.5172413793102,2.7130566539461597e-05
1780.8695652173913,1.178696586991137e-05
1796.4912280701753,5.3566216413612394e-05
1812.3893805309733,7.283101999714707e-06
1828.5714285714284,3.797590358264471e-06
1845.0450450450448,3.925344877003687e-05
1861.8181818181815,2.5830222320309144e-06
1878.8990825688072,1.9019071688248642e-05
1896.2962962962965,1.1137380851560438e-05
1914.0186915887853,1.0868005994736902e-08
1932.0754716981132,2.889281208238861e-05
1950.4761904761906,2.3405027187376847e-07
1969.2307692307693,4.499770106532644e-06
1988.3495145631066,1.775080614727858e-05
2007.843137254902,1.0326980467289495e-06
2027.7227722772277,1.3452902375447535e-05
2047.9999999999998,3.6532506669363587e-06
2068.686868686869,1.9607089409216226e-06
2089.795918367347,1.3914441088114971e-05
2111.340206185567,2.6843439141191606e-07
2133.333333333333,3.590432038822855e-06
2155.789473684211,6.020571542351738e-06
2178.723404255319,2.020040656389367e-06
2202.1505376344085,5.558306088854802e-06
2226.086956521739,6.78572543380501e-07
2250.5494505494507,2.5335155289064476e-06
2275.5555555555557,4.281594352403204e-06
2301.1235955056177,9.801280061104555e-07
2327.272727272727,2.3402581307193366e-06
2354.022988505747,1.2106221476891533e-06
2381.3953488372094,2.1987863204654755e-06
2409.411764705882,2.2099993839495985e-06
2438.0952380952376,7.832725305083783e-08
2467.469879518072,1.9835511028731815e-06
2497.560975609756,1.4163004343159261e-06
2528.395061728395,8.0465811883957e-07
2560.0,1.3543597931331013e-06
2592.4050632911394,3.58066845315928e-07
2625.6410256410254,1.2697144863255793e-06
2659.7402597402597,9.603553246308205e-07
2694.7368421052633,8.822958034726699e-09
2730.6666666666665,9.427073689996618e-07
2767.5675675675675,5.684020437942292e-07
2805.4794520547944,3.8398240967489534e-07
2844.4444444444443,6.115017532471008e-07
2884.507042253521,2.1666705343244994e-07
2925.714285714286,7.565610506398134e-07
2968.1159420289855,6.57458774495327e-07
3011.764705882353,2.227361871655862e-07
3056.716417910448,7.550755529649551e-07
3103.030303030303,7.391271878649682e-07
3150.769230769231,5.346220427232171e-07
3200.0,6.236563252068042e-07
3250.7936507936506,5.959963004915365e-07
3303.2258064516127,7.361949838438259e-07
3357.3770491803275,6.696930133892491e-07
3413.3333333333335,5.371655156821121e-07
3471.1864406779664,6.765594641061117e-07
3531.0344827586205,8.537392427456915e-07
3592.9824561403507,9.010284018689631e-07
3657.142857142857,7.940003332542167e-07
3723.636363636363,9.375817459955688e-07
3792.592592592593,1.1837995092919117e-06
3864.1509433962265,1.1455254972064428e-06
3938.4615384615386,1.020081247796615e-06
4015.686274509804,1.1053327226481258e-06
4095.9999999999995,1.4896048567025079e-06
4179.591836734694,1.6268553416131559e-06
4266.666666666666,1.0090916173351567e-06
4357.446808510638,3.30818534310001e-07
4452.173913043478,5.702264783061554e-08
4551.111111111111,7.646874390611282e-09
4654.545454545454,5.793055559454617e-09
4762.790697674419,2.226832812730216e-09
4876.190476190475,7.232670439038216e-10
4995.121951219512,4.795259849806239e-10
5120.0,2.430564549864746e-10
5251.282051282051,8.107913910392965e-11
5389.473684210527,4.706187156741671e-11
5535.135135135135,3.287227218771121e-11
5688.888888888889,1.2912714748258262e-11
5851.428571428572,4.355142858356803e-12
6023.529411764706,2.3543288306588333e-12
6206.060606060606,1.1462188087920713e-12
6400.0,2.270340042139641e-13
6606.451612903225,1.0347105027508222e-14
6826.666666666667,1.0089491765895007e-14
7062.068965517241,3.436619409108831e-15
7314.285714285714,2.019345323146366e-15
7585.185185185186,9.408057478290344e-16
7876.923076923077,5.651843180939616e-16
