"Wavelength, nm",Intensity
136.44237175216523,6.319312531695682e-26
136.53333333333333,6.2422564670764e-26
136.62441627751835,7.903608911449614e-26
136.71562082777035,9.561635041753555e-26
136.80694722778892,9.800423551610239e-26
136.89839572192514,1.2771899607397759e-25
136.98996655518394,7.500228198573214e-25
137.08165997322624,5.195593264526538e-23
137.17347622237108,2.9838092571061007e-21
137.26541554959786,8.483177732037053e-20
137.35747820254863,1.3486005297858157e-18
137.4496644295302,1.3944440519773006e-17
137.54197447951645,1.042551708905282e-16
137.63440860215053,6.062141950482776e-16
137.72696704774717,2.885084968936966e-15
137.81965006729476,1.1662819885149646e-14
137.9124579124579,4.117605268741772e-14
138.0053908355795,1.2963323932668778e-13
138.09844908968307,3.6965676406176906e-13
138.19163292847506,9.665810435274217e-13
138.28494260634707,2.3410876768296903e-12
138.37837837837836,5.295749046530522e-12
138.47194050033806,1.1265570318016599e-11
138.5656292286874,2.267177991957681e-11
138.65944482058225,4.338959526561987e-11
138.75338753387533,7.931913653157672e-11
138.84745762711862,1.3903396919235867e-10
138.94165535956583,2.3447340539785985e-10
139.03598099117448,3.816032222728829e-10
139.1304347826087,6.009043177198997e-10
139.22501699524133,9.176142434193519e-10
139.31972789115645,1.3619171273449411e-09
139.4145677331518,1.969376503347192e-09
139.50953678474113,2.7819477951569564e-09
139.60463531015677,3.850493608950309e-09
139.69986357435198,5.240227563187075e-09
139.79522184300342,7.0401008136156844e-09
139.89071038251367,9.376394551248846e-09
139.98632946001365,1.2431426092826007e-08
140.08207934336525,1.6468850819001955e-08
140.17796030116358,2.186471648005648e-08
140.27397260273972,2.9141836113075164e-08
140.37011651816314,3.900490292331904e-08
140.46639231824417,5.237365877025432e-08
140.56280027453673,7.040894280007795e-08
140.65934065934067,9.45186101214168e-08
140.75601374570448,1.2633292368931476e-07
140.85281980742778,1.6764822074544185e-07
140.949759119064,2.2033777989873088e-07
141.04683195592284,2.8622687165799454e-07
141.14403859407307,3.669236415295232e-07
141.24137931034483,4.636125286201565e-07
141.33885438233264,5.768321806615269e-07
141.4364640883978,7.062416853092764e-07
141.53420870767104,8.503899074608237e-07
141.6320885200553,1.006531060262622e-06
141.73010380622836,1.170542432201895e-06
141.8282548476454,1.3369616247956564e-06
141.92654192654192,1.4990957761531276e-06
142.0249653259362,1.6492459111755302e-06
142.1235253296322,1.7791183547681519e-06
142.22222222222223,1.8803172754724395e-06
142.32105628908963,1.9448035331901843e-06
142.42002781641168,1.965335256831978e-06
142.51913709116212,1.9359707171805385e-06
142.6183844011142,1.8526310871306602e-06
142.7177700348432,1.7136068803900944e-06
142.81729428172943,1.5201421352269143e-06
142.91695743196092,1.277398794798455e-06
143.0167597765363,9.958908677053858e-07
143.11670160726763,6.934741711276142e-07
143.21678321678323,3.9809300020550916e-07
143.31700489853043,1.5148311677390246e-07
143.4173669467787,1.3890046171511683e-08
143.5178696566223,6.95855297785816e-08
143.61851332398317,4.3285015701399357e-07
143.71929824561403,1.253937199816995e-06
143.8202247191011,2.724288910637973e-06
143.92129304286718,5.079962539237861e-06
144.0225035161744,8.602331292710777e-06
144.12385643912737,1.3615945978912383e-05
144.22535211267606,2.0482468368470423e-05
144.32699083861874,2.9589753837469936e-05
144.42877291960508,4.133962792359057e-05
144.530698659139,5.613562586365385e-05
144.6327683615819,7.436820631184279e-05
144.73498233215545,9.640769100495635e-05
144.83734087694484,0.00012261300849337217
144.9398443029016,0.00015333841714158328
145.04249291784703,0.00018894942735409758
145.14528703047483,0.00022988692060322337
145.24822695035462,0.0002767226816941831
145.35131298793468,0.0003301688803987948
145.45454545454544,0.000391171766361005
145.55792466240226,0.00046101089155016
145.66145092460883,0.0005411814306464456
145.76512455516016,0.0006333655334631772
145.86894586894587,0.000739565646285722
145.9729151817534,0.0008617249456015922
146.07703281027102,0.0010013011970813122
146.18129907209135,0.0011595479994360506
146.28571428571428,0.0013370225065640414
146.39027877055037,0.0015324341334654597
146.49499284692416,0.0017433271191956085
146.59985683607732,0.001966330378464945
146.7048710601719,0.002195049145260864
146.8100358422939,0.0024210289994305726
146.91535150645623,0.002636321513074639
147.0208183776023,0.0028306239634837806
147.1264367816092,0.0029910873733353127
147.23220704529115,0.003108552136490432
147.33812949640287,0.003175307135474391
147.4442044636429,0.0031808505215894256
147.55043227665706,0.003121069769471481
147.6568132660418,0.0029988797923288122
147.76334776334778,0.0028123633705513244
147.87003610108303,0.002564994392408432
147.97687861271675,0.002277268708701089
148.08387563268258,0.00196484960374033
148.19102749638205,0.0016332812168352831
148.29833454018825,0.0013067569270853083
148.40579710144928,0.0010212815363814835
148.51341551849166,0.0007952192216771022
148.6211901306241,0.0006451065325067974
148.72912127814087,0.0006053702121477574
148.8372093023256,0.0007086736291232657
148.94545454545454,0.0009784356406065426
149.0538573508006,0.0014412593706411246
149.16241806263656,0.0021228898213635087
149.27113702623907,0.0030485049149641197
149.38001458789202,0.0042503193907351584
149.4890510948905,0.00574987580150125
149.59824689554418,0.007542620226054526
149.70760233918128,0.009618939784543173
149.81711777615214,0.01199088438984164
149.9267935578331,0.014676839981042777
150.03663003663004,0.017630838707017604
150.1466275659824,0.020715623900779488
150.25678650036684,0.023842530951682293
150.36710719530103,0.027086276738455817
150.47759000734754,0.030461522933838466
150.58823529411762,0.03366512335154443
150.69904341427517,0.03639693695276629
150.8100147275405,0.038879284868792365
150.92114959469419,0.04149744379548965
151.03244837758112,0.04388374833288353
151.1439114391144,0.04522470837833349
151.25553914327915,0.045801125135265845
151.3673318551367,0.04696640470064971
151.47928994082838,0.04872645644743479
151.59141376757958,0.04905626527041288
151.7037037037037,0.04740629729056222
151.81616011860638,0.0467263810864325
151.92878338278933,0.04878128398188539
152.04157386785448,0.049810043486308395
152.15453194650817,0.046092560307631036
152.26765799256503,0.041844668163743694
152.38095238095235,0.04366705481401407
152.4944154877141,0.04774998583378077
152.6080476900149,0.04369928098869831
152.72184936614468,0.03338064766039154
152.8358208955224,0.03150179991918345
152.9499626587005,0.040365511292007564
153.0642750373692,0.04146450061121428
153.1787584143605,0.026185757438221113
153.29341317365268,0.01571589219556916
153.40823970037454,0.02748565235759329
153.5232383808096,0.04050546999536648
153.6384096024006,0.02737251746201562
153.75375375375376,0.005563283001326778
153.86927122464311,0.012662685410316142
153.98496240601503,0.03873082419538673
154.10082768999246,0.03783846099269107
154.2168674698795,0.009188308795273844
154.33308214016577,0.0036567200783519708
154.4494720965309,0.03416273770483529
154.56603773584905,0.04897508680997409
154.68277945619334,0.024700880963425362
154.79969765684052,0.012265057634541917
154.91679273827532,0.04335037596983375
155.0340651021953,0.06653473535793615
155.15151515151516,0.041507935046920665
155.2691432903715,0.022071388056391465
155.38694992412746,0.06068468663558731
155.50493545937738,0.10087426624021274
155.62310030395136,0.07057637121242671
155.74144486692012,0.02159517053950966
155.8599695585997,0.04887699853158269
155.97867479055597,0.11601328368478808
156.09756097560975,0.1070408168909848
156.21662852784135,0.030106632393414687
156.33587786259542,0.011729386092412707
156.45530939648586,0.08127821450793067
156.5749235474006,0.12051189773614014
156.69472073450652,0.06471953361397775
156.8147013782542,0.004827908254004431
156.93486590038313,0.02676705511755686
157.05521472392638,0.07878728497731763
157.17574827321565,0.07749096252668926
157.29646697388634,0.04100473353862813
157.4173712528824,0.032127797535026786
157.53846153846155,0.049402253705055556
157.65973826020013,0.05562330739498431
157.78120184899845,0.054164061706533206
157.9028527370856,0.06523448076668269
158.02469135802468,0.0734167445429176
158.14671814671814,0.05986790040288112
158.26893353941267,0.04750476186012341
158.39133797370457,0.062307958116954415
158.5139318885449,0.08387047063485838
158.63671572424477,0.07989915528795817
158.7596899224806,0.06027233489342994
158.88285492629947,0.05574544859091371
159.0062111801242,0.06720557072334352
159.12975912975912,0.07295529232848737
159.25349922239502,0.06795432780112201
159.37743190661476,0.0640073937886949
159.50155763239874,0.06392515295628388
159.62587685113016,0.06130345028519109
159.7503900156006,0.05719833274027777
159.87509758001562,0.05723492042163047
160.0,0.05867224109137854
160.12509773260362,0.05508645488067243
160.2503912363067,0.04828914568580801
160.37588097102582,0.044549961562485196
160.5015673981191,0.04402716445252852
160.62745098039213,0.04237880824931512
160.7535321821036,0.038650533580985254
160.87981146897093,0.03508634829889501
161.0062893081761,0.032226723189315354
161.13296616837135,0.029046204896970493
161.25984251968504,0.025821783412785782
161.38691883372735,0.023450530820202275
161.51419558359618,0.021478291256879754
161.64167324388316,0.01907005771370506
161.7693522906793,0.01662299383871972
161.89723320158103,0.014920945547319044
162.0253164556962,0.013827241256229965
162.15360253365006,0.012845606290724584
162.28209191759112,0.012057987748065916
162.41078509119745,0.011753017955583653
162.53968253968253,0.011846749235112386
162.66878474980143,0.01223520020601086
162.79809220985692,0.013098914151613763
162.92760540970565,0.014488946076674173
163.05732484076432,0.016190448115553684
163.18725099601593,0.01813297110122964
163.31738437001593,0.02043222416032187
163.44772545889865,0.023088147938381938
163.57827476038338,0.025996272399782597
163.709032773781,0.029115668935739525
163.84,0.032426431382185664
163.97117694155327,0.035838310023115764
164.1025641025641,0.039258639749909674
164.23416198877305,0.04265598030984251
164.3659711075441,0.045967808982626174
164.49799196787149,0.049086832118683456
164.63022508038586,0.05196901943772264
164.76267095736122,0.05457737606240698
164.89533011272144,0.0568294570700194
165.02820306204674,0.05872485674466648
165.16129032258064,0.060308345084330243
165.29459241323647,0.0615402287933891
165.4281098546042,0.06239497773821169
165.56184316895713,0.06292220230975726
165.6957928802589,0.06314651895046487
165.82995951417004,0.06306074629233464
165.9643435980551,0.06266001679094482
166.09894566098947,0.06193433945135116
166.23376623376623,0.06088887132414177
166.36880584890332,0.05952799676344807
166.5040650406504,0.0578269121961594
166.63954434499593,0.055763865266790454
166.77524429967426,0.05334393899518252
166.9111654441728,0.05059809278005238
167.047308319739,0.04755821116979944
167.18367346938777,0.04424098348475257
167.3202614379085,0.040704826588142014
167.45707277187245,0.03704839623497946
167.59410801963992,0.033348243951990215
167.7313677313677,0.029681955918060582
167.86885245901638,0.026131702696039406
168.00656275635768,0.022775092253183773
168.14449917898193,0.019713963360799586
168.28266228430567,0.017006408440899453
168.42105263157896,0.014664608280043536
168.559670781893,0.012737303564115185
168.6985172981878,0.011235059295091556
168.83759274525966,0.01011488489381372
168.97689768976898,0.009366725466784076
169.11643270024774,0.008960931571243867
169.25619834710741,0.008826644682920241
169.39619520264682,0.008900578821713861
169.53642384105962,0.00912192188590745
169.67688483844242,0.009434988936177259
169.81757877280262,0.009777752331081996
169.95850622406635,0.01009789350216508
170.09966777408638,0.01037005249997954
170.24106400665005,0.010545478452246182
170.3826955074875,0.01059536303795298
170.52456286427974,0.01052886453621439
170.66666666666666,0.010320430136775142
170.8090075062552,0.00997516962955791
170.9515859766277,0.009530520736333753
171.09440267335003,0.008973250116435903
171.23745819397996,0.008325228350051637
171.3807531380753,0.007632832772771133
171.52428810720266,0.006882570579889584
171.66806370494552,0.006104574303430147
171.81208053691276,0.005363226691391502
171.95633921074725,0.004648065614398396
172.10084033613444,0.003955586545634981
172.24558452481077,0.003326374437556125
172.3905723905724,0.0027615448551306172
172.5358045492839,0.00224788840919388
172.681281618887,0.0018007208332346011
172.82700421940928,0.0014266834925972707
172.97297297297297,0.0011165283121780183
173.11918850380385,0.0008645673575997086
173.26565143824024,0.0006633375888316438
173.41236240474177,0.0005037023103238425
173.55932203389833,0.00038204291624362256
173.70653095843934,0.00029342334588625693
173.85398981324278,0.0002280613459830842
174.0016992353441,0.00017956086818953862
174.14965986394557,0.00014640186771130753
174.2978723404255,0.00012516921061285903
174.44633730834755,0.00010983795338940156
174.59505541346974,9.701765093861842e-05
174.74402730375425,8.693792798186945e-05
174.8932536293766,7.981112841103785e-05
175.04273504273505,7.390583695692459e-05
175.1924721984602,6.711053512498051e-05
175.34246575342465,5.957082334331381e-05
175.49271636675235,5.315948548045946e-05
175.6432246998285,4.796687196400677e-05
175.79399141630904,4.248508525364834e-05
175.94501718213058,3.675245834324128e-05
176.0963026655202,3.1542266897406496e-05
176.24784853700515,2.648839717249606e-05
176.3996554694229,2.16841973314882e-05
176.55172413793102,1.8122995723312298e-05
176.70405522001724,1.5740151016952346e-05
176.85664939550952,1.3635504507803651e-05
177.00950734658602,1.1751023807185349e-05
177.16262975778545,1.0408459952100962e-05
177.3160173160173,9.196267128115041e-06
177.46967071057193,7.857844406814175e-06
177.62359063313096,6.935136646272898e-06
177.77777777777777,6.591706541056785e-06
177.93223284100782,6.2353483281418494e-06
178.08695652173913,5.559212661332958e-06
178.24194952132288,4.973172943780727e-06
178.397212543554,4.867870617161153e-06
178.55274629468178,4.905701214352827e-06
178.70855148342056,4.5941502820158715e-06
178.86462882096066,4.155419710616375e-06
179.02097902097898,3.951683004240438e-06
179.17760279965006,3.7890789071050347e-06
179.33450087565674,3.445399886213948e-06
179.4916739702016,2.9943883321864676e-06
179.64912280701753,2.581198779729001e-06
179.80684811237927,2.359951971869842e-06
179.96485061511424,2.228691425184966e-06
180.12313104661388,1.9015748156184143e-06
180.28169014084506,1.5046443015727055e-06
180.44052863436124,1.3468158954274686e-06
180.59964726631395,1.2855489291303922e-06
180.75904677846424,1.0923609025098183e-06
180.91872791519435,8.879941057256889e-07
181.07869142351902,7.847475598901034e-07
181.23893805309734,7.004036634764773e-07
181.39946855624444,6.008896744416707e-07
181.56028368794324,5.283611603883592e-07
181.72138420585628,4.5969327358670803e-07
181.88277087033748,3.6059047201956497e-07
182.04444444444445,2.7932775871484395e-07
182.20640569395016,2.619916042098122e-07
182.3686553873553,2.6197830615184973e-07
182.53119429590015,2.2945309237794208e-07
182.69402319357712,2.0626668789728482e-07
182.85714285714286,1.9956266021648914e-07
183.0205540661305,1.5534697441142238e-07
183.18425760286226,1.044585670926098e-07
183.34825425246197,8.13246713687895e-08
183.51254480286738,6.317335443228178e-08
183.67713004484304,4.7832668627349356e-08
183.84201077199282,5.5123354349907666e-08
184.00718778077265,7.01478726227456e-08
184.1726618705036,6.654634140759981e-08
184.33843384338437,5.7464200086195795e-08
184.5045045045045,4.164852866580083e-08
184.67087466185754,2.378124573290074e-08
184.83754512635377,2.017586863089481e-08
185.0045167118338,1.7442238702686772e-08
185.17179023508135,1.2107421799897692e-08
185.33936651583707,1.7036787626221987e-08
185.5072463768116,1.5228477062649408e-08
185.675430643699,5.100548289059674e-09
185.84392014519057,2.4256017019015365e-09
186.01271571298818,2.68940901302861e-09
186.1818181818182,7.444851040828278e-10
186.3512283894449,8.722086378564163e-09
186.52094717668484,2.3814393547464377e-08
186.69097538742025,1.552112218496401e-08
186.86131386861314,6.522290883006341e-09
187.03196347031962,1.1591404052877649e-08
187.20292504570384,7.730663668087825e-09
187.37419945105214,1.6250584132493467e-09
187.54578754578753,3.882024667088947e-09
187.71769019248396,2.6712112094610113e-09
187.88990825688072,1.5049260398475033e-09
188.06244260789717,1.0762215363528407e-08
188.23529411764707,1.1802901751229075e-08
188.40846366145354,1.167918963981324e-09
188.5819521178637,7.97167998969628e-09
188.75576036866357,2.0118237513598475e-08
188.92988929889296,1.6048212270114357e-08
189.10433979686056,9.219276548330749e-09
189.27911275415894,8.679390921091304e-09
189.45420906567992,1.2021510665737616e-08
189.62962962962962,1.0772188710158633e-08
189.80537534754404,7.049259475920013e-09
189.98144712430428,6.47541054341185e-09
190.15784586815226,4.527563267823112e-09
190.3345724907063,1.031888028996295e-08
190.51162790697674,1.1746869895094894e-08
190.68901303538178,1.0189496840391642e-10
190.8667287977633,1.091922288170023e-08
191.044776119403,1.0517466981468199e-08
191.22315592903828,3.4812817457901134e-10
191.4018691588785,2.7876935657071386e-10
191.5809167446211,8.716226994982708e-10
191.76029962546815,1.4758000477844683e-09
191.94001874414244,6.238316503050496e-10
192.12007504690433,2.3823656498319018e-09
192.3004694835681,1.4080942963975512e-08
192.48120300751881,1.295549334423267e-08
192.66227657572907,1.4884627683893807e-09
192.8436911487759,1.5320381476497855e-09
193.02544769085767,1.981965194294309e-09
193.2075471698113,1.4023151272929571e-09
193.38999055712932,8.858547361068384e-09
193.57277882797732,4.4509039765935575e-10
193.75591296121098,9.397841921129816e-09
193.93939393939394,3.198648112352835e-09
194.12322274881518,4.6354263298645024e-09
194.30740037950665,3.119690515719035e-09
194.49192782526114,3.0817731464893602e-09
194.67680608365018,2.5997099086796383e-09
194.86203615604185,4.982518325340396e-09
195.04761904761907,8.479879636686193e-09
195.23355576739752,3.0677955300113963e-09
195.4198473282443,3.0095305793319786e-09
195.6064947468959,1.4934947686351544e-09
195.79349904397705,1.795332732255615e-09
195.9808612440191,1.3222738814704692e-09
196.1685823754789,4.902116418773271e-10
196.35666347075744,8.100838918247226e-09
196.5451055662188,1.518118744793632e-08
196.73390970220942,1.2987680591443206e-08
196.92307692307693,1.4012792799837134e-08
197.1126082771896,3.021563062997058e-09
197.30250481695566,3.443630422751199e-10
197.4927675988428,1.6702279212713687e-09
197.68339768339766,1.6451585798648536e-09
197.8743961352657,2.425036662863316e-09
198.06576402321085,5.981213452494471e-10
198.25750242013552,1.7876988353458467e-09
198.44961240310076,6.503822020060279e-10
198.64209505334625,3.850867412799397e-10
198.83495145631065,2.491952355487582e-09
199.02818270165207,6.263959303173074e-09
199.22178988326846,1.1889132102089136e-09
199.4157740993184,8.219145109766445e-10
199.61013645224173,2.297199631524081e-09
199.8048780487805,3.0173858256555846e-11
200.0,1.3110849517817986e-09
200.19550342130987,8.031229483646558e-10
200.3913894324853,2.623000137575398e-09
200.58765915768853,2.816239681708547e-09
200.78431372549022,8.156181582180801e-09
200.9813542688911,5.447311413155482e-09
201.17878192534383,2.8786318480110506e-09
201.37659783677483,4.295588111057308e-09
201.5748031496063,2.0678232083895505e-09
201.77339901477833,2.087151635022763e-09
201.9723865877712,2.4581514462892064e-09
202.1717670286278,2.518640192657726e-09
202.3715415019763,4.4142690447296297e-10
202.57171117705244,3.571763774159577e-10
202.77227722772278,8.452932759402292e-10
202.97324083250743,4.569404333024065e-10
203.17460317460316,1.6920600112075382e-09
203.37636544190661,3.727424339368365e-09
203.57852882703776,2.0218238454140234e-09
203.78109452736314,1.7418241744379756e-09
203.98406374501994,2.266412733520664e-09
204.1874376869392,3.3991357888139462e-09
204.39121756487026,3.7722743014659315e-09
204.5954045954046,2.020455751549079e-09
204.79999999999998,2.2978281317166097e-09
205.005005005005,2.1370856728723636e-09
205.21042084168334,6.815581775500124e-10
205.41624874623875,9.851798388822151e-10
205.62248995983938,1.7734671327591462e-09
205.8291457286432,3.0575761415839788e-09
206.03621730382292,1.2347879619293978e-09
206.24370594159112,7.243666388416791e-09
206.4516129032258,1.4615551931714347e-08
206.65993945509584,6.179062208248071e-09
206.86868686868684,2.5627155016819323e-10
207.07785642062692,8.288102053737769e-10
207.28744939271257,2.1819855283706295e-09
207.49746707193518,2.5682455954692865e-09
207.7079107505071,1.8954167795649623e-09
207.9187817258883,3.6452840920960966e-09
208.130081300813,4.916424850850163e-09
208.34181078331636,2.7564445516494633e-09
208.55397148676167,2.4246036240716887e-09
208.7665647298675,1.5012872128418155e-10
208.9795918367347,4.826518103083787e-09
209.19305413687437,3.3032078319850286e-09
209.40695296523518,2.530010904921383e-09
209.6212896622313,7.612101066856437e-10
209.83606557377047,3.8341879144990316e-10
210.05128205128204,2.7939437733386766e-10
210.26694045174537,2.732402862087732e-09
210.48304213771837,6.518007507689722e-10
210.69958847736626,3.401997002507102e-09
210.91658084449023,3.8861054581237265e-09
211.1340206185567,2.6497491973154615e-09
211.3519091847265,2.3356921827299827e-09
211.5702479338843,6.170274309647557e-10
211.78903826266804,5.368109757440971e-10
212.00828157349895,1.8692017935558907e-09
212.22797927461139,3.092006874031998e-09
212.448132780083,7.607644872067737e-10
212.668743509865,6.749916143342954e-10
212.88981288981287,8.667505393561957e-10
213.11134235171693,1.3285678204573568e-10
213.33333333333334,2.1270737270360396e-10
213.555787278415,8.214247425443053e-10
213.7787056367432,1.7606600404648604e-09
214.00208986415882,5.952825275262497e-09
214.22594142259413,1.6446811820185336e-08
214.4502617801047,6.8429899780363726e-09
214.67505241090146,2.2154118613234796e-10
214.900314795383,6.493689282472567e-10
215.12605042016807,1.0252458789434703e-09
215.35226077812828,2.003125040425614e-10
215.57894736842104,2.779894009335939e-09
215.80611169652263,2.3128933643396417e-09
216.03375527426158,5.803879611942876e-10
216.26187961985215,5.241031648038507e-09
216.49048625792813,4.279221510813452e-09
216.7195767195767,1.1552960431770457e-09
216.9491525423729,1.119349488687378e-09
217.17921527041358,7.89589329265099e-09
217.40976645435242,5.2746338805909746e-09
217.64080765143464,2.4980900282161086e-10
217.87234042553192,1.5899831406805466e-09
218.10436634717786,3.0353277122997013e-10
218.33688699360337,4.311092487808213e-10
218.5699039487727,1.4505221964839157e-10
218.80341880341882,9.019698183846151e-10
219.0374331550802,7.653960583082089e-10
219.27194860813702,1.11970527826001e-09
219.5069667738478,2.92363071137523e-09
219.74248927038627,1.6007544722621375e-09
219.97851772287862,7.913941019325542e-10
220.21505376344086,3.567681353340141e-09
220.45209903121636,2.0743406738355662e-08
220.68965517241378,4.631989752624901e-08
220.92772384034518,4.067377477406865e-08
221.16630669546436,2.0015384264040218e-08
221.4054054054054,1.6879559429768174e-08
221.64502164502164,2.8189572534584733e-08
221.88515709642468,3.470125166385569e-08
222.12581344902384,3.154599457994714e-08
222.36699239956567,3.019319543689319e-08
222.6086956521739,3.810199249795262e-08
222.85092491838955,2.4458770474090704e-08
223.09368191721134,3.171360682562051e-09
223.3369683751363,1.5258237193712848e-08
223.58078602620085,7.691891689389165e-08
223.82513661202185,2.1138276278097464e-07
224.07002188183807,5.610990264369621e-07
224.31544359255204,1.2339768557583464e-06
224.56140350877192,2.3574377760928233e-06
224.80790340285398,4.436732864786507e-06
225.05494505494505,8.198500724859576e-06
225.30253025302528,1.4248381771207932e-05
225.55066079295153,2.3156171469375777e-05
225.79933847850054,3.619787974204957e-05
226.0485651214128,5.539474895713161e-05
226.29834254143645,8.305162061225602e-05
226.54867256637166,0.00012288467830695935
226.79955703211516,0.0001779714725555036
227.0509977827051,0.00025152769600504665
227.30299667036624,0.0003532689223136828
227.55555555555554,0.0004933209132193029
227.80867630700777,0.0006774159394329691
228.06236080178175,0.0009204431627181511
228.31661092530658,0.0012534029228666408
228.57142857142856,0.0017093017750199277
228.82681564245812,0.0023212143529842758
229.082774049217,0.003161933841672696
229.33930571108624,0.004344914848045874
229.59641255605382,0.006004454544298935
229.8540965207632,0.008354070438860146
230.1123595505618,0.011702407002735062
230.37120359955006,0.016466401161651177
230.6306306306306,0.023241480286533847
230.89064261555805,0.03281696556875813
231.1512415349887,0.046264000993086044
231.41242937853107,0.06501265776729
231.67420814479635,0.09087519886283159
231.9365798414496,0.12609369486082697
232.19954648526078,0.17342802851595857
232.46311010215663,0.23636764484770512
232.7272727272727,0.3189631421132318
232.9920364050057,0.4258781646752735
233.25740318906605,0.5626589360477456
233.52337514253134,0.735162330502757
233.78995433789953,0.9499548422996815
234.05714285714288,1.2146520689384526
234.32494279176203,1.5370424457342478
234.59335624284074,1.925469654254723
234.8623853211009,2.3890410243560845
235.13203214695753,2.9381676014961884
235.4022988505747,3.5850438412956724
235.67318757192174,4.3435249654839945
235.9447004608295,5.231241835804883
236.2168396770473,6.269945196042009
236.48960739030022,7.487676884911178
236.76300578034682,8.921165106050834
237.03703703703707,10.613629364517974
237.3117033603708,12.619557726706066
237.58700696055683,15.005335497429998
237.862950058072,17.844881578679498
238.13953488372093,21.2205290726031
238.41676367869616,25.21686847616547
238.69463869463866,29.917767079238356
238.97316219369893,35.395631271989586
239.25233644859816,41.69567502402423
239.53216374269007,48.83386150544876
239.81264637002343,56.77778159950194
240.0937866354044,65.43404544928245
240.37558685446012,74.64023293250108
240.65804935370153,84.15160104626051
240.94117647058823,93.65662210588317
241.2249705535924,102.76929144737828
241.50943396226415,111.04168431010027
241.79456906729635,118.01069569231696
242.080378250591,123.21012616083969
242.3668639053254,126.22018129716125
242.65402843601896,126.71140093355424
242.94187425860022,124.47964116070497
243.23040380047507,119.50478251466448
243.51961950059456,111.94259890953602
243.80952380952382,102.14151127541705
244.1001191895113,90.64572931057384
244.39140811455846,78.1301466539527
244.68339307048984,65.36114902160834
244.97607655502392,53.10918768237178
245.2694610778443,42.06999539522414
245.56354916067144,32.79485703369551
245.85834333733493,25.59649201636404
246.15384615384616,20.534472916154495
246.4500601684717,17.403022674227163
246.7469879518072,15.762651380260174
247.04463208685164,15.025233330441468
247.34299516908212,14.538422952229421
247.6420798065296,13.729499385990557
247.9418886198547,12.212283344925877
248.24242424242422,9.87464436366703
248.54368932038832,6.9384406573249375
248.8456865127582,3.9307332523195355
249.14841849148416,1.6201632933733445
249.45188794153472,0.8739263755088676
249.75609756097558,2.482037745295653
250.06105006105005,6.98409642126416
250.36674816625916,14.509450830166685
250.6731946144431,24.6762925380289
250.98039215686276,36.59034449003154
251.2883435582822,48.95649792140403
251.5970515970516,60.230605121465544
251.90651906519062,68.91653608686214
252.21674876847288,73.85394211400695
252.52774352651045,74.38954140306299
252.8395061728395,70.59100875554952
253.15203955500616,63.25316507289778
253.46534653465346,53.77372789910735
253.7794299876084,43.957969170534994
254.09429280397023,35.60921771923877
254.40993788819875,30.203506964061326
254.726368159204,28.612776287552098
255.04358655043586,30.864182243062338
255.36159600997507,36.16259672423111
255.6803995006242,43.090613684516114
255.99999999999997,49.84926318625725
256.3204005006258,54.6547560645204
256.64160401002505,56.25255628362947
256.9636135508155,54.1225292422707
257.286432160804,48.56153796332366
257.61006289308176,40.68709976541696
257.9345088161209,32.01451817016248
258.2597730138714,24.045263002471923
258.5858585858586,17.947478078583817
258.91276864728195,14.217512977289095
259.24050632911394,12.686915901796903
259.5690747782003,12.782406754760032
259.8984771573604,13.658812128815283
260.22871664548916,14.331228089521643
260.55979643765903,14.050789834838104
260.89171974522293,12.529682646540891
261.2244897959184,9.92722887233978
261.5581098339719,6.844935342328846
261.89258312020456,4.147473549931091
262.2279129321382,2.61384076087501
262.56410256410254,2.635832231471686
262.9011553273428,4.124815210406553
263.2390745501285,6.444654272334413
263.5778635778636,8.695328942899241
263.91752577319585,10.568344986254246
264.258064516129,12.321503990068724
264.59948320413434,13.989324527037933
264.9417852522639,15.462545974417942
265.2849740932642,16.994667665499822
265.6290531776913,18.98128105063389
265.974025974026,21.635521708134196
266.3198959687906,25.035714885009227
266.66666666666663,29.00737031283983
267.01434159061273,33.04946397576075
267.3629242819843,36.60272255685889
267.7124183006536,39.182991873822026
268.0628272251309,40.3553980512859
268.41415465268676,40.14574556538956
268.76640419947506,39.4529878737985
269.119579500657,39.21796197588504
269.47368421052636,39.46905392711615
269.82872200263506,39.69391181934167
270.1846965699208,39.529904483137535
270.5416116248349,38.77675326168271
270.8994708994709,37.25529795226817
271.25827814569533,34.953057792912006
271.6180371352785,32.02609529260521
271.97875166002655,28.698758045477128
272.3404255319149,25.253689247970737
272.70306258322233,21.95460793160008
273.06666666666666,19.03202568935353
273.4312416555407,16.68431639515635
273.7967914438503,14.862507699259876
274.1633199464525,13.276092957078268
274.5308310991957,11.80742245582316
274.8993288590604,10.614709376031593
275.26881720430106,9.835485409640603
275.6393001345895,9.54656449199789
276.010781671159,9.873544582242983
276.3832658569501,10.9013107834533
276.7567567567567,12.618010001841657
277.1312584573748,14.965146200876907
277.50677506775065,17.83045954715447
277.88331071913166,21.05200190498412
278.2608695652174,24.443026324964002
278.6394557823129,27.791528792541605
279.01907356948226,30.88718427748693
279.39972714870396,33.50792406064423
279.78142076502735,35.39783719259171
280.1641586867305,36.35763093656402
280.54794520547944,36.290114174052356
280.93278463648835,35.16380028388222
281.31868131868134,33.0537948947018
281.70563961485556,30.14086321203491
282.0936639118457,26.62806769566709
282.48275862068965,22.743832845408793
282.8729281767956,18.7446066652318
283.2641770401106,14.850682323115976
283.6565096952908,11.244640838893295
284.0499306518724,8.082410609319345
284.44444444444446,5.457588072286039
284.84005563282335,3.4054956463203006
285.2367688022284,1.9226899364789773
285.63458856345886,0.9610733401313437
286.0335195530726,0.4418516082219026
286.43356643356645,0.2745595954564883
286.8347338935574,0.36231814005008794
287.23702664796633,0.6130740137259492
287.6404494382022,0.9458926234302131
288.0450070323488,1.2936964499822854
288.4507042253521,1.6093432516299506
288.85754583921016,1.8611432356897408
289.2655367231638,2.0305062541186465
289.6746817538897,2.1155537899565027
290.08498583569406,2.1227479660834763
290.49645390070924,2.0615112206350874
290.9090909090909,1.9481178241185897
291.32290184921766,1.7998313443961917
291.73789173789174,1.629864071400438
292.15406562054204,1.451828617653207
292.57142857142856,1.277490390660459
292.9899856938483,1.11296962806193
293.4097421203438,0.9629318989992119
293.83070301291247,0.8310840250110937
294.2528735632184,0.7174171601344119
294.67625899280574,0.620782933395946
295.1008645533141,0.5402509241856429
295.52669552669556,0.4734049906218292
295.9537572254335,0.4176730065948416
296.3820549927641,0.37137850697500085
296.81159420289856,0.33238214071837596
297.2423802612482,0.29866244387677515
297.6744186046512,0.2692323302483938
298.1077147016012,0.24309667492037665
298.54227405247815,0.21924311976624686
298.978102189781,0.1973341374890372
299.41520467836256,0.17711039284306518
299.8535871156662,0.15823574640606047
300.2932551319648,0.14071933637851747
300.73421439060206,0.12452644042907185
301.17647058823525,0.10950331851833135
301.620029455081,0.09575639537820844
302.06489675516224,0.08332249191915252
302.5110782865583,0.07202492058374153
302.95857988165676,0.0618783784153248
303.4074074074074,0.05293425102940576
303.85756676557867,0.045029394448988604
304.30906389301634,0.038063407888563806
304.7619047619047,0.03203226235807823
305.2160953800298,0.02682712863467826
305.6716417910448,0.022341116643625068
306.1285500747384,0.018527886728543018
306.58682634730536,0.015296927834392689
307.0464767616192,0.012565051209321053
307.5075075075075,0.01028838491251244
307.96992481203006,0.008390275583708024
308.433734939759,0.006800673734752833
308.8989441930618,0.005493011312184975
309.3655589123867,0.004424252346368764
309.83358547655064,0.0035426838083831426
310.3030303030303,0.0028255272405881787
310.7738998482549,0.002248900189259281
311.2462006079027,0.0017811330922033893
311.7199391171994,0.001405465136720259
312.1951219512195,0.0011069070647278425
312.67175572519085,0.0008667703460462459
313.1498470948012,0.0006761388412075389
313.6294027565084,0.0005273352019485304
314.11042944785277,0.0004085752732986734
314.5929339477727,0.00031449729042253683
315.0769230769231,0.00024247805588367813
315.5624036979969,0.00018627763238561953
316.04938271604937,0.00014221733405702522
316.53786707882534,0.00010904526541105458
317.0278637770898,8.315614911543898e-05
317.5193798449612,6.222935895750122e-05
318.0124223602484,4.67856966091285e-05
318.50699844479004,3.5794716738498945e-05
319.0031152647975,2.6974974543564218e-05
319.5007800312012,1.9851516524991815e-05
320.0,1.4782235264330795e-05
320.5007824726134,1.119204948570554e-05
321.0031347962382,8.28375862779583e-06
321.5070643642072,5.9397869793206475e-06
322.0125786163522,4.339597239162332e-06
322.5196850393701,3.278034969389384e-06
323.02839116719235,2.38583485319848e-06
323.5387045813586,1.6659574409918665e-06
324.0506329113924,1.235006541560489e-06
324.56418383518223,9.371663807191697e-07
325.07936507936506,6.443011094070325e-07
325.59618441971384,4.5092690584567957e-07
326.11464968152865,3.597371086413803e-07
326.63476874003186,2.629796058987017e-07
327.15654952076676,1.7219856315938227e-07
327.68,1.3273788924421874e-07
328.2051282051282,1.0086649468590513e-07
328.7319422150882,5.329840977378363e-08
329.2604501607717,2.7343549149682946e-08
329.7906602254429,2.1992525278801528e-08
330.3225806451613,1.7059985844319302e-08
330.8562197092084,1.152088618295649e-08
331.3915857605178,1.035030403490367e-08
331.9286871961102,9.586752557937175e-09
332.46753246753246,7.120909126968016e-09
333.0081300813008,5.05900466148988e-09
333.5504885993485,3.768978538882471e-09
334.094616639478,1.5820560912637158e-09
334.640522875817,1.0100895706454394e-09
335.18821603927984,1.5927877679648144e-09
335.73770491803276,3.0714138313858084e-10
336.28899835796386,6.454293269227846e-10
336.8421052631579,1.2565945921893102e-09
337.3970345963756,3.3694175877214484e-10
337.95379537953795,1.1369368433430838e-10
338.51239669421483,1.361666485029539e-10
339.07284768211923,1.0281400569366122e-10
339.63515754560524,2.3948327116861846e-10
340.19933554817277,6.11402143066853e-10
340.765391014975,1.4310221901311257e-10
341.3333333333333,5.694025906372463e-10
341.9031719532554,4.1916848869854495e-10
342.4749163879599,3.944745450627806e-10
343.04857621440533,1.5173637238352618e-09
343.6241610738255,1.2477689581922452e-09
344.2016806722689,7.292709418320966e-10
344.7811447811448,3.209330005303485e-10
345.362563237774,2.0397293746364327e-10
345.94594594594594,1.5313929132486809e-09
346.5313028764805,1.6880279638355718e-09
347.11864406779665,2.6717380089564156e-11
347.70797962648555,1.9975652851956807e-10
348.29931972789115,1.2796062374503165e-10
348.8926746166951,3.5366715642579263e-10
349.4880546075085,7.580069214390264e-11
350.0854700854701,1.831167395624223e-10
350.6849315068493,1.0349113538770824e-10
351.286449399657,8.953359761936525e-10
351.89003436426117,4.745830582136105e-12
352.4956970740103,1.0970094627884844e-09
353.10344827586204,4.069448143319329e-10
353.71329879101904,5.288837166651219e-12
354.3252595155709,1.1401209100975853e-10
354.93934142114387,1.0734389892255274e-10
355.55555555555554,2.9263464606098514e-10
356.17391304347825,3.200721615119846e-10
356.794425087108,3.6483245576547186e-11
357.4171029668411,7.832748591182897e-10
358.04195804195797,8.967711256352884e-10
358.6690017513135,1.1576753273746987e-09
359.29824561403507,4.1205078820283317e-10
359.9297012302285,1.9927033506333789e-10
360.5633802816901,4.1989833058589934e-10
361.1992945326279,2.1458130220795423e-09
361.8374558303887,7.437511590601261e-10
362.4778761061947,8.742472825878495e-10
363.1205673758865,2.5232129758074245e-10
363.76554174067496,2.2469295164531695e-10
364.4128113879003,8.661220590780494e-10
365.0623885918003,7.783713827153296e-10
365.7142857142857,1.8933348484392785e-09
366.3685152057245,1.0847193643471156e-09
367.02508960573476,3.85386024920664e-11
367.68402154398564,3.1440940734632835e-10
368.3453237410072,1.0589730981926625e-10
369.009009009009,9.537234094556426e-10
369.67509025270755,6.491142670695847e-10
370.3435804701627,7.491383449005132e-10
371.0144927536232,3.1893748909989615e-10
371.68784029038113,4.293973967107948e-10
372.3636363636364,7.702337555673316e-11
373.0418943533697,2.1422674149869235e-10
373.7226277372263,5.41234934507732e-10
374.4058500914077,5.703798579709622e-10
375.09157509157507,5.074208492351262e-11
375.77981651376143,5.874856692730955e-10
376.47058823529414,5.313722986349899e-10
377.1639042357274,2.3033849115272677e-10
377.8597785977859,5.206777391634504e-10
378.5582255083179,4.1832502336812104e-10
379.25925925925924,2.918609164440753e-10
379.96289424860856,1.2347381341983142e-10
380.6691449814126,9.655718466569606e-11
381.37802607076355,3.272870635233374e-10
382.089552238806,3.7156016556202783e-10
382.803738317757,2.308851373496368e-10
383.5205992509363,4.707568655311186e-10
384.24015009380867,1.1629392476841973e-09
384.96240601503763,5.366904638936389e-10
385.6873822975518,6.550100672308849e-10
386.4150943396226,7.432451710669843e-10
387.14555765595463,4.674346471022891e-10
387.8787878787879,5.003443877199631e-10
388.6148007590133,4.4827904360789304e-10
389.35361216730035,1.254756309154387e-10
390.09523809523813,4.2330151094556467e-10
390.8396946564886,2.6875375156452076e-11
391.5869980879541,3.148181216735918e-10
392.3371647509578,6.18514871564679e-10
393.0902111324376,6.448998310987249e-10
393.84615384615387,6.637040928593187e-11
394.6050096339113,1.8025238178947792e-10
395.3667953667953,1.8206472304572691e-10
396.1315280464217,2.101898366093293e-10
396.8992248062015,2.864504406285833e-10
397.6699029126213,5.084369856871223e-10
398.4435797665369,5.333063598487801e-10
399.22027290448347,3.431380730221946e-10
400.0,3.3919542110378743e-10
400.7827788649706,3.5085242401406354e-11
401.56862745098044,3.905848821643697e-10
402.35756385068765,1.006031454011239e-09
403.1496062992126,9.641912841635078e-10
403.9447731755424,4.796733105254297e-10
404.7430830039526,2.6611838799542733e-10
405.54455445544556,5.429411785323802e-10
406.3492063492063,4.895028421099492e-11
407.1570576540755,6.486862592659938e-10
407.9681274900399,4.749163056553063e-10
408.7824351297405,1.200402613121559e-11
409.59999999999997,6.545989157175264e-10
410.4208416833667,9.311704471967781e-10
411.24497991967877,1.7883998956740019e-10
412.07243460764585,1.0324358998115523e-09
412.9032258064516,1.984841788220955e-11
413.7373737373737,3.49203115347189e-10
414.57489878542515,2.0873336707574617e-10
415.4158215010142,1.6759882803969595e-09
416.260162601626,7.068418659978509e-10
417.10794297352334,9.92633632718365e-11
417.9591836734694,5.039938458719466e-10
418.81390593047036,4.459102705516302e-10
419.67213114754094,1.1702193677312387e-10
420.53388090349074,8.883917525453018e-11
421.3991769547325,7.193497329958623e-10
422.2680412371134,1.0056350698086413e-09
423.1404958677686,5.6278658563256915e-11
424.0165631469979,1.3362372947897883e-10
424.896265560166,5.658210250537595e-10
425.77962577962575,1.0094202015907304e-09
426.6666666666667,1.1190922964990245e-09
427.5574112734864,3.588581917193063e-10
428.45188284518827,1.398115232050126e-09
429.3501048218029,4.076068742825513e-10
430.25210084033614,1.1256557810579585e-11
431.1578947368421,1.0279237967130771e-09
432.06751054852316,2.5365512266899853e-09
432.98097251585625,7.894437544184609e-10
433.8983050847458,3.0589084557831475e-10
434.81953290870484,1.2344647841093933e-09
435.74468085106383,8.322731882492971e-10
436.67377398720674,1.3613559197735272e-09
437.60683760683764,4.9369387197533014e-09
438.54389721627405,3.291426773904371e-09
439.48497854077254,7.649850799099587e-10
440.4301075268817,2.8991218093244067e-09
441.37931034482756,3.272001140126037e-09
442.3326133909287,3.868595201805116e-10
443.2900432900433,1.3686898387766783e-09
444.2516268980477,4.831638889982427e-09
445.2173913043478,4.427255245885219e-09
446.1873638344227,4.540992976990739e-09
447.1615720524017,2.2326066800360972e-09
448.14004376367615,1.737531272019983e-09
449.12280701754383,3.806026042910525e-09
450.1098901098901,3.739797342687204e-09
451.10132158590307,4.04965897618857e-09
452.0971302428256,6.982727187954875e-09
453.0973451327433,5.858944711741128e-09
454.1019955654102,3.5682723603323553e-09
455.1111111111111,3.949931596003714e-09
456.1247216035635,3.334863090742966e-09
457.1428571428571,4.560805239843357e-09
458.165548098434,4.307653486584047e-09
459.19282511210764,1.8389199665412813e-09
460.2247191011236,4.788079202312372e-09
461.2612612612612,6.357151995244776e-09
462.3024830699774,2.1052531319746638e-09
463.3484162895927,3.5235233652447456e-09
464.39909297052156,5.431153790573382e-09
465.4545454545454,1.7948387377528778e-09
466.5148063781321,5.8112718731581435e-09
467.57990867579906,8.076429166095336e-09
468.64988558352405,2.5180534601581347e-09
469.7247706422018,5.103924576549429e-09
470.8045977011494,8.778294021909656e-09
471.889400921659,2.194738386738092e-09
472.97921478060044,7.238001830758887e-09
474.07407407407413,8.185531311316561e-09
475.17401392111367,2.0049471005671482e-09
476.27906976744185,4.9129183648169574e-09
477.3892773892773,8.419236823625255e-09
478.5046728971963,3.034462428612613e-09
479.62529274004686,9.522811470476979e-09
480.75117370892025,1.3162520178613675e-08
481.88235294117646,4.119018019625292e-09
483.0188679245283,9.034012507363905e-09
484.160756501182,1.1851962818743693e-08
485.3080568720379,3.6762919888190304e-09
486.46080760095015,1.4601994640385737e-08
487.61904761904765,2.1391203551982372e-08
488.7828162291169,5.594117302013094e-09
489.95215311004785,3.592803608537511e-08
491.1270983213429,2.1402615248566265e-08
492.3076923076923,2.128914242289489e-09
493.4939759036144,4.8657491524805915e-08
494.68599033816423,2.1883400399536772e-08
495.8837772397094,1.500767402752004e-09
497.08737864077665,9.496110979965664e-08
498.29683698296833,2.886573305860615e-08
499.51219512195115,3.2732367291132935e-10
500.7334963325183,1.489098795355697e-07
501.9607843137255,3.607225960617831e-08
503.1941031941032,4.6909137477078e-09
504.43349753694577,2.553816828895016e-07
505.679012345679,3.909827471857113e-08
506.9306930693069,3.016098295976264e-08
508.18858560794047,3.9551139926742817e-07
509.452736318408,5.37423924140122e-08
510.72319201995015,1.3163604767548033e-07
511.99999999999994,5.734316171141302e-07
513.2832080200501,4.578429093980486e-08
514.572864321608,3.5677352609774645e-07
515.8690176322418,7.995195340815279e-07
517.1717171717172,2.8854478954361304e-08
518.4810126582279,7.884410660429737e-07
519.7969543147208,1.1643809091847528e-06
521.1195928753181,2.66355905044069e-09
522.4489795918367,1.6337897485771244e-06
523.7851662404091,1.4652059578646018e-06
525.1282051282051,5.265939843981208e-08
526.478149100257,3.2024169224000022e-06
527.8350515463917,1.6217324178770025e-06
529.1989664082687,2.814241120174822e-07
530.5699481865284,5.811969931340972e-06
531.948051948052,1.646278206263821e-06
533.3333333333333,1.0954962965627467e-06
534.7258485639686,9.22880072369648e-06
536.1256544502618,1.795562462944128e-06
537.5328083989501,3.7438562549643307e-06
538.9473684210527,1.2983814982379946e-05
540.3693931398416,1.6825427427614045e-06
541.7989417989418,9.59628299609926e-06
543.236074270557,1.8318355480044692e-05
544.6808510638298,6.466973633207302e-07
546.1333333333333,1.852806897569762e-05
547.5935828877006,2.683997227820277e-05
549.0616621983914,4.484434011188036e-07
550.5376344086021,3.362032204874497e-05
552.021563342318,3.450454547257434e-05
553.5135135135134,3.5938895279159897e-06
555.0135501355013,6.636215078232638e-05
556.5217391304348,3.287381882242316e-05
558.0381471389645,9.1016735367615e-06
559.5628415300547,0.00012675975948566587
561.0958904109589,2.4788732550206358e-05
562.6373626373627,2.2613016074563825e-05
564.1873278236914,0.00020324679344633747
565.7458563535912,2.097107803813961e-05
567.3130193905816,7.34447739500641e-05
568.8888888888889,0.0002721220675346548
570.4735376044569,1.7952426208686156e-05
572.0670391061452,0.00019727165455197602
573.6694677871149,0.00034386881497846465
575.2808988764044,6.114727682884435e-06
576.9014084507043,0.000403865768639225
578.5310734463276,0.0004397379133017315
580.1699716713881,1.6958100080227416e-05
581.8181818181818,0.0007257016352835623
583.4757834757835,0.0005033414810352026
585.1428571428571,0.00010732542077295213
586.8194842406876,0.0013069781999221618
588.5057471264367,0.0004211683323165412
590.2017291066282,0.00029989019619558336
591.907514450867,0.0022747583652873967
593.6231884057971,0.00022098242552542018
595.3488372093024,0.0007227602442457205
597.0845481049563,0.0034020826430245826
598.8304093567251,0.00010864403130381929
600.5865102639297,0.001954868729547038
602.3529411764705,0.004001796190110872
604.1297935103245,0.00019580631011386758
605.9171597633135,0.005208293996317294
607.7151335311573,0.0033430989144160503
609.5238095238094,0.00023276502223961137
611.3432835820896,0.011796573399595344
613.1736526946107,0.0016308477678784945
615.015015015015,9.104166184125998e-05
616.867469879518,0.021464928067436346
618.7311178247734,0.0009600729534797191
620.6060606060606,0.002071955240040207
622.4924012158054,0.030112169194825508
624.390243902439,0.0045865915175610965
626.2996941896024,0.015104342398652226
628.2208588957055,0.03010372345288114
630.1538461538462,0.013586131517418729
632.0987654320987,0.058138628170779943
634.0557275541796,0.01735997363791683
636.0248447204968,0.024241593198421747
638.006230529595,0.15797153813085563
640.0,0.00820365591634671
642.0062695924764,0.03718084495976173
644.0251572327044,0.33458041832060254
646.0567823343847,0.06573325249067057
648.1012658227849,0.1033830492133576
650.1587301587301,0.5759772368287407
652.2292993630573,0.3165812121753502
654.3130990415335,0.4370898078146808
656.4102564102564,0.8591940289827237
658.5209003215434,0.9356106378670154
660.6451612903226,1.580756589825078
662.7831715210356,1.360146337644618
664.9350649350649,2.1677436215195147
667.100977198697,4.505342691988324
669.281045751634,2.971833466142674
671.4754098360655,4.677296756068749
673.6842105263158,10.569792404895123
675.9075907590759,8.125705448025524
678.1456953642385,10.883754542336737
680.3986710963455,21.83310094989833
682.6666666666666,21.78193241692121
684.9498327759198,27.68128869596974
687.248322147651,42.517683382863105
689.5622895622896,51.86554252921193
691.8918918918919,69.5223726311469
694.2372881355933,83.55547894505848
696.5986394557823,112.02246009005181
698.976109215017,163.73664992112583
701.3698630136986,175.7196109445454
703.7800687285223,233.13760543101873
706.2068965517241,352.923066248843
708.6505190311418,374.54415509034135
711.1111111111111,464.28501715744284
713.588850174216,676.0741931690947
716.0839160839159,756.1016471633206
718.5964912280701,917.2175871479282
721.1267605633802,1239.7547131860604
723.6749116607774,1489.0601667959504
726.241134751773,1835.3765941099934
728.8256227758006,2218.653250196251
731.4285714285714,2666.539364777955
734.0501792114695,3274.166718896594
736.6906474820144,3493.467770220537
739.3501805054151,4006.724618624857
742.0289855072464,5161.592874820462
744.7272727272727,5529.928191132087
747.4452554744526,6337.263429212264
750.1831501831501,8119.762267644476
752.9411764705883,8223.664535229012
755.7195571955718,8363.552545471444
758.5185185185185,9736.848642925854
761.3382899628252,9314.610012722293
764.179104477612,9041.621981672817
767.0411985018726,9905.09053247587
769.9248120300753,10574.803575292639
772.8301886792452,14032.86587613259
775.7575757575758,11949.783890946035
778.7072243346007,7067.550943887666
781.6793893129772,5481.090207903812
784.6743295019156,4211.089740906412
787.6923076923077,4147.575614149406
790.7335907335906,3940.5664525373077
793.798449612403,4581.046105467925
796.8871595330738,5257.269590367066
800.0,5543.663046524481
803.1372549019609,5433.2579676849555
806.2992125984252,5121.998025330571
809.4861660079052,5510.923450104904
812.6984126984127,5107.828661198845
815.9362549800798,4791.367895661985
819.1999999999999,7476.923318751235
822.4899598393575,16235.15077752978
825.8064516129032,19433.82248832079
829.1497975708503,13596.570934608186
832.520325203252,11221.76316533217
835.9183673469388,10161.060115981249
839.3442622950819,8663.818253903803
842.798353909465,7707.395948915843
846.2809917355372,6496.579245741684
849.792531120332,5675.548194512875
853.3333333333334,5012.664507595631
856.9037656903765,3749.6304633899767
860.5042016806723,2965.475735660567
864.1350210970463,2473.0131798197763
867.7966101694916,1599.7085179173312
871.4893617021277,1118.7862479799792
875.2136752136753,959.642313083107
878.9699570815451,602.1183440935495
882.7586206896551,397.08609807388405
886.5800865800866,352.09175665738076
890.4347826086956,214.3773044022845
894.3231441048034,125.33594091765691
898.2456140350877,106.26439777813759
902.2026431718061,63.71028252063947
906.1946902654867,35.522296563214105
910.2222222222222,26.128333168251356
914.2857142857142,16.017131414130198
918.3856502242153,10.99287368263142
922.5225225225224,5.615940971073757
926.6968325791854,3.183846549648172
930.9090909090908,3.77164459393709
935.1598173515981,1.1160610939952147
939.4495412844036,0.34329548143473454
943.778801843318,1.309849761791522
948.1481481481483,0.28525807928166497
952.5581395348837,0.016137723444098608
957.0093457943926,0.43502222207313584
961.5023474178405,0.12975817323832575
966.0377358490566,0.0708349882848265
970.6161137440758,0.12681923659684166
975.2380952380953,0.08234130122767115
979.9043062200957,0.0924369417849372
984.6153846153846,0.028300755863053844
989.3719806763285,0.06423520469732168
994.1747572815533,0.0728064212962484
999.0243902439023,0.002924362127096489
1003.921568627451,0.054775438007588766
1008.8669950738915,0.044801663777789776
1013.8613861386139,0.000683784028059303
1018.905472636816,0.04455218171164861
1023.9999999999999,0.023221817432497578
1029.145728643216,0.004614784806625143
1034.3434343434344,0.032543437946169214
1039.5939086294416,0.01012210777133308
1044.8979591836735,0.008711315762848696
1050.2564102564102,0.021046093109560623
1055.6701030927834,0.003438898335798762
1061.139896373057,0.010851674189626705
1066.6666666666665,0.011987019188024325
1072.2513089005236,0.00069843176891136
1077.8947368421054,0.010770788842722635
1083.5978835978835,0.005935918717214203
1089.3617021276596,1.0987041943429754e-05
1095.1871657754011,0.00912023559390321
1101.0752688172042,0.0024714576520753575
1107.0270270270269,0.00016827982073773233
1113.0434782608695,0.006803926005760785
1119.1256830601094,0.0007942384962886321
1125.2747252747254,0.0005039928993361923
1131.4917127071824,0.004542657180637647
1137.7777777777778,0.0001508771443749132
1144.1340782122904,0.0007272050448927927
1150.5617977528088,0.0027325797750918164
1157.0621468926552,1.8574989684002799e-06
1163.6363636363635,0.0007741427822704908
1170.2857142857142,0.0014800803028216527
1177.0114942528735,3.049769132203557e-05
1183.815028901734,0.000685704373807322
1190.6976744186047,0.0007154212740455821
1197.6608187134502,8.677735409741709e-05
1204.705882352941,0.0005317502771767086
1211.834319526627,0.0003029053460052403
1219.0476190476188,0.0001189048495524643
1226.3473053892214,0.00037057167428478695
1233.734939759036,0.00010811981489990239
1241.2121212121212,0.0001217891476524114
1248.780487804878,0.00023480489224374587
1256.441717791411,3.0601069037017226e-05
1264.1975308641975,0.00010556504727681229
1272.0496894409937,0.00013604043840113368
1280.0,7.153267733153748e-06
1288.0503144654087,8.190312336169504e-05
1296.2025316455697,7.20326890015133e-05
1304.4585987261146,3.9786361544007e-06
1312.8205128205127,5.8219877610877206e-05
1321.2903225806451,3.453349205848604e-05
1329.8701298701299,5.853755745124019e-06
1338.562091503268,3.8535512686953e-05
1347.3684210526317,1.4753628990439673e-05
1356.291390728477,7.372098419720031e-06
1365.3333333333333,2.3949948217155955e-05
1374.496644295302,5.35393896296113e-06
1383.7837837837837,7.392286953023837e-06
1393.1972789115646,1.398988574522761e-05
1402.7397260273972,1.512157799856353e-06
1412.4137931034481,6.365161542826229e-06
1422.2222222222222,7.640653840144817e-06
1432.1678321678319,2.73962432714176e-07
1442.2535211267605,4.920885783107052e-06
1452.482269503546,3.88703142638636e-06
1462.857142857143,5.4457501030052617e-08
1473.3812949640287,3.4812784849360776e-06
1484.0579710144928,1.803382869737921e-06
1494.890510948905,1.3098374874176072e-07
1505.8823529411766,2.2811122861982205e-06
1517.037037037037,7.584298978102408e-07
1528.358208955224,2.2376484060390087e-07
1539.8496240601505,1.396523039986997e-06
1551.5151515151515,2.716604027411084e-07
1563.3587786259543,2.5374811790327287e-07
1575.3846153846155,7.935734987462482e-07
1587.596899224806,7.757215989179552e-08
1600.0,2.2936912152614988e-07
1612.5984251968505,4.178748775293891e-07
1625.3968253968253,1.6589191189054583e-08
1638.3999999999999,1.826154371899027e-07
1651.6129032258063,2.04493041048679e-07
1665.040650406504,3.4554661208081608e-09
1678.6885245901638,1.296700207525356e-07
1692.5619834710744,8.941489132079517e-08
1706.6666666666667,4.610730688048151e-09
1721.0084033613446,8.306839335746268e-08
1735.5932203389832,3.6912451164828014e-08
1750.4273504273506,7.1785988300681654e-09
1765.5172413793102,5.011973743678733e-08
1780.8695652173913,1.2075810109183099e-08
1796.4912280701753,6.791620936620268e-09
1812.3893805309733,2.8793883591279262e-08
1828.5714285714284,3.3487816897873504e-09
1845.0450450450448,5.698718908800449e-09
1861.8181818181815,1.664312991920243e-08
1878.8990825688072,3.3281321177121656e-10
1896.2962962962965,3.6575736094975547e-09
1914.0186915887853,8.678072896898632e-09
1932.0754716981132,7.6304995721622e-11
1950.4761904761906,2.1891932943185478e-09
1969.2307692307693,4.241533907343946e-09
1988.3495145631066,3.0064631905169366e-10
2007.843137254902,1.1276042483584642e-09
2027.7227722772277,2.1887853848043406e-09
2047.9999999999998,6.032984730650435e-10
2068.686868686869,4.485140112716816e-10
2089.795918367347,1.026050274763155e-09
2111.340206185567,5.265976959034318e-10
2133.333333333333,2.560453738011768e-10
2155.789473684211,3.7635123675229607e-10
2178.723404255319,3.480586156256809e-10
2202.1505376344085,1.8514218696680666e-10
2226.086956521739,1.6282340578690569e-10
2250.5494505494507,2.164765609775327e-10
2275.5555555555557,1.260143987861528e-10
2301.1235955056177,3.541730289602471e-11
2327.272727272727,8.956143737027196e-11
2354.022988505747,7.03780919951823e-11
2381.3953488372094,1.7971901815843946e-11
2409.411764705882,4.651512568374227e-11
2438.0952380952376,3.2842926998605014e-11
2467.469879518072,6.0667497978352466e-12
2497.560975609756,1.903225554785701e-11
2528.395061728395,3.43851757782612e-11
2560.0,1.3726916070749925e-11
2592.4050632911394,3.2117981431739895e-13
2625.6410256410254,1.1767844832576515e-11
2659.7402597402597,7.352752986564671e-12
2694.7368421052633,1.8764505457719803e-12
2730.6666666666665,6.549862186162048e-13
2767.5675675675675,2.6603002228513063e-12
2805.4794520547944,2.887918518157771e-13
2844.4444444444443,2.354241072661603e-12
2884.507042253521,1.2268582503803818e-12
2925.714285714286,4.414384442181982e-13
2968.1159420289855,5.013440057961113e-13
3011.764705882353,8.176663714985927e-13
3056.716417910448,3.058606606316536e-13
3103.030303030303,5.183939674425875e-13
3150.769230769231,1.1619797685697283e-13
3200.0,1.1606881843289264e-13
3250.7936507936506,7.556670360699329e-13
3303.2258064516127,2.4815497721069224e-13
3357.3770491803275,1.1630391541389131e-13
3413.3333333333335,9.421607986153145e-14
3471.1864406779664,2.1328671466293603e-13
3531.0344827586205,6.309571108323031e-13
3592.9824561403507,2.47271536373342e-13
3657.142857142857,4.2341959218031177e-14
3723.636363636363,8.415021603876695e-14
3792.592592592593,2.644863309163125e-14
3864.1509433962265,9.601687347631451e-14
3938.4615384615386,4.452355611527569e-14
4015.686274509804,9.131530455756984e-14
4095.9999999999995,4.310151578937044e-14
4179.591836734694,2.380510140062795e-14
4266.666666666666,5.20831085832407e-14
4357.446808510638,1.2688578530315074e-14
4452.173913043478,1.958279926095047e-15
4551.111111111111,5.410744572046408e-17
4654.545454545454,1.1688621781806569e-16
4762.790697674419,8.49078726283498e-17
4876.190476190475,5.52535540151818e-18
4995.121951219512,1.68075541824251e-17
5120.0,8.894790036539176e-18
5251.282051282051,2.8917964748225382e-18
5389.473684210527,2.9912118703481948e-18
5535.135135135135,6.468169606485098e-19
5688.888888888889,4.63606695857291e-19
5851.428571428572,2.8681992936789016e-19
6023.529411764706,2.162279837685438e-20
6206.060606060606,3.809928233297115e-20
6400.0,1.8293097535628588e-20
6606.451612903225,2.6270812430276258e-21
6826.666666666667,4.75988103213369e-21
7062.068965517241,1.5590918702874378e-21
7314.285714285714,1.2867559901629182e-21
7585.185185185186,1.0066682675151729e-21
7876.923076923077,3.7912776833910953e-22
