"Wavelength, nm",Intensity
136.44237175216523,3.6539429542276097e-25
136.53333333333333,4.263099189960167e-25
136.62441627751835,4.9345105739029935e-25
136.71562082777035,5.906507185791975e-25
136.80694722778892,6.185521080946763e-25
136.89839572192514,3.54327455850361e-25
136.98996655518394,5.548079189382765e-22
137.08165997322624,9.616752700077252e-20
137.17347622237108,5.612895276110875e-18
137.26541554959786,1.4885690726648956e-16
137.35747820254863,2.2184890342900166e-15
137.4496644295302,2.1478978210029793e-14
137.54197447951645,1.4926908744528982e-13
137.63440860215053,7.993444772050316e-13
137.72696704774717,3.4748640480675873e-12
137.81965006729476,1.2755339353374725e-11
137.9124579124579,4.0760700828601205e-11
138.0053908355795,1.1614910451147275e-10
138.09844908968307,3.008094975210624e-10
138.19163292847506,7.18797168112171e-10
138.28494260634707,1.6033591790211378e-09
138.37837837837836,3.3681372003236632e-09
138.47194050033806,6.706337185360798e-09
138.5656292286874,1.2715687390283745e-08
138.65944482058225,2.3038480020527726e-08
138.75338753387533,3.9999913287975244e-08
138.84745762711862,6.673297814928216e-08
138.94165535956583,1.0730394056843971e-07
139.03598099117448,1.6690309654381143e-07
139.1304347826087,2.52228605360466e-07
139.22501699524133,3.722315888503849e-07
139.31972789115645,5.3935896217778e-07
139.4145677331518,7.712783905025731e-07
139.50953678474113,1.0927750675915492e-06
139.60463531015677,1.5371334001736097e-06
139.69986357435198,2.146008519290578e-06
139.79522184300342,2.9667392112696846e-06
139.89071038251367,4.046492580320329e-06
139.98632946001365,5.423732145213737e-06
140.08207934336525,7.119098587840753e-06
140.17796030116358,9.129465224685717e-06
140.27397260273972,1.1430121251031257e-05
140.37011651816314,1.3989838444611023e-05
140.46639231824417,1.680109943605539e-05
140.56280027453673,1.9922994414483673e-05
140.65934065934067,2.3528143498828775e-05
140.75601374570448,2.7938709693705247e-05
140.85281980742778,3.3632379041249064e-05
140.949759119064,4.120074682430294e-05
141.04683195592284,5.1251486503279666e-05
141.14403859407307,6.426068322987163e-05
141.24137931034483,8.040191556196545e-05
141.33885438233264,9.939978195213175e-05
141.4364640883978,0.00012046677594495198
141.53420870767104,0.00014237728693023932
141.6320885200553,0.00016371097615911718
141.73010380622836,0.00018325559168232226
141.8282548476454,0.00020050000508480093
141.92654192654192,0.00021609519856079007
142.0249653259362,0.00023213387848381643
142.1235253296322,0.00025210297812011716
142.22222222222223,0.0002804127630711234
142.32105628908963,0.00032151672358719243
142.42002781641168,0.00037877172487555744
142.51913709116212,0.0004532966341122922
142.6183844011142,0.0005431628293272817
142.7177700348432,0.0006432563606684576
142.81729428172943,0.0007460172469921712
142.91695743196092,0.0008430270239624853
143.0167597765363,0.0009271831277797356
143.11670160726763,0.0009949639663901456
143.21678321678323,0.0010481046127973092
143.31700489853043,0.0010940596820401517
143.4173669467787,0.0011449252901663722
143.5178696566223,0.0012148466177354285
143.61851332398317,0.0013163645698923345
143.71929824561403,0.0014566520536162383
143.8202247191011,0.0016347942334088274
143.92129304286718,0.0018410072098596565
144.0225035161744,0.002058284741183996
144.12385643912737,0.0022664114914416416
144.22535211267606,0.0024473803758988393
144.32699083861874,0.002590596480405206
144.42877291960508,0.0026963633276275447
144.530698659139,0.002776475881510124
144.6327683615819,0.0028512380837695797
144.73498233215545,0.002943514201138132
144.83734087694484,0.00307168559444212
144.9398443029016,0.003243536354372124
145.04249291784703,0.0034529191054061175
145.14528703047483,0.0036807882224398195
145.24822695035462,0.0039006624918901537
145.35131298793468,0.004086688014939865
145.45454545454544,0.004221944833639162
145.55792466240226,0.004304540285418543
145.66145092460883,0.004349050396620004
145.76512455516016,0.004382526045823452
145.86894586894587,0.004436320741383468
145.9729151817534,0.0045361202750486135
146.07703281027102,0.0046936348130977605
146.18129907209135,0.004902483207388872
146.28571428571428,0.0051390770924637464
146.39027877055037,0.005369926998238649
146.49499284692416,0.005562652512612102
146.59985683607732,0.005694139258839304
146.7048710601719,0.005757735701786969
146.8100358422939,0.005768744363132957
146.91535150645623,0.00575745323441084
147.0208183776023,0.005759834383674542
147.1264367816092,0.005816334389743624
147.23220704529115,0.005957726480084088
147.33812949640287,0.006191883223795278
147.4442044636429,0.0065165342618525605
147.55043227665706,0.0069130185574487885
147.6568132660418,0.007332533009028767
147.76334776334778,0.007730132688652801
147.87003610108303,0.008067627262657629
147.97687861271675,0.008290292368498466
148.08387563268258,0.008391837963849905
148.19102749638205,0.008426854154172651
148.29833454018825,0.00842661500053216
148.40579710144928,0.008454531331749306
148.51341551849166,0.008646783262825437
148.6211901306241,0.009078910918663937
148.72912127814087,0.00976885266809927
148.8372093023256,0.010705772829132971
148.94545454545454,0.011733242547131675
149.0538573508006,0.01264788931410833
149.16241806263656,0.013280325648383797
149.27113702623907,0.013390321825356996
149.38001458789202,0.012898235235892503
149.4890510948905,0.011942390625235279
149.59824689554418,0.010593519164145072
149.70760233918128,0.00915104732569636
149.81711777615214,0.008101572872407911
149.9267935578331,0.007510909070268408
150.03663003663004,0.007477501886383848
150.1466275659824,0.008156411979459774
150.25678650036684,0.008948514519327818
150.36710719530103,0.009469726311145314
150.47759000734754,0.009830999877836031
150.58823529411762,0.009398495085692566
150.69904341427517,0.00817166841950083
150.8100147275405,0.007101047874755903
150.92114959469419,0.005997727226239725
151.03244837758112,0.005279248909903717
151.1439114391144,0.0061680787449496875
151.25553914327915,0.007735451790435925
151.3673318551367,0.009908235191114704
151.47928994082838,0.013552649178064667
151.59141376757958,0.01613862365687911
151.7037037037037,0.017477556504431214
151.81616011860638,0.019927070659098982
151.92878338278933,0.02027484497552699
152.04157386785448,0.018576728366631726
152.15453194650817,0.019842600322909496
152.26765799256503,0.02013657425078074
152.38095238095235,0.018428125667045894
152.4944154877141,0.0216986939098722
152.6080476900149,0.023970004901187312
152.72184936614468,0.021719882280534918
152.8358208955224,0.02507529990384824
152.9499626587005,0.0270644340695042
153.0642750373692,0.02104111187744271
153.1787584143605,0.021806000955439588
153.29341317365268,0.023646447518691018
153.40823970037454,0.015710383081682204
153.5232383808096,0.01587563195631704
153.6384096024006,0.019803500727392297
153.75375375375376,0.012013797689149598
153.86927122464311,0.012607153678796912
153.98496240601503,0.01844056092867869
154.10082768999246,0.009693838100597048
154.2168674698795,0.009632474138101168
154.33308214016577,0.016942700355148957
154.4494720965309,0.007537619224391521
154.56603773584905,0.00819224209397157
154.68277945619334,0.018178442104610323
154.79969765684052,0.0076334897850549996
154.91679273827532,0.00892857532911508
155.0340651021953,0.02256933197953558
155.15151515151516,0.009461046565867014
155.2691432903715,0.009007436027460281
155.38694992412746,0.02699720714742038
155.50493545937738,0.012028337847947136
155.62310030395136,0.009072060498687785
155.74144486692012,0.03330104713306396
155.8599695585997,0.017600637572775288
155.97867479055597,0.009081989479077316
156.09756097560975,0.03993698976943202
156.21662852784135,0.02625469100795452
156.33587786259542,0.008045539816624592
156.45530939648586,0.04258978098920457
156.5749235474006,0.03595630066254397
156.69472073450652,0.007940030795717569
156.8147013782542,0.04162902080739765
156.93486590038313,0.04632691283000691
157.05521472392638,0.010653310717841397
157.17574827321565,0.03602922640207262
157.29646697388634,0.05310033670530728
157.4173712528824,0.016270443860214378
157.53846153846155,0.027412305365557905
157.65973826020013,0.052816745674421864
157.78120184899845,0.023454666847882638
157.9028527370856,0.02045497644178783
158.02469135802468,0.046742368696422384
158.14671814671814,0.029833056600286394
158.26893353941267,0.017351395939226435
158.39133797370457,0.036746870181791756
158.5139318885449,0.03172529583737668
158.63671572424477,0.017713999474051823
158.7596899224806,0.02722568205008549
158.88285492629947,0.029030144813107773
159.0062111801242,0.019485808656445214
159.12975912975912,0.021358889273548568
159.25349922239502,0.024321597108212703
159.37743190661476,0.020506074517920504
159.50155763239874,0.01899994130766124
159.62587685113016,0.019909711972825112
159.7503900156006,0.01994499293813111
159.87509758001562,0.01882009678540539
160.0,0.017792852314198537
160.12509773260362,0.019050040845333613
160.2503912363067,0.019599279958361453
160.37588097102582,0.018053149063982823
160.5015673981191,0.018838763387275467
160.62745098039213,0.02060785497057316
160.7535321821036,0.02000667429263423
160.87981146897093,0.020181165322348732
161.0062893081761,0.02201404312008315
161.13296616837135,0.022642624632391625
161.25984251968504,0.022841999389165507
161.38691883372735,0.024067483394664316
161.51419558359618,0.025301870611356154
161.64167324388316,0.02606464823456557
161.7693522906793,0.0268437317288693
161.89723320158103,0.02788380209654552
162.0253164556962,0.029019131347241933
162.15360253365006,0.029856190433236663
162.28209191759112,0.030545028302665565
162.41078509119745,0.031455789188675976
162.53968253968253,0.03231120711001102
162.66878474980143,0.032885745735836934
162.79809220985692,0.03343455695778669
162.92760540970565,0.03401216357611837
163.05732484076432,0.034443474909202715
163.18725099601593,0.03470711525634686
163.31738437001593,0.034870121470123326
163.44772545889865,0.03494838658662141
163.57827476038338,0.03490351289332309
163.709032773781,0.034713787434298815
163.84,0.03442211194146354
163.97117694155327,0.03406077863529816
164.1025641025641,0.03362492031338
164.23416198877305,0.033118285799681874
164.3659711075441,0.032544545692977773
164.49799196787149,0.031925053992563734
164.63022508038586,0.03130038179723182
164.76267095736122,0.03066079348001683
164.89533011272144,0.029993509599398258
165.02820306204674,0.029358126903307816
165.16129032258064,0.02877903818117392
165.29459241323647,0.02819610146166721
165.4281098546042,0.027611064686572515
165.56184316895713,0.027105556951137415
165.6957928802589,0.026688940732003476
165.82995951417004,0.02631599342217585
165.9643435980551,0.026017677443664653
166.09894566098947,0.025834503069500803
166.23376623376623,0.025737310628421575
166.36880584890332,0.025737971252911857
166.5040650406504,0.02587849934238794
166.63954434499593,0.026114173607741816
166.77524429967426,0.02641683756770983
166.9111654441728,0.02683964172999832
167.047308319739,0.02737405661622842
167.18367346938777,0.02796042568639441
167.3202614379085,0.028595518815257247
167.45707277187245,0.029280176009686958
167.59410801963992,0.029974457539984706
167.7313677313677,0.030636121388727712
167.86885245901638,0.03124615412578704
168.00656275635768,0.03180233919214105
168.14449917898193,0.032260840505535855
168.28266228430567,0.03256582263007253
168.42105263157896,0.03275361576065162
168.559670781893,0.03285762609981721
168.6985172981878,0.032825879596796934
168.83759274525966,0.03266173016588869
168.97689768976898,0.03242042275816718
169.11643270024774,0.032110279242904466
169.25619834710741,0.03176583769174024
169.39619520264682,0.03142864747493519
169.53642384105962,0.031088120981587565
169.67688483844242,0.030784680260342086
169.81757877280262,0.030558607895766626
169.95850622406635,0.030360826196144632
170.09966777408638,0.030206395141362644
170.24106400665005,0.030154249051112542
170.3826955074875,0.030147776970790834
170.52456286427974,0.03014396014222752
170.66666666666666,0.03017794352403886
170.8090075062552,0.0302220073471329
170.9515859766277,0.030232927569047063
171.09440267335003,0.03022079676128755
171.23745819397996,0.030179682547982412
171.3807531380753,0.030089833725334244
171.52428810720266,0.029934764509348726
171.66806370494552,0.029707554703196793
171.81208053691276,0.029430545542438562
171.95633921074725,0.029101156463952237
172.10084033613444,0.02868830380513434
172.24558452481077,0.02819271708325274
172.3905723905724,0.027635874756817932
172.5358045492839,0.02701004769548068
172.681281618887,0.026268071167358027
172.82700421940928,0.025416192610606635
172.97297297297297,0.024505207241817522
173.11918850380385,0.023483656678501854
173.26565143824024,0.02231991038037804
173.41236240474177,0.02110071798633513
173.55932203389833,0.019820977538949656
173.70653095843934,0.018440806063753246
173.85398981324278,0.01703525948418886
174.0016992353441,0.015636836669935983
174.14965986394557,0.014228481281010437
174.2978723404255,0.01283838691127101
174.44633730834755,0.011486688665969696
174.59505541346974,0.010204576228000996
174.74402730375425,0.009018967512745472
174.8932536293766,0.007908803713355853
175.04273504273505,0.006881815111111452
175.1924721984602,0.005955502089169239
175.34246575342465,0.005116437464960335
175.49271636675235,0.004374407398063237
175.6432246998285,0.0037286547271290996
175.79399141630904,0.0031536986409269013
175.94501718213058,0.00265330978700149
176.0963026655202,0.002225359837550626
176.24784853700515,0.0018506764243614712
176.3996554694229,0.0015333179942242407
176.55172413793102,0.001272728854571497
176.70405522001724,0.001051834542178439
176.85664939550952,0.0008652924395222996
177.00950734658602,0.0007111167040729369
177.16262975778545,0.0005835668481441211
177.3160173160173,0.00048077845747165725
177.46967071057193,0.00039805801997573023
177.62359063313096,0.0003296525970395459
177.77777777777777,0.000275009171348679
177.93223284100782,0.00023141206411423255
178.08695652173913,0.00019411821980462964
178.24194952132288,0.00016276238923077575
178.397212543554,0.00013678834336604978
178.55274629468178,0.00011386195336332513
178.70855148342056,9.420176808975208e-05
178.86462882096066,7.768297860048322e-05
179.02097902097898,6.277354184707627e-05
179.17760279965006,4.982759445316741e-05
179.33450087565674,3.9087584229382605e-05
179.4916739702016,3.0016219607745294e-05
179.64912280701753,2.2838492434839735e-05
179.80684811237927,1.6868750949472966e-05
179.96485061511424,1.1692602271428892e-05
180.12313104661388,8.337157856698423e-06
180.28169014084506,6.259824363265854e-06
180.44052863436124,4.202640702127674e-06
180.59964726631395,2.6191401355206903e-06
180.75904677846424,1.8343113434434591e-06
180.91872791519435,1.3411129288288394e-06
181.07869142351902,9.921315202083542e-07
181.23893805309734,7.176295734748998e-07
181.39946855624444,4.57774830997649e-07
181.56028368794324,3.489181157420499e-07
181.72138420585628,3.097958919061157e-07
181.88277087033748,2.379779839625177e-07
182.04444444444445,1.9286491833187724e-07
182.20640569395016,1.383550777195143e-07
182.3686553873553,6.871636376677647e-08
182.53119429590015,4.553590081556998e-08
182.69402319357712,3.9465525944647924e-08
182.85714285714286,2.1627694655739617e-08
183.0205540661305,1.0030029649690303e-08
183.18425760286226,9.81085963811041e-09
183.34825425246197,1.5706781878860537e-08
183.51254480286738,1.9005308560057115e-08
183.67713004484304,1.621631151930559e-08
183.84201077199282,2.051216023572461e-08
184.00718778077265,2.8524014907340326e-08
184.1726618705036,3.502845793169335e-08
184.33843384338437,5.3856622909747104e-08
184.5045045045045,6.496583748948976e-08
184.67087466185754,5.309259511060758e-08
184.83754512635377,4.5648850816112154e-08
185.0045167118338,4.9596137759364756e-08
185.17179023508135,4.227249205425795e-08
185.33936651583707,1.997046319825554e-08
185.5072463768116,1.2692558778441392e-08
185.675430643699,3.206164081351157e-08
185.84392014519057,4.376965259655207e-08
186.01271571298818,3.063205928052015e-08
186.1818181818182,1.947482389517235e-08
186.3512283894449,2.018248776698569e-08
186.52094717668484,1.3676232199422589e-08
186.69097538742025,2.779214841111028e-09
186.86131386861314,5.110073796624395e-10
187.03196347031962,2.0520790777163e-09
187.20292504570384,3.2034542863797353e-09
187.37419945105214,3.7613541479793503e-10
187.54578754578753,4.868234655364823e-09
187.71769019248396,1.669611228039159e-08
187.88990825688072,1.3842133616445023e-08
188.06244260789717,9.17912115564366e-09
188.23529411764707,1.4079417560078752e-08
188.40846366145354,1.718880010438482e-08
188.5819521178637,1.2233900676243003e-08
188.75576036866357,5.0592652599282115e-09
188.92988929889296,1.496962230459009e-09
189.10433979686056,1.2627000896133392e-09
189.27911275415894,4.158382374689481e-09
189.45420906567992,6.949437966088145e-09
189.62962962962962,7.130844978961709e-09
189.80537534754404,5.604550849430349e-09
189.98144712430428,6.460476097391316e-09
190.15784586815226,3.770785037581314e-09
190.3345724907063,1.7144880972320758e-09
190.51162790697674,1.0413557179104346e-09
190.68901303538178,9.556445825160207e-10
190.8667287977633,3.4584234061652865e-09
191.044776119403,4.740724129319851e-09
191.22315592903828,1.1689371026371268e-08
191.4018691588785,7.499763806239807e-09
191.5809167446211,9.156649095495351e-10
191.76029962546815,1.3703732294440389e-08
191.94001874414244,1.4905914535051364e-08
192.12007504690433,3.81027588798564e-09
192.3004694835681,1.8762429154012133e-10
192.48120300751881,4.379758979570228e-09
192.66227657572907,8.141908384539377e-09
192.8436911487759,2.1718717166105944e-09
193.02544769085767,3.320780072187351e-09
193.2075471698113,2.6405788723498296e-09
193.38999055712932,6.957838935177688e-10
193.57277882797732,3.6359641891168004e-09
193.75591296121098,1.0972616678925897e-09
193.93939393939394,2.4696672333210574e-09
194.12322274881518,2.6043384023647973e-09
194.30740037950665,8.739143617394303e-10
194.49192782526114,5.089717238480838e-09
194.67680608365018,5.9228637720812505e-09
194.86203615604185,1.1806965844671038e-09
195.04761904761907,1.215220127648581e-10
195.23355576739752,1.6213094726743703e-10
195.4198473282443,9.691364924932743e-10
195.6064947468959,1.0641350075315135e-09
195.79349904397705,1.2714251943875958e-10
195.9808612440191,2.7478006461535164e-09
196.1685823754789,2.6038078602850666e-09
196.35666347075744,1.2011701423606022e-10
196.5451055662188,4.035168794734607e-10
196.73390970220942,7.85278489473835e-11
196.92307692307693,2.127004754505196e-09
197.1126082771896,4.952305806926522e-09
197.30250481695566,3.669522863707549e-09
197.4927675988428,4.68698484488322e-09
197.68339768339766,4.834510813764515e-09
197.8743961352657,1.5258632812226483e-09
198.06576402321085,3.8842198391002266e-11
198.25750242013552,1.1962165279604829e-09
198.44961240310076,2.9524990209676393e-09
198.64209505334625,3.2461076529920985e-09
198.83495145631065,9.686751118150565e-10
199.02818270165207,4.178185256942978e-09
199.22178988326846,4.434887026156553e-09
199.4157740993184,1.1532747505440116e-09
199.61013645224173,4.080172954983379e-09
199.8048780487805,1.3831894010024524e-09
200.0,2.1529866575228256e-10
200.19550342130987,1.8771438857382e-10
200.3913894324853,4.406763184311095e-09
200.58765915768853,7.491556445135378e-09
200.78431372549022,2.6102039461713767e-09
200.9813542688911,2.8415077945955987e-09
201.17878192534383,6.026332793481355e-09
201.37659783677483,8.435065505326894e-09
201.5748031496063,7.509995728673448e-09
201.77339901477833,5.326289623356757e-09
201.9723865877712,3.4979322974557587e-09
202.1717670286278,3.2724385102092086e-09
202.3715415019763,3.857592250038808e-09
202.57171117705244,9.893250378580282e-09
202.77227722772278,4.273066665439796e-09
202.97324083250743,1.0691862300343777e-10
203.17460317460316,1.1511308611357378e-09
203.37636544190661,7.601611948696343e-10
203.57852882703776,1.0328541190084728e-09
203.78109452736314,7.161975631650076e-10
203.98406374501994,3.765520782662941e-09
204.1874376869392,4.656683118332494e-09
204.39121756487026,2.207550175630311e-09
204.5954045954046,3.293323840896844e-10
204.79999999999998,7.638756859070301e-10
205.005005005005,1.9160481397542746e-09
205.21042084168334,9.75855847712905e-10
205.41624874623875,3.5821003881741584e-11
205.62248995983938,3.257021807462271e-10
205.8291457286432,2.3221456491290402e-10
206.03621730382292,2.1287027134036495e-09
206.24370594159112,3.742106275119963e-09
206.4516129032258,4.324996599338509e-11
206.65993945509584,4.946298622284598e-09
206.86868686868684,7.155010465435023e-09
207.07785642062692,1.1492435544211651e-09
207.28744939271257,1.642385648549921e-09
207.49746707193518,3.428488145022284e-09
207.7079107505071,1.1211978126407247e-10
207.9187817258883,1.15317969439846e-08
208.130081300813,1.790306505519557e-08
208.34181078331636,7.232888175009913e-09
208.55397148676167,1.5356054198428273e-09
208.7665647298675,1.5861231211508127e-09
208.9795918367347,4.791508577442796e-09
209.19305413687437,1.0733340022783095e-08
209.40695296523518,1.7981677722586263e-08
209.6212896622313,2.493097771503211e-08
209.83606557377047,3.642995816492934e-08
210.05128205128204,4.1814422189699456e-08
210.26694045174537,4.237554201487685e-08
210.48304213771837,6.324250709657766e-08
210.69958847736626,1.0090945294844896e-07
210.91658084449023,1.432936559499521e-07
211.1340206185567,1.8285209702023367e-07
211.3519091847265,2.1729122094857604e-07
211.5702479338843,2.607731652139778e-07
211.78903826266804,3.301742435834124e-07
212.00828157349895,4.372652368825552e-07
212.22797927461139,5.760906138509874e-07
212.448132780083,7.121339845546395e-07
212.668743509865,8.388618822168078e-07
212.88981288981287,1.029102525673469e-06
213.11134235171693,1.360267143909387e-06
213.33333333333334,1.7738413659095854e-06
213.555787278415,2.1192668936187697e-06
213.7787056367432,2.428315210597639e-06
214.00208986415882,2.903983710854349e-06
214.22594142259413,3.6863723894082577e-06
214.4502617801047,4.765915880508907e-06
214.67505241090146,5.982195203556809e-06
214.900314795383,7.2160289716411525e-06
215.12605042016807,8.668009941869426e-06
215.35226077812828,1.0662961332636714e-05
215.57894736842104,1.322273344419751e-05
215.80611169652263,1.6166421556804588e-05
216.03375527426158,1.9645102956008864e-05
216.26187961985215,2.4120532764699117e-05
216.49048625792813,2.96305965738562e-05
216.7195767195767,3.587733277135287e-05
216.9491525423729,4.3255272784126855e-05
217.17921527041358,5.2686257173194636e-05
217.40976645435242,6.447588973911922e-05
217.64080765143464,7.820583666401536e-05
217.87234042553192,9.385116391628212e-05
218.10436634717786,0.00011291580396306666
218.33688699360337,0.00013711039599152168
218.5699039487727,0.00016602087931591312
218.80341880341882,0.0001994792458251325
219.0374331550802,0.00024075003228173707
219.27194860813702,0.00029285290890333353
219.5069667738478,0.00035504318240009203
219.74248927038627,0.000427114434790489
219.97851772287862,0.000513449977116107
220.21505376344086,0.0006184714976220156
220.45209903121636,0.0007422222224996185
220.68965517241378,0.0008876681519777316
220.92772384034518,0.0010646439337146983
221.16630669546436,0.0012790121580805566
221.4054054054054,0.0015327280688341692
221.64502164502164,0.0018349810587782454
221.88515709642468,0.002196050080211428
222.12581344902384,0.002621889627986812
222.36699239956567,0.003124888603265576
222.6086956521739,0.003724507695678432
222.85092491838955,0.004437319781014173
223.09368191721134,0.005276342067184459
223.3369683751363,0.006263970261337007
223.58078602620085,0.007435334109746747
223.82513661202185,0.008818540623476579
224.07002188183807,0.010443803770133068
224.31544359255204,0.012365179914174806
224.56140350877192,0.01462373399482728
224.80790340285398,0.017240620921250085
225.05494505494505,0.020269519199643603
225.30253025302528,0.02378314679342196
225.55066079295153,0.027849922577648945
225.79933847850054,0.032576918920528636
226.0485651214128,0.03814041909119827
226.29834254143645,0.04476793882414703
226.54867256637166,0.052664785260040335
226.79955703211516,0.06198637537805375
227.0509977827051,0.07286982094033129
227.30299667036624,0.08531127733756744
227.55555555555554,0.09911756177978104
227.80867630700777,0.11413962723266778
228.06236080178175,0.13037854221990788
228.31661092530658,0.14809485704675512
228.57142857142856,0.1681567428320068
228.82681564245812,0.1921795611451373
229.082774049217,0.2223927405541244
229.33930571108624,0.2611998811078546
229.59641255605382,0.31035373611564515
229.8540965207632,0.3701245827531046
230.1123595505618,0.4383057842740435
230.37120359955006,0.50951175620204
230.6306306306306,0.5761514095176101
230.89064261555805,0.6306336131488991
231.1512415349887,0.6686799758720736
231.41242937853107,0.6938043566569357
231.67420814479635,0.7205023380848758
231.9365798414496,0.7753225385459876
232.19954648526078,0.8944404603663355
232.46311010215663,1.1148825457993896
232.7272727272727,1.4607261136310892
232.9920364050057,1.9277614069731854
233.25740318906605,2.470047502233361
233.52337514253134,2.996016647401871
233.78995433789953,3.38004059301175
234.05714285714288,3.4906559644742963
234.32494279176203,3.238134718147269
234.59335624284074,2.629236516469441
234.8623853211009,1.81352832281633
235.13203214695753,1.1049142070194051
235.4022988505747,0.9541763208980001
235.67318757192174,1.8658937524514738
235.9447004608295,4.264477284888747
236.2168396770473,8.33210305568404
236.48960739030022,13.859167502998147
236.76300578034682,20.170353871621778
237.03703703703707,26.169443016559942
237.3117033603708,30.530757460747434
237.58700696055683,32.04165767082116
237.862950058072,30.015911075133843
238.13953488372093,24.69940436563568
238.41676367869616,17.51773286026496
238.69463869463866,11.05017495195162
238.97316219369893,8.673597901213965
239.25233644859816,13.855846639273718
239.53216374269007,29.25687636385049
239.81264637002343,55.81326530326332
240.0937866354044,92.09864601597916
240.37558685446012,134.17395767042336
240.65804935370153,176.0963794140855
240.94117647058823,211.07630379769466
241.2249705535924,232.9911869786612
241.50943396226415,238.01926495051092
241.79456906729635,225.81362414474384
242.080378250591,199.90112388225631
242.3668639053254,167.08281252615623
242.65402843601896,135.81844644341555
242.94187425860022,114.10338755935621
243.23040380047507,107.23356926409964
243.51961950059456,116.25933483542185
243.80952380952382,137.5412887951974
244.1001191895113,163.6443913186241
244.39140811455846,185.43330004907205
244.68339307048984,194.66233852227015
244.97607655502392,186.48101614129735
245.2694610778443,160.85520011699435
245.56354916067144,122.58912243989002
245.85834333733493,79.88410328217358
246.15384615384616,41.78296313964242
246.4500601684717,15.460914331744723
246.7469879518072,4.134461413695105
247.04463208685164,6.381533247660576
247.34299516908212,17.003536443853363
247.6420798065296,29.12324163173596
247.9418886198547,36.736327134424876
248.24242424242422,36.80712964507935
248.54368932038832,30.0860140049042
248.8456865127582,20.418613316953323
249.14841849148416,12.905035336307566
249.45188794153472,11.557761250292353
249.75609756097558,17.56999786177985
250.06105006105005,28.769461647383217
250.36674816625916,40.566128940679825
250.6731946144431,47.92559724749751
250.98039215686276,47.59116753022109
251.2883435582822,39.590485348649786
251.5970515970516,27.26060138282347
251.90651906519062,15.960210308346431
252.21674876847288,10.76546487619108
252.52774352651045,14.26912182289101
252.8395061728395,25.48346949704585
253.15203955500616,40.19935518006108
253.46534653465346,52.642692531907585
253.7794299876084,57.891255447746026
254.09429280397023,53.88966913430292
254.40993788819875,42.14083003315668
254.726368159204,26.970227365947068
255.04358655043586,13.471477894527554
255.36159600997507,5.376096312480016
255.6803995006242,3.7128874709200845
255.99999999999997,6.696807175386147
256.3204005006258,10.86153762968762
256.64160401002505,12.907530567168761
256.9636135508155,11.379307030876564
257.286432160804,7.174086825896592
257.61006289308176,2.878382481408526
257.9345088161209,1.2030468973280002
258.2597730138714,3.431925823504108
258.5858585858586,8.84630451677929
258.91276864728195,15.400570441338777
259.24050632911394,20.685727549082433
259.5690747782003,22.82647532140785
259.8984771573604,21.62636733007791
260.22871664548916,18.738131334546676
260.55979643765903,16.599706197510276
260.89171974522293,17.083333444766993
261.2244897959184,20.50239961146174
261.5581098339719,25.500990231262577
261.89258312020456,29.84576426632427
262.2279129321382,31.486374358570327
262.56410256410254,29.672335125039545
262.9011553273428,25.525156880212812
263.2390745501285,21.18139849519227
263.5778635778636,18.14525637136022
263.91752577319585,16.604727274585056
264.258064516129,16.140896952711294
264.59948320413434,16.162007173623856
264.9417852522639,15.824733386490472
265.2849740932642,14.47022070855791
265.6290531776913,12.183760267504379
265.974025974026,9.693768396981199
266.3198959687906,7.9127783225969806
266.66666666666663,7.429546134877611
267.01434159061273,8.206867919043816
267.3629242819843,9.659334860616244
267.7124183006536,10.964296465519771
268.0628272251309,11.609862907956211
268.41415465268676,11.931845964225896
268.76640419947506,12.776128834909914
269.119579500657,14.35702062509668
269.47368421052636,16.275364831618518
269.82872200263506,18.34284656875854
270.1846965699208,20.41912180490447
270.5416116248349,22.155859558621675
270.8994708994709,23.315179948243106
271.25827814569533,23.865035505106576
271.6180371352785,23.835483607767422
271.97875166002655,23.385867823235724
272.3404255319149,22.770295544405162
272.70306258322233,22.156429738570885
273.06666666666666,21.577909084782277
273.4312416555407,20.909048422664
273.7967914438503,19.945693624999116
274.1633199464525,18.689114204566675
274.5308310991957,17.392498522227378
274.8993288590604,16.24749486021565
275.26881720430106,15.267911746462133
275.6393001345895,14.433653714845663
276.010781671159,13.72692807609772
276.3832658569501,13.150468418182648
276.7567567567567,12.767905140975868
277.1312584573748,12.63716327581572
277.50677506775065,12.764886684019043
277.88331071913166,13.115947733999743
278.2608695652174,13.610954549234782
278.6394557823129,14.182770902049512
279.01907356948226,14.814230043055478
279.39972714870396,15.505638472209107
279.78142076502735,16.28190600407882
280.1641586867305,17.17930137308417
280.54794520547944,18.19708833219058
280.93278463648835,19.322892841476452
281.31868131868134,20.540288645764537
281.70563961485556,21.78363527567234
282.0936639118457,22.964920905719158
282.48275862068965,23.99924009182518
282.8729281767956,24.781178032109796
283.2641770401106,25.223503880281644
283.6565096952908,25.28756662403897
284.0499306518724,24.963089808971063
284.44444444444446,24.293951366346334
284.84005563282335,23.37994677060216
285.2367688022284,22.3348948256729
285.63458856345886,21.28296271274739
286.0335195530726,20.3375694868118
286.43356643356645,19.572464872556168
286.8347338935574,19.023704306527137
287.23702664796633,18.67377052879159
287.6404494382022,18.461413360304324
288.0450070323488,18.30793462777836
288.4507042253521,18.107930031619553
288.85754583921016,17.758271123800455
289.2655367231638,17.191814208589406
289.6746817538897,16.35915379609471
290.08498583569406,15.244017450582371
290.49645390070924,13.882023036983913
290.9090909090909,12.329939352674298
291.32290184921766,10.660242977073896
291.73789173789174,8.964840205157433
292.15406562054204,7.328083486452106
292.57142857142856,5.819038973681014
292.9899856938483,4.4944414379903765
293.4097421203438,3.386672839208778
293.83070301291247,2.504070928685895
294.2528735632184,1.8385253677008087
294.67625899280574,1.3663790143828967
295.1008645533141,1.0538211457214108
295.52669552669556,0.8633097810282211
295.9537572254335,0.7574042820646344
296.3820549927641,0.7035009030725785
296.81159420289856,0.6751261064937686
297.2423802612482,0.6522755544788348
297.6744186046512,0.6232003386100065
298.1077147016012,0.5824231322934283
298.54227405247815,0.5284016782155749
298.978102189781,0.4637426078284582
299.41520467836256,0.39311499808334804
299.8535871156662,0.32094241621799413
300.2932551319648,0.2517598362842327
300.73421439060206,0.18948190712889157
301.17647058823525,0.1362018858502473
301.620029455081,0.09293796834818933
302.06489675516224,0.05994232119039812
302.5110782865583,0.03631529890730601
302.95857988165676,0.020611180375672045
303.4074074074074,0.01131255791791916
303.85756676557867,0.0067564605961342745
304.30906389301634,0.005394230167754902
304.7619047619047,0.005973457480641794
305.2160953800298,0.007485112182711212
305.6716417910448,0.009223458324309701
306.1285500747384,0.010741826604412695
306.58682634730536,0.011782219007734514
307.0464767616192,0.012289249952389104
307.5075075075075,0.012289760515212163
307.96992481203006,0.011836105555991685
308.433734939759,0.011068172687885909
308.8989441930618,0.0101170340476302
309.3655589123867,0.009048613533385328
309.83358547655064,0.007956609063589372
310.3030303030303,0.006927283501086646
310.7738998482549,0.0059780520895797796
311.2462006079027,0.005121817073458876
311.7199391171994,0.004376827082857636
312.1951219512195,0.003735074494699845
312.67175572519085,0.0031888545930974363
313.1498470948012,0.002730140092144697
313.6294027565084,0.0023400170563763374
314.11042944785277,0.002010556399581527
314.5929339477727,0.00173335398246035
315.0769230769231,0.0014900457611425407
315.5624036979969,0.0012775086556105297
316.04938271604937,0.0010986512695332384
316.53786707882534,0.00094359868571086
317.0278637770898,0.0008063588835810799
317.5193798449612,0.0006876215967900447
318.0124223602484,0.000583250060078686
318.50699844479004,0.0004913604788152426
319.0031152647975,0.0004132609190197334
319.5007800312012,0.0003460529300601797
320.0,0.00028756275673592153
320.5007824726134,0.00023834553144804133
321.0031347962382,0.00019702718018725643
321.5070643642072,0.00016211780170962578
322.0125786163522,0.00013311393444744395
322.5196850393701,0.00010859362189388105
323.02839116719235,8.781400048403414e-05
323.5387045813586,7.092899971042283e-05
324.0506329113924,5.7235959770623284e-05
324.56418383518223,4.601989198730599e-05
325.07936507936506,3.694402958036496e-05
325.59618441971384,2.9452822890935692e-05
326.11464968152865,2.3359958712451577e-05
326.63476874003186,1.858615615467236e-05
327.15654952076676,1.468753437535752e-05
327.68,1.1550021091453575e-05
328.2051282051282,9.172991097152186e-06
328.7319422150882,7.159169250485419e-06
329.2604501607717,5.468982604457232e-06
329.7906602254429,4.328788434350152e-06
330.3225806451613,3.4601531339809426e-06
330.8562197092084,2.622829750771401e-06
331.3915857605178,2.0152592520596015e-06
331.9286871961102,1.6328611836012047e-06
332.46753246753246,1.2620692126461977e-06
333.0081300813008,9.239035129072367e-07
333.5504885993485,6.872549694302926e-07
334.094616639478,5.055144740969693e-07
334.640522875817,3.8206401036415805e-07
335.18821603927984,3.2114842050506274e-07
335.73770491803276,2.5925179417511167e-07
336.28899835796386,1.8058645135167013e-07
336.8421052631579,1.2833952972591328e-07
337.3970345963756,1.0205667523821032e-07
337.95379537953795,7.583639658108464e-08
338.51239669421483,5.313403906630077e-08
339.07284768211923,3.7172493723483814e-08
339.63515754560524,2.8403454942880633e-08
340.19933554817277,2.2118435361613648e-08
340.765391014975,1.7558159966662532e-08
341.3333333333333,1.161481308611263e-08
341.9031719532554,6.107535989431366e-09
342.4749163879599,4.354380474823841e-09
343.04857621440533,2.3625907417980944e-09
343.6241610738255,2.4335573419280006e-09
344.2016806722689,1.2648590276056396e-09
344.7811447811448,7.71730514087285e-10
345.362563237774,1.3611471621233415e-10
345.94594594594594,1.17355945698343e-09
346.5313028764805,1.7170795723252807e-10
347.11864406779665,7.627804227885191e-10
347.70797962648555,1.4867755953022283e-09
348.29931972789115,1.1412555796975631e-09
348.8926746166951,1.3304382062864863e-09
349.4880546075085,1.8156783906384266e-09
350.0854700854701,4.768846391071875e-10
350.6849315068493,1.871158191029041e-10
351.286449399657,8.941331591756295e-10
351.89003436426117,1.6778805551252948e-09
352.4956970740103,3.58811067302881e-10
353.10344827586204,7.6756629324412e-10
353.71329879101904,1.6586189232759533e-11
354.3252595155709,8.522522134981772e-10
354.93934142114387,7.799840951509444e-10
355.55555555555554,3.299809663625961e-10
356.17391304347825,4.856803980098353e-10
356.794425087108,3.137488570100401e-10
357.4171029668411,2.905703718267523e-11
358.04195804195797,7.619702227221897e-10
358.6690017513135,9.304967819437284e-10
359.29824561403507,1.633357434507375e-09
359.9297012302285,2.3157907705690898e-09
360.5633802816901,3.4325124504729753e-11
361.1992945326279,1.1556073291831297e-10
361.8374558303887,2.9392401812118794e-10
362.4778761061947,2.645005989400264e-10
363.1205673758865,3.257308397200936e-10
363.76554174067496,3.521293135110626e-10
364.4128113879003,3.692724099828838e-10
365.0623885918003,1.2785027983755528e-10
365.7142857142857,6.408827666580346e-11
366.3685152057245,1.2409834777770955e-10
367.02508960573476,6.541624373039499e-10
367.68402154398564,1.4212119283237255e-09
368.3453237410072,9.844226985011626e-10
369.009009009009,6.117898279280637e-11
369.67509025270755,9.552027431059484e-10
370.3435804701627,7.397197026328171e-10
371.0144927536232,8.942919863691294e-10
371.68784029038113,9.4905926021811e-10
372.3636363636364,1.3185183912845389e-09
373.0418943533697,8.229506541250639e-10
373.7226277372263,3.35008467722739e-10
374.4058500914077,5.787687683663994e-10
375.09157509157507,2.237034263146944e-09
375.77981651376143,4.680209339623134e-10
376.47058823529414,3.713610425243766e-10
377.1639042357274,3.298780008522645e-09
377.8597785977859,4.215943860013598e-09
378.5582255083179,4.19087151007192e-10
379.25925925925924,8.787528949232968e-10
379.96289424860856,3.336438623913485e-09
380.6691449814126,3.1195939296451965e-09
381.37802607076355,2.846217072528289e-09
382.089552238806,6.183729692525651e-09
382.803738317757,9.315927254660143e-09
383.5205992509363,5.916570887563184e-09
384.24015009380867,3.3561279801174813e-09
384.96240601503763,5.66180865982976e-09
385.6873822975518,8.885304508490012e-09
386.4150943396226,5.974370614681667e-09
387.14555765595463,5.639471275671805e-09
387.8787878787879,1.2604009354430587e-08
388.6148007590133,1.1846627331586711e-08
389.35361216730035,5.184817429632664e-09
390.09523809523813,6.830667194346403e-09
390.8396946564886,1.1347154768665851e-08
391.5869980879541,8.36398042849627e-09
392.3371647509578,8.692942388044092e-09
393.0902111324376,1.2314429926056297e-08
393.84615384615387,9.287476389787645e-09
394.6050096339113,7.005768787588438e-09
395.3667953667953,8.190858817438397e-09
396.1315280464217,9.110933421151933e-09
396.8992248062015,1.2025337089161811e-08
397.6699029126213,1.8775527619771278e-08
398.4435797665369,1.4796900717912565e-08
399.22027290448347,6.96779234533873e-09
400.0,9.235475238028645e-09
400.7827788649706,1.5063277849275156e-08
401.56862745098044,1.0770443385957754e-08
402.35756385068765,7.81526840491507e-09
403.1496062992126,9.835652891949977e-09
403.9447731755424,1.2860087466480774e-08
404.7430830039526,1.4158022328552267e-08
405.54455445544556,1.0518229523638444e-08
406.3492063492063,5.911003392356071e-09
407.1570576540755,8.184497520004452e-09
407.9681274900399,1.2990890341514951e-08
408.7824351297405,1.0995194653953153e-08
409.59999999999997,9.996613448008768e-09
410.4208416833667,1.0909554530336914e-08
411.24497991967877,8.664279541541467e-09
412.07243460764585,8.426992797370018e-09
412.9032258064516,9.358377317649938e-09
413.7373737373737,7.689276206443087e-09
414.57489878542515,5.121636560158284e-09
415.4158215010142,5.678539540211672e-09
416.260162601626,8.74291263508631e-09
417.10794297352334,8.459461329592823e-09
417.9591836734694,5.268856690746475e-09
418.81390593047036,6.707674640003128e-09
419.67213114754094,1.1443670696490884e-08
420.53388090349074,9.012557256749784e-09
421.3991769547325,5.4089069784520476e-09
422.2680412371134,7.104858314642984e-09
423.1404958677686,9.600877372294836e-09
424.0165631469979,9.71117491068855e-09
424.896265560166,7.222645266322616e-09
425.77962577962575,6.285696695353763e-09
426.6666666666667,7.653325132438778e-09
427.5574112734864,6.5197297687683084e-09
428.45188284518827,5.211939922588723e-09
429.3501048218029,1.2212068808864085e-08
430.25210084033614,1.7816465668870927e-08
431.1578947368421,1.259451225460436e-08
432.06751054852316,1.3531197917443695e-08
432.98097251585625,1.6878847336057102e-08
433.8983050847458,1.4356128230292063e-08
434.81953290870484,1.5067651890179688e-08
435.74468085106383,1.8429665739168297e-08
436.67377398720674,2.0385492095347953e-08
437.60683760683764,2.022438673412544e-08
438.54389721627405,1.499843050126973e-08
439.48497854077254,1.9606490486565475e-08
440.4301075268817,2.792193915795994e-08
441.37931034482756,2.178992961479985e-08
442.3326133909287,2.7295578927212573e-08
443.2900432900433,3.581249262574572e-08
444.2516268980477,2.1662126967347254e-08
445.2173913043478,2.9007498269553203e-08
446.1873638344227,4.0239993825365444e-08
447.1615720524017,1.9017643170579757e-08
448.14004376367615,3.172679717593016e-08
449.12280701754383,5.54822674255062e-08
450.1098901098901,3.275153319518459e-08
451.10132158590307,3.798043176265524e-08
452.0971302428256,4.568498781976961e-08
453.0973451327433,3.416901542472967e-08
454.1019955654102,6.294505528992674e-08
455.1111111111111,6.275010562074173e-08
456.1247216035635,4.373225733138535e-08
457.1428571428571,8.40101398688226e-08
458.165548098434,7.018464733421225e-08
459.19282511210764,6.02556821241009e-08
460.2247191011236,1.0248877835446307e-07
461.2612612612612,6.346054414836903e-08
462.3024830699774,8.007232724155516e-08
463.3484162895927,1.5105785882735938e-07
464.39909297052156,5.389162293481094e-08
465.4545454545454,9.46073959894443e-08
466.5148063781321,2.0024102968673815e-07
467.57990867579906,6.30143051712525e-08
468.64988558352405,1.200752346576568e-07
469.7247706422018,2.4222168985878457e-07
470.8045977011494,8.298412024688448e-08
471.889400921659,1.557111835453911e-07
472.97921478060044,2.457856522814997e-07
474.07407407407413,1.303184808477563e-07
475.17401392111367,2.254109351832703e-07
476.27906976744185,2.473627993750014e-07
477.3892773892773,2.2584824415035053e-07
478.5046728971963,3.6046184644294986e-07
479.62529274004686,1.6689213562941372e-07
480.75117370892025,3.4338465592770356e-07
481.88235294117646,6.196383003090245e-07
483.0188679245283,8.290041234706941e-08
484.160756501182,3.7291229810864325e-07
485.3080568720379,9.31906061963955e-07
486.46080760095015,5.072768325299059e-08
487.61904761904765,4.013872414158673e-07
488.7828162291169,1.3101496319546854e-06
489.95215311004785,1.5228161129697545e-07
491.1270983213429,3.834728524869508e-07
492.3076923076923,1.4768763364088394e-06
493.4939759036144,4.1909109050056874e-07
494.68599033816423,5.360665421576071e-07
495.8837772397094,1.3272719262594436e-06
497.08737864077665,7.275993733421614e-07
498.29683698296833,1.0496640873846636e-06
499.51219512195115,9.31514456146963e-07
500.7334963325183,9.396682746981605e-07
501.9607843137255,2.078438533292182e-06
503.1941031941032,6.2189173007213e-07
504.43349753694577,7.101374291636483e-07
505.679012345679,3.399791462473408e-06
506.9306930693069,6.386876670343991e-07
508.18858560794047,2.840033021237165e-07
509.452736318408,4.915530333633426e-06
510.72319201995015,1.3487946582180816e-06
511.99999999999994,8.131228185063257e-08
513.2832080200501,6.293326940688266e-06
514.572864321608,2.321805365997982e-06
515.8690176322418,1.0528479670495844e-06
517.1717171717172,8.064859386465366e-06
518.4810126582279,2.626594302555866e-06
519.7969543147208,3.8060420606588033e-06
521.1195928753181,1.137483449548588e-05
522.4489795918367,1.6038598369204953e-06
523.7851662404091,7.909445332337016e-06
525.1282051282051,1.826071253043241e-05
526.478149100257,1.1786024775323598e-07
527.8350515463917,1.3462382514193228e-05
529.1989664082687,2.715603999022222e-05
530.5699481865284,1.2072889318537868e-06
531.948051948052,2.257913356454582e-05
533.3333333333333,3.373263134653639e-05
534.7258485639686,7.79431479593512e-06
536.1256544502618,4.583437468924178e-05
537.5328083989501,2.9477791253144083e-05
538.9473684210527,1.8068734993969553e-05
540.3693931398416,9.886108516778854e-05
541.7989417989418,1.2981317926751889e-05
543.236074270557,2.363417177118585e-05
544.6808510638298,0.00019277095680427712
546.1333333333333,7.830988807624633e-07
547.5935828877006,2.5532572197096015e-05
549.0616621983914,0.0003015551518656714
550.5376344086021,2.6639203190773787e-05
552.021563342318,8.791716067273658e-05
553.5135135135134,0.0003358441939799212
555.0135501355013,9.191112834472025e-05
556.5217391304348,0.0003597942122692652
558.0381471389645,0.0002351233646811322
559.5628415300547,0.00013147759952593504
561.0958904109589,0.0010004607038120886
562.6373626373627,7.620209014376562e-05
564.1873278236914,6.945561180867622e-05
565.7458563535912,0.0021267815224796974
567.3130193905816,0.00015250235329823208
568.8888888888889,5.056618989722544e-05
570.4735376044569,0.003431186491512666
572.0670391061452,0.0009909085490151248
573.6694677871149,0.001217438926013213
575.2808988764044,0.003790689099837458
576.9014084507043,0.0025358626608027552
578.5310734463276,0.005872460566767332
580.1699716713881,0.002912603298840715
581.8181818181818,0.003725766425333469
583.4757834757835,0.01568808408259637
585.1428571428571,0.003396805797696474
586.8194842406876,0.004720123670039564
588.5057471264367,0.031015105814034077
590.2017291066282,0.011081959464650362
591.907514450867,0.011311042379219803
593.6231884057971,0.04951415820712237
595.3488372093024,0.03406635206149068
597.0845481049563,0.04273443528202713
598.8304093567251,0.06615182164354012
600.5865102639297,0.07497397628130154
602.3529411764705,0.13208724940601893
604.1297935103245,0.09271997442691123
605.9171597633135,0.13145013218639137
607.7151335311573,0.30744953179069473
609.5238095238094,0.18465369761819841
611.3432835820896,0.23451266116924321
613.1736526946107,0.5824745679837224
615.015015015015,0.44787995750715376
616.867469879518,0.5204147085899016
618.7311178247734,0.9755283255090835
620.6060606060606,1.0178914891586848
622.4924012158054,1.3045223204786716
624.390243902439,1.598487695214526
626.2996941896024,2.028661109172283
628.2208588957055,3.067722934840729
630.1538461538462,2.890007287609583
632.0987654320987,3.753272097248438
634.0557275541796,6.340119330698693
636.0248447204968,5.873731343833749
638.006230529595,7.125727586934384
640.0,11.730852208820036
642.0062695924764,12.211912106333967
644.0251572327044,14.52439036642667
646.0567823343847,20.48011525099755
648.1012658227849,24.098907703681135
650.1587301587301,30.365378467649467
652.2292993630573,35.93357608386619
654.3130990415335,44.654427686899155
656.4102564102564,60.871112512161645
658.5209003215434,65.6000335598281
660.6451612903226,80.09742657177881
662.7831715210356,113.5004928088414
664.9350649350649,122.61951967380055
667.100977198697,144.63486827482612
669.281045751634,198.60429581967256
671.4754098360655,225.30466931718541
673.6842105263158,264.78024447507863
675.9075907590759,333.82195649069985
678.1456953642385,393.9207372971123
680.3986710963455,477.49852545308863
682.6666666666666,553.0921064059263
684.9498327759198,656.6025492791179
687.248322147651,828.0633136509995
689.5622895622896,917.4375181077817
691.8918918918919,1061.849026957909
694.2372881355933,1351.2933246832877
696.5986394557823,1484.7615623212355
698.976109215017,1665.231315802242
701.3698630136986,2052.806336955811
703.7800687285223,2288.1536866398073
706.2068965517241,2563.0723239570943
708.6505190311418,2993.74529820656
711.1111111111111,3362.733822016964
713.588850174216,3812.19670602985
716.0839160839159,4143.168423138534
718.5964912280701,4507.7619038447965
721.1267605633802,5166.480693836873
723.6749116607774,5356.804075093765
726.241134751773,5631.6462237927335
728.8256227758006,6564.040031639196
731.4285714285714,6753.240104790388
734.0501792114695,6802.966147560651
736.6906474820144,7452.545503729632
739.3501805054151,7103.054565977683
742.0289855072464,6496.32626001039
744.7272727272727,6620.488514319368
747.4452554744526,6514.385482328854
750.1831501831501,6534.187338537622
752.9411764705883,6419.922640588436
755.7195571955718,6084.3223345095275
758.5185185185185,6173.757904148238
761.3382899628252,4924.90539255346
764.179104477612,3299.5297763520143
767.0411985018726,2938.2764443442993
769.9248120300753,1304.452028491807
772.8301886792452,398.6221312638253
775.7575757575758,474.43032424182945
778.7072243346007,5997.626702153954
781.6793893129772,9881.766855210071
784.6743295019156,6002.847896069507
787.6923076923077,4106.885755657736
790.7335907335906,3743.8308812840223
793.798449612403,2856.6918653235243
796.8871595330738,2236.288314715193
800.0,2124.3658753230216
803.1372549019609,2483.645074381948
806.2992125984252,3168.852718211656
809.4861660079052,3587.2633932427607
812.6984126984127,5674.693882743578
815.9362549800798,9959.021380882423
819.1999999999999,7326.287656304459
822.4899598393575,1946.5528485222894
825.8064516129032,1709.6793941171682
829.1497975708503,4482.0525349530335
832.520325203252,7098.852559186104
835.9183673469388,7210.471630203694
839.3442622950819,9388.61160162217
842.798353909465,10981.488657142512
846.2809917355372,9872.255711251175
849.792531120332,9878.282829449654
853.3333333333334,9835.89401186865
856.9037656903765,8088.661925272616
860.5042016806723,7064.988220726438
864.1350210970463,6486.619424926166
867.7966101694916,5329.943719698866
871.4893617021277,4589.2680419850185
875.2136752136753,4046.504816125841
878.9699570815451,3241.6971835357804
882.7586206896551,2563.510113044059
886.5800865800866,1985.714296216544
890.4347826086956,1504.279526992521
894.3231441048034,1155.3519713329551
898.2456140350877,806.4970932239233
902.2026431718061,586.7230732155989
906.1946902654867,468.83174375969776
910.2222222222222,299.87243765927536
914.2857142857142,202.65841876404002
918.3856502242153,173.61545985559957
922.5225225225224,102.35296578548495
926.6968325791854,59.26529427163801
930.9090909090908,55.18127133460421
935.1598173515981,31.41631998843498
939.4495412844036,15.000849747518949
943.778801843318,15.102675675816364
948.1481481481483,9.007893053723999
952.5581395348837,3.8964234823236055
957.0093457943926,3.5374076790862086
961.5023474178405,2.310897596816236
966.0377358490566,1.2516464604498463
970.6161137440758,0.6922880519655336
975.2380952380953,0.4773902823045028
979.9043062200957,0.48951828819321785
984.6153846153846,0.1387064663097267
989.3719806763285,0.08939453812031904
994.1747572815533,0.19175470337355532
999.0243902439023,0.05978996354954456
1003.921568627451,0.04741988910106613
1008.8669950738915,0.06246417244696675
1013.8613861386139,0.04806354560077946
1018.905472636816,0.0472795321579755
1023.9999999999999,0.013674431204698396
1029.145728643216,0.04223514444643895
1034.3434343434344,0.03708471068950334
1039.5939086294416,0.000743118941076071
1044.8979591836735,0.036119472010145585
1050.2564102564102,0.022393676741549004
1055.6701030927834,0.0010252717023214878
1061.139896373057,0.028708923039111132
1066.6666666666665,0.010603299123175649
1072.2513089005236,0.004543605707918561
1077.8947368421054,0.020610474931310113
1083.5978835978835,0.003644876005875047
1089.3617021276596,0.007301842926647084
1095.1871657754011,0.013211959664844567
1101.0752688172042,0.0006424451218363496
1107.0270270270269,0.008090042833541882
1113.0434782608695,0.007562166149827401
1119.1256830601094,8.095630008115937e-05
1125.2747252747254,0.0071443381712050225
1131.4917127071824,0.003824611848670146
1137.7777777777778,0.0006283105542191142
1144.1340782122904,0.005339865576926753
1150.5617977528088,0.0016288331559642009
1157.0621468926552,0.0013325496203171285
1163.6363636363635,0.0034971194740264105
1170.2857142857142,0.0005121447361075434
1177.0114942528735,0.001692776912657623
1183.815028901734,0.0020667094854610697
1190.6976744186047,8.57537790197788e-05
1197.6608187134502,0.0016120272926537546
1204.705882352941,0.0011313859551372826
1211.834319526627,5.0592568316483e-05
1219.0476190476188,0.0012465296509993834
1226.3473053892214,0.0005781472793239034
1233.734939759036,0.0001747243540544138
1241.2121212121212,0.00081463021919014
1248.780487804878,0.00026610776914547584
1256.441717791411,0.0002972550015741655
1264.1975308641975,0.00046495511021902794
1272.0496894409937,0.0001005728465367527
1280.0,0.000340734566329441
1288.0503144654087,0.00024336689160421539
1296.2025316455697,2.8756830379005252e-05
1304.4585987261146,0.0003013605740573821
1312.8205128205127,0.00012646804521023453
1321.2903225806451,1.5781697700272658e-05
1329.8701298701299,0.00021695555542489177
1338.562091503268,6.960839989688771e-05
1347.3684210526317,3.124322351338644e-05
1356.291390728477,0.00012921695364185388
1365.3333333333333,3.9695010405337655e-05
1374.496644295302,5.057397291876243e-05
1383.7837837837837,6.350613002423255e-05
1393.1972789115646,2.0981919163109975e-05
1402.7397260273972,5.963320643451811e-05
1412.4137931034481,2.552544662985625e-05
1422.2222222222222,9.260567126055945e-06
1432.1678321678319,5.579817662557496e-05
1442.2535211267605,8.518334080883062e-06
1452.482269503546,3.5853044271797445e-06
1462.857142857143,4.323874183800393e-05
1473.3812949640287,3.0051014415475148e-06
1484.0579710144928,2.5660564506007256e-06
1494.890510948905,2.8514453263082885e-05
1505.8823529411766,1.806617628320691e-06
1517.037037037037,3.7725684713222945e-06
1528.358208955224,1.60077884636832e-05
1539.8496240601505,1.4615918607321762e-06
1551.5151515151515,5.167837696973185e-06
1563.3587786259543,7.611219773273661e-06
1575.3846153846155,9.687280440875743e-07
1587.596899224806,5.58788716736731e-06
1600.0,2.964909656358068e-06
1612.5984251968505,4.4256493785348064e-07
1625.3968253968253,4.95240026023753e-06
1638.3999999999999,8.813595337711577e-07
1651.6129032258063,1.1146158732854044e-07
1665.040650406504,3.737235883371123e-06
1678.6885245901638,1.656660856049313e-07
1692.5619834710744,1.613409172637398e-08
1706.6666666666667,2.4439714527829837e-06
1721.0084033613446,1.1279032785320674e-08
1735.5932203389832,6.049133985065749e-08
1750.4273504273506,1.4019024010235507e-06
1765.5172413793102,1.2098351752597674e-08
1780.8695652173913,1.348063211063755e-07
1796.4912280701753,7.012885619401541e-07
1812.3893805309733,2.6871997523127872e-08
1828.5714285714284,1.7126274729583825e-07
1845.0450450450448,3.020198366363952e-07
1861.8181818181815,2.5592463551832288e-08
1878.8990825688072,1.6001320195628988e-07
1896.2962962962965,1.0938501297995948e-07
1914.0186915887853,1.738521176989118e-08
1932.0754716981132,1.2377438878919953e-07
1950.4761904761906,3.266440193130279e-08
1969.2307692307693,1.1204304713130968e-08
1988.3495145631066,8.150886244624165e-08
2007.843137254902,8.09749693395894e-09
2027.7227722772277,7.219463039845684e-09
2047.9999999999998,4.7215140865344206e-08
2068.686868686869,2.6765064153732398e-09
2089.795918367347,5.6113465514409885e-09
2111.340206185567,2.3724179470908462e-08
2133.333333333333,2.9415198877238716e-09
2155.789473684211,3.8382331475059786e-09
2178.723404255319,1.0091712958630532e-08
2202.1505376344085,2.9381367802135095e-09
2226.086956521739,2.4151388814729874e-09
2250.5494505494507,3.975615627790339e-09
2275.5555555555557,2.5151057953464844e-09
2301.1235955056177,1.4592765109726975e-09
2327.272727272727,1.2276484641358015e-09
2354.022988505747,2.0220019660802567e-09
2381.3953488372094,6.107116462219352e-10
2409.411764705882,2.4110664701025367e-10
2438.0952380952376,1.1370567862751006e-09
2467.469879518072,2.441490077364644e-10
2497.560975609756,4.7014614562839585e-11
2528.395061728395,8.193631470790149e-10
2560.0,3.1345204977126516e-11
2592.4050632911394,7.0179536417560855e-12
2625.6410256410254,4.65797096002162e-10
2659.7402597402597,8.953755449832868e-12
2694.7368421052633,1.3816415981697701e-11
2730.6666666666665,3.212630490672042e-10
2767.5675675675675,7.95985844009009e-11
2805.4794520547944,3.899072790949537e-11
2844.4444444444443,2.246014106008844e-10
2884.507042253521,1.4107945240215788e-10
2925.714285714286,6.135766976336404e-11
2968.1159420289855,7.360546240950588e-11
3011.764705882353,1.1350523725133941e-10
3056.716417910448,9.181395389215613e-11
3103.030303030303,2.570213408291175e-11
3150.769230769231,4.989775018677932e-11
3200.0,6.429175635342546e-11
3250.7936507936506,2.201791495236254e-11
3303.2258064516127,1.898696270365935e-11
3357.3770491803275,2.943957258045706e-11
3413.3333333333335,1.9212264455545552e-11
3471.1864406779664,8.132321126314697e-12
3531.0344827586205,9.136005164050305e-12
3592.9824561403507,9.047169831437634e-12
3657.142857142857,2.6637898779897597e-12
3723.636363636363,1.171670657213273e-12
3792.592592592593,2.8020089477924935e-12
3864.1509433962265,1.7927380137284324e-12
3938.4615384615386,3.3223386712744373e-13
4015.686274509804,3.5391574717817733e-13
4095.9999999999995,2.3251248206139027e-13
4179.591836734694,4.911436600381255e-14
4266.666666666666,2.4895578370509757e-13
4357.446808510638,2.283759923800922e-13
4452.173913043478,1.2626623766177632e-14
4551.111111111111,1.75617538956631e-14
4654.545454545454,1.564455893603021e-14
4762.790697674419,2.6968750772561073e-15
4876.190476190475,5.610904214246406e-16
4995.121951219512,6.206553973108502e-16
5120.0,3.0471303065373216e-16
5251.282051282051,3.991231596638186e-17
5389.473684210527,2.2777036536946744e-17
5535.135135135135,3.452732564048139e-17
5688.888888888889,4.349046120771239e-18
5851.428571428572,6.534850739578677e-19
6023.529411764706,3.0733088505716334e-18
6206.060606060606,4.794321234812862e-19
6400.0,6.328365849521842e-20
6606.451612903225,2.4083101255784973e-19
6826.666666666667,4.0211076852210137e-20
7062.068965517241,2.1075482398558564e-20
7314.285714285714,3.0553654399444676e-20
7585.185185185186,1.7517119399880643e-21
7876.923076923077,6.622714036342842e-21
