"Wavelength, nm",Intensity
136.44237175216523,6.640999800926691e-22
136.53333333333333,7.904870341743693e-22
136.62441627751835,9.330704441850822e-22
136.71562082777035,1.0770862532644373e-21
136.80694722778892,1.2210706069965759e-21
136.89839572192514,1.324057543550645e-21
136.98996655518394,3.5532637261752295e-20
137.08165997322624,3.487275098894986e-18
137.17347622237108,1.7314927452173355e-16
137.26541554959786,3.828142819142659e-15
137.35747820254863,4.638653197365205e-14
137.4496644295302,3.604326381769003e-13
137.54197447951645,2.0368243828662286e-12
137.63440860215053,9.131323023092638e-12
137.72696704774717,3.396437034670198e-11
137.81965006729476,1.0905962240003866e-10
137.9124579124579,3.1814887728741716e-10
138.0053908355795,8.659141956939239e-10
138.09844908968307,2.1641899002995545e-09
138.19163292847506,4.904735001119451e-09
138.28494260634707,1.0306378601100353e-08
138.37837837837836,2.0488734273323986e-08
138.47194050033806,3.784171219362821e-08
138.5656292286874,6.37444593896279e-08
138.65944482058225,1.0017689418398904e-07
138.75338753387533,1.5168435220513735e-07
138.84745762711862,2.1908788447948525e-07
138.94165535956583,2.943769366422013e-07
139.03598099117448,3.746455107293584e-07
139.1304347826087,4.734274752304899e-07
139.22501699524133,5.975101750918406e-07
139.31972789115645,7.255485142487095e-07
139.4145677331518,8.422868108055007e-07
139.50953678474113,9.80160320530327e-07
139.60463531015677,1.1736090442902952e-06
139.69986357435198,1.3749099314693106e-06
139.79522184300342,1.4998462219392669e-06
139.89071038251367,1.5737438218318434e-06
139.98632946001365,1.6996083648943635e-06
140.08207934336525,1.839774899450306e-06
140.17796030116358,1.8312789896585222e-06
140.27397260273972,1.6972388822345716e-06
140.37011651816314,1.6700800349384508e-06
140.46639231824417,1.7890007034456777e-06
140.56280027453673,1.824948116190538e-06
140.65934065934067,1.7763423714618025e-06
140.75601374570448,2.0134837232573843e-06
140.85281980742778,2.6736557236590182e-06
140.949759119064,3.4139893039998344e-06
141.04683195592284,4.169349701722212e-06
141.14403859407307,5.584755199736779e-06
141.24137931034483,8.070821448051745e-06
141.33885438233264,1.1088284092021622e-05
141.4364640883978,1.4308309750289026e-05
141.53420870767104,1.8702448819624334e-05
141.6320885200553,2.5146916492233196e-05
141.73010380622836,3.289387163308878e-05
141.8282548476454,4.114540528673611e-05
141.92654192654192,5.086786326310774e-05
142.0249653259362,6.296444532170263e-05
142.1235253296322,7.647037655023745e-05
142.22222222222223,9.094556966228702e-05
142.32105628908963,0.00010791940974281766
142.42002781641168,0.00012722735758757052
142.51913709116212,0.00014611004229373798
142.6183844011142,0.00016535594875461348
142.7177700348432,0.00019007178424241349
142.81729428172943,0.000219664680488381
142.91695743196092,0.00024607469555778475
143.0167597765363,0.0002688872113559516
143.11670160726763,0.00029994668988393914
143.21678321678323,0.0003427773509246301
143.31700489853043,0.000383246305148039
143.4173669467787,0.00041514156091623523
143.5178696566223,0.00045579193962991694
143.61851332398317,0.0005168783860525833
143.71929824561403,0.0005818791498637742
143.8202247191011,0.0006371120824272034
143.92129304286718,0.0007008502073425409
144.0225035161744,0.0007915917620533957
144.12385643912737,0.0008926416178844084
144.22535211267606,0.0009834675016854285
144.32699083861874,0.0010811927978538818
144.42877291960508,0.0012097410965626963
144.530698659139,0.0013505893956883015
144.6327683615819,0.0014721170618585643
144.73498233215545,0.0015894760552886248
144.83734087694484,0.0017387620875631566
144.9398443029016,0.0019026109601929563
145.04249291784703,0.002029227156482495
145.14528703047483,0.0021260030595799083
145.24822695035462,0.0022527113931595007
145.35131298793468,0.0024057125608276733
145.45454545454544,0.002507828349013125
145.55792466240226,0.002549544739057909
145.66145092460883,0.0026220865695587726
145.76512455516016,0.002750409900315782
145.86894586894587,0.002832873461978088
145.9729151817534,0.0028329404964047714
146.07703281027102,0.002869930690039091
146.18129907209135,0.003006126345038874
146.28571428571428,0.003123790083492841
146.39027877055037,0.0031522231071193564
146.49499284692416,0.003220851651061733
146.59985683607732,0.0034235118286803554
146.7048710601719,0.0036348881346437026
146.8100358422939,0.0037470402644610135
146.91535150645623,0.003885076780913232
147.0208183776023,0.0041764504543369925
147.1264367816092,0.004492576965698427
147.23220704529115,0.004660376698569617
147.33812949640287,0.004780261239827447
147.4442044636429,0.005059632598834644
147.55043227665706,0.005421155386251
147.6568132660418,0.005586843319053577
147.76334776334778,0.0055480956571658715
147.87003610108303,0.005612965193444847
147.97687861271675,0.005878366238039394
148.08387563268258,0.006012031081148262
148.19102749638205,0.005802249886416377
148.29833454018825,0.005571680493195835
148.40579710144928,0.005651869851820455
148.51341551849166,0.005770599677944875
148.6211901306241,0.005507880187302205
148.72912127814087,0.005092108111312741
148.8372093023256,0.005054980615580271
148.94545454545454,0.005279719189788749
149.0538573508006,0.005188638940494676
149.16241806263656,0.004800723989981927
149.27113702623907,0.004744922502763742
149.38001458789202,0.005163238995032865
149.4890510948905,0.005456348997305546
149.59824689554418,0.005327741578603913
149.70760233918128,0.005290218423080914
149.81711777615214,0.0057748315955088595
149.9267935578331,0.006401536866394035
150.03663003663004,0.006625452830409217
150.1466275659824,0.006613583896962604
150.25678650036684,0.006903349773265581
150.36710719530103,0.007488784770575182
150.47759000734754,0.007851122503530216
150.58823529411762,0.007802862119102208
150.69904341427517,0.007734332265949389
150.8100147275405,0.007931277842404128
150.92114959469419,0.008125304015301621
151.03244837758112,0.007962775892319286
151.1439114391144,0.007570451144713123
151.25553914327915,0.007324861897521019
151.3673318551367,0.007270693248754017
151.47928994082838,0.007118423059492786
151.59141376757958,0.0067370143432327265
151.7037037037037,0.006346964266449685
151.81616011860638,0.006202415238018169
151.92878338278933,0.006276132173057255
152.04157386785448,0.006342876167351602
152.15453194650817,0.006309749316472344
152.26765799256503,0.006356108399948549
152.38095238095235,0.006685550553767359
152.4944154877141,0.0072328688957616506
152.6080476900149,0.007763527473914034
152.72184936614468,0.008199813120429974
152.8358208955224,0.008657875128888092
152.9499626587005,0.009192605003435595
153.0642750373692,0.009714592514221914
153.1787584143605,0.01016812284666919
153.29341317365268,0.010579926510832456
153.40823970037454,0.010882647939035907
153.5232383808096,0.010907525778945127
153.6384096024006,0.010653431218275626
153.75375375375376,0.010355647544267188
153.86927122464311,0.010157814293026469
153.98496240601503,0.009916459518098851
154.10082768999246,0.009461417467775278
154.2168674698795,0.008845519379869611
154.33308214016577,0.00822462062481663
154.4494720965309,0.007706407102997657
154.56603773584905,0.007402382235002022
154.68277945619334,0.007391058673184868
154.79969765684052,0.007551408634875163
154.91679273827532,0.007675695894149797
155.0340651021953,0.007817758408035178
155.15151515151516,0.008276449975023395
155.2691432903715,0.009159538392042758
155.38694992412746,0.010220710735918265
155.50493545937738,0.011199548219726803
155.62310030395136,0.012060191355579774
155.74144486692012,0.012828607738358722
155.8599695585997,0.013463559734432905
155.97867479055597,0.013971808419152222
156.09756097560975,0.014415376866050555
156.21662852784135,0.0147125824190404
156.33587786259542,0.014625751958804676
156.45530939648586,0.0140577383313039
156.5749235474006,0.013214089044991778
156.69472073450652,0.012351050497880147
156.8147013782542,0.01150404751024922
156.93486590038313,0.010613322124368343
157.05521472392638,0.009754660683803826
157.17574827321565,0.009050923649874153
157.29646697388634,0.008518574896718197
157.4173712528824,0.008197894570787498
157.53846153846155,0.00826390431789894
157.65973826020013,0.008828500128931731
157.78120184899845,0.009781228028730757
157.9028527370856,0.01094984684935094
158.02469135802468,0.012282424523507545
158.14671814671814,0.013770880981466047
158.26893353941267,0.015304978300404268
158.39133797370457,0.01671896796502386
158.5139318885449,0.017923619240123034
158.63671572424477,0.01887070085004514
158.7596899224806,0.01943437931464209
158.88285492629947,0.019474218422952484
159.0062111801242,0.01898841643822136
159.12975912975912,0.018083610678846344
159.25349922239502,0.016839860716017462
159.37743190661476,0.015310696563958058
159.50155763239874,0.013617397317501438
159.62587685113016,0.011959949494763087
159.7503900156006,0.010529529205694312
159.87509758001562,0.009449243487320458
160.0,0.008822705287218815
160.12509773260362,0.00877723544913415
160.2503912363067,0.009382556476711724
160.37588097102582,0.010587966939303233
160.5015673981191,0.012300726491272786
160.62745098039213,0.01443770241104312
160.7535321821036,0.016864638726131493
160.87981146897093,0.01937257782607595
161.0062893081761,0.02172964134064648
161.13296616837135,0.02372151366025903
161.25984251968504,0.025160632600981055
161.38691883372735,0.025883167531573846
161.51419558359618,0.02577669563411454
161.64167324388316,0.024837901234588032
161.7693522906793,0.023162542750663744
161.89723320158103,0.02088881293585502
162.0253164556962,0.018209962531294695
162.15360253365006,0.015393719576222853
162.28209191759112,0.012736710707782296
162.41078509119745,0.01053288453358403
162.53968253968253,0.009047622706601536
162.66878474980143,0.008467595135080814
162.79809220985692,0.008904545848643438
162.92760540970565,0.010402902158799245
163.05732484076432,0.01288315177652535
163.18725099601593,0.016141283473925353
163.31738437001593,0.019905911049064546
163.44772545889865,0.02384307491829892
163.57827476038338,0.02757661064977674
163.709032773781,0.03074419312089497
163.84,0.033010889901126945
163.97117694155327,0.034106164249484566
164.1025641025641,0.033881815773838996
164.23416198877305,0.032305470064560055
164.3659711075441,0.029483973687788854
164.49799196787149,0.025704544254425896
164.63022508038586,0.021355615289266633
164.76267095736122,0.016870549154784045
164.89533011272144,0.012762217593759367
165.02820306204674,0.009536308135693
165.16129032258064,0.0075775113439874335
165.29459241323647,0.007187042747352748
165.4281098546042,0.008551565657651508
165.56184316895713,0.011619096051093736
165.6957928802589,0.01613684088092575
165.82995951417004,0.021730116950755957
165.9643435980551,0.027869065794235752
166.09894566098947,0.033907447213159476
166.23376623376623,0.03919902267454527
166.36880584890332,0.043152648185597525
166.5040650406504,0.045291829868827224
166.63954434499593,0.04532561248635783
166.77524429967426,0.043170147547598445
166.9111654441728,0.038983079196851074
167.047308319739,0.03317975875590869
167.18367346938777,0.026378210996873975
167.3202614379085,0.01935394763847284
167.45707277187245,0.012965504874807651
167.59410801963992,0.008014589572371408
167.7313677313677,0.005177225834119827
167.86885245901638,0.0049530421693981565
168.00656275635768,0.007539092075946966
168.14449917898193,0.012802175471379013
168.28266228430567,0.02033055411312219
168.42105263157896,0.029398599130383677
168.559670781893,0.03901785893671598
168.6985172981878,0.048126423737572414
168.83759274525966,0.055677759556789615
168.97689768976898,0.06071218421845176
169.11643270024774,0.06254036599666628
169.25619834710741,0.06084872376398259
169.39619520264682,0.05572516953644918
169.53642384105962,0.04770267438424013
169.67688483844242,0.03769110394281429
169.81757877280262,0.026854097943722434
169.95850622406635,0.01655233354563918
170.09966777408638,0.00818654964835875
170.24106400665005,0.0029660294815199097
170.3826955074875,0.0017883759577876236
170.52456286427974,0.005114078548875854
170.66666666666666,0.012829379747827866
170.8090075062552,0.02427103607105034
170.9515859766277,0.03828786495397857
171.09440267335003,0.05329325456690659
171.23745819397996,0.06749749589837409
171.3807531380753,0.07918012753058556
171.52428810720266,0.08683119976151454
171.66806370494552,0.0893470802011146
171.81208053691276,0.08627103338421734
171.95633921074725,0.0778520802406577
172.10084033613444,0.06499625075769448
172.24558452481077,0.049243278461069635
172.3905723905724,0.03265623856505379
172.5358045492839,0.017554581362665574
172.681281618887,0.006190773521885411
172.82700421940928,0.00045104155060484417
172.97297297297297,0.0015755224668513278
173.11918850380385,0.00992853406573667
173.26565143824024,0.02492303689329014
173.41236240474177,0.04507837137901233
173.55932203389833,0.0681237949977288
173.70653095843934,0.09127628635188048
173.85398981324278,0.11169303069988602
174.0016992353441,0.12676506918054148
174.14965986394557,0.134318979299363
174.2978723404255,0.13307580625614537
174.44633730834755,0.12303346954960623
174.59505541346974,0.10538913057380411
174.74402730375425,0.082399550445063
174.8932536293766,0.05730868230857877
175.04273504273505,0.033926049468872135
175.1924721984602,0.01599339701648058
175.34246575342465,0.006675291358354163
175.49271636675235,0.008079339557086946
175.6432246998285,0.02088704564684067
175.79399141630904,0.04423800703980681
175.94501718213058,0.07576469346632067
176.0963026655202,0.11187335104011435
176.24784853700515,0.1482125328950933
176.3996554694229,0.18008716805941916
176.55172413793102,0.2031098367283813
176.70405522001724,0.21403687499276436
176.85664939550952,0.2111364521446913
177.00950734658602,0.19441783093993684
177.16262975778545,0.16614619470529848
177.3160173160173,0.13074723932954405
177.46967071057193,0.09388538985691779
177.62359063313096,0.061655819491349594
177.77777777777777,0.039863569601696104
177.93223284100782,0.033021735607367105
178.08695652173913,0.04355629811501727
178.24194952132288,0.07145387514774848
178.397212543554,0.11420285069108795
178.55274629468178,0.16709940268993187
178.70855148342056,0.22383682863657942
178.86462882096066,0.27726537203024576
179.02097902097898,0.3203111457937587
179.17760279965006,0.34687576194197467
179.33450087565674,0.35280131008199433
179.4916739702016,0.3369776249052584
179.64912280701753,0.301937463863964
179.80684811237927,0.2535306828259874
179.96485061511424,0.2001221010930655
180.12313104661388,0.15149352969192792
180.28169014084506,0.11725177081219756
180.44052863436124,0.1050410380943035
180.59964726631395,0.11915063083700443
180.75904677846424,0.15979664397956958
180.91872791519435,0.22311465100280886
181.07869142351902,0.3018145163659655
181.23893805309734,0.38624047033909104
181.39946855624444,0.4656090694871271
181.56028368794324,0.5294890175581096
181.72138420585628,0.5693130853568857
181.88277087033748,0.5794976750810458
182.04444444444445,0.5584540160279632
182.20640569395016,0.5096532901396835
182.3686553873553,0.44180106790368867
182.53119429590015,0.3676671127852353
182.69402319357712,0.3021998054640691
182.85714285714286,0.26009385539781354
183.0205540661305,0.2528507976131745
183.18425760286226,0.2861799225115925
183.34825425246197,0.35857814707130536
183.51254480286738,0.46149200496806797
183.67713004484304,0.581008727684315
183.84201077199282,0.7004103506340624
184.00718778077265,0.8030381487743313
184.1726618705036,0.8751398703434783
184.33843384338437,0.9080316665683557
184.5045045045045,0.8991185851402653
184.67087466185754,0.8519382025348288
184.83754512635377,0.775606005361392
185.0045167118338,0.6839923202303987
185.17179023508135,0.5944813527488948
185.33936651583707,0.5258178845767565
185.5072463768116,0.49515288697636206
185.675430643699,0.5148595065223525
185.84392014519057,0.5895690248503401
186.01271571298818,0.7140938359293945
186.1818181818182,0.8729756229562173
186.3512283894449,1.0422096571056765
186.52094717668484,1.193702017865793
186.69097538742025,1.3017381188715789
186.86131386861314,1.3488978090647739
187.03196347031962,1.3296646540057853
187.20292504570384,1.2517549112257365
187.37419945105214,1.1347567719782803
187.54578754578753,1.00562066963103
187.71769019248396,0.8925437926646587
187.88990825688072,0.8194518759291644
188.06244260789717,0.8020313108070594
188.23529411764707,0.8456734396222968
188.40846366145354,0.9455363630628262
188.5819521178637,1.0883808334441485
188.75576036866357,1.2553618852408726
188.92988929889296,1.4245988292730996
189.10433979686056,1.5730981709209975
189.27911275415894,1.6791871384135633
189.45420906567992,1.725875518065552
189.62962962962962,1.703885830633042
189.80537534754404,1.6143088008441433
189.98144712430428,1.4712084549382853
190.15784586815226,1.3017753896127149
190.3345724907063,1.1422008916725361
190.51162790697674,1.0307804840757504
190.68901303538178,0.999628959879718
190.8667287977633,1.0659015942735535
191.044776119403,1.2251665294191127
191.22315592903828,1.4499318544549709
191.4018691588785,1.6949003723867087
191.5809167446211,1.9074437031996108
191.76029962546815,2.039662445820884
191.94001874414244,2.0604514943926704
192.12007504690433,1.9652174807774458
192.3004694835681,1.7777433167532286
192.48120300751881,1.5434627184816885
192.66227657572907,1.3185427242961678
192.8436911487759,1.1566278862528254
193.02544769085767,1.095033941400876
193.2075471698113,1.1452373633927102
193.38999055712932,1.2908875175312955
193.57277882797732,1.493348021446269
193.75591296121098,1.7025418239636068
193.93939393939394,1.8693124370575869
194.12322274881518,1.9568161875169217
194.30740037950665,1.9493201873538015
194.49192782526114,1.8551129251920406
194.67680608365018,1.7020643388170251
194.86203615604185,1.5289198591999602
195.04761904761907,1.3755842986057996
195.23355576739752,1.2737931129382407
195.4198473282443,1.240233711001766
195.6064947468959,1.2742428146339713
195.79349904397705,1.360085239239731
195.9808612440191,1.4721844769952472
196.1685823754789,1.5818525236202068
196.35666347075744,1.6645847422820867
196.5451055662188,1.7055916328054384
196.73390970220942,1.7012684070541775
196.92307692307693,1.6581087216452286
197.1126082771896,1.5908010355439857
197.30250481695566,1.5180532737713672
197.4927675988428,1.4569291359065435
197.68339768339766,1.419417455309199
197.8743961352657,1.4115136932191794
198.06576402321085,1.4325608566271417
198.25750242013552,1.475447697138538
198.44961240310076,1.5295436328404652
198.64209505334625,1.584540255134988
198.83495145631065,1.6319595848312443
199.02818270165207,1.665740351230384
199.22178988326846,1.6841762429856086
199.4157740993184,1.690246909609142
199.61013645224173,1.6887896091385333
199.8048780487805,1.6848096765390057
200.0,1.6840024573053258
200.19550342130987,1.691420205960551
200.3913894324853,1.7088131829332216
200.58765915768853,1.7351362804311439
200.78431372549022,1.7689856275202605
200.9813542688911,1.808337586610984
201.17878192534383,1.8492630746936174
201.37659783677483,1.8879284120660147
201.5748031496063,1.9231531933928723
201.77339901477833,1.9550543365771094
201.9723865877712,1.9830059805158589
202.1717670286278,2.007081070115425
202.3715415019763,2.029493348280942
202.57171117705244,2.0525109593032393
202.77227722772278,2.0764908841941345
202.97324083250743,2.1011402307295217
203.17460317460316,2.126846374991127
203.37636544190661,2.1537261282552245
203.57852882703776,2.1808725962247983
203.78109452736314,2.2072491716466445
203.98406374501994,2.232362659155632
204.1874376869392,2.25586387313746
204.39121756487026,2.277210485403213
204.5954045954046,2.2958801264228925
204.79999999999998,2.311818537464177
205.005005005005,2.325818237509995
205.21042084168334,2.3390768509115123
205.41624874623875,2.3519424335568617
205.62248995983938,2.363723351921157
205.8291457286432,2.3740658998018804
206.03621730382292,2.383476875202002
206.24370594159112,2.392254964712317
206.4516129032258,2.4001048894912733
206.65993945509584,2.406958945178715
206.86868686868684,2.4132007067197505
207.07785642062692,2.419079043113435
207.28744939271257,2.424609544301538
207.49746707193518,2.429907895507527
207.7079107505071,2.4351247881942606
207.9187817258883,2.4403884684565202
208.130081300813,2.4461093999109886
208.34181078331636,2.4528085488498994
208.55397148676167,2.4605599861950345
208.7665647298675,2.469128303241964
208.9795918367347,2.478557927563156
209.19305413687437,2.4892831183889057
209.40695296523518,2.501674647788656
209.6212896622313,2.5156420281260057
209.83606557377047,2.5309798649624318
210.05128205128204,2.54793134590646
210.26694045174537,2.5668251617138904
210.48304213771837,2.587421281450814
210.69958847736626,2.60924062861858
210.91658084449023,2.632313332604395
211.1340206185567,2.6570657991453266
211.3519091847265,2.683592255271903
211.5702479338843,2.7115973872864796
211.78903826266804,2.7408326763979196
212.00828157349895,2.7709616630253806
212.22797927461139,2.801546818452383
212.448132780083,2.832541758808789
212.668743509865,2.864020650186651
212.88981288981287,2.895641945321347
213.11134235171693,2.9270459775688593
213.33333333333334,2.958226742876468
213.555787278415,2.9890704241582533
213.7787056367432,3.0188471361484135
214.00208986415882,3.046905011973273
214.22594142259413,3.0740112131873607
214.4502617801047,3.101302261442152
214.67505241090146,3.127709401583933
214.900314795383,3.1512256753960295
215.12605042016807,3.1725784099332874
215.35226077812828,3.1939618862848285
215.57894736842104,3.214463504374431
215.80611169652263,3.2314458744563046
216.03375527426158,3.246096163684746
216.26187961985215,3.2616141396697
216.49048625792813,3.2772532241902663
216.7195767195767,3.2907717430722823
216.9491525423729,3.302842651293028
217.17921527041358,3.3141817381806127
217.40976645435242,3.3252320226720813
217.64080765143464,3.3384074449301537
217.87234042553192,3.3523607138135647
218.10436634717786,3.3620018624931434
218.33688699360337,3.371343978618064
218.5699039487727,3.389746523282486
218.80341880341882,3.411547243099139
219.0374331550802,3.4244133606338365
219.27194860813702,3.436268327711548
219.5069667738478,3.461818619926669
219.74248927038627,3.4923249472424733
219.97851772287862,3.513305660070612
220.21505376344086,3.532013254726521
220.45209903121636,3.559995439443656
220.68965517241378,3.595778423921528
220.92772384034518,3.632667647390987
221.16630669546436,3.660412107298418
221.4054054054054,3.6800333768707043
221.64502164502164,3.7184140760383104
221.88515709642468,3.77755136222108
222.12581344902384,3.809086130695193
222.36699239956567,3.8106478346025483
222.6086956521739,3.8511064742754133
222.85092491838955,3.926841611944713
223.09368191721134,3.9530601554683393
223.3369683751363,3.943459516835275
223.58078602620085,3.98374553096779
223.82513661202185,4.047733215782157
224.07002188183807,4.071376987015175
224.31544359255204,4.084375940972645
224.56140350877192,4.097330747405897
224.80790340285398,4.101041173033513
225.05494505494505,4.172086252646516
225.30253025302528,4.254798776940979
225.55066079295153,4.159214425676536
225.79933847850054,4.074872505300372
226.0485651214128,4.315581378581917
226.29834254143645,4.468310308083522
226.54867256637166,4.118226698761339
226.79955703211516,4.012774107232536
227.0509977827051,4.60195744871211
227.30299667036624,4.687801804926992
227.55555555555554,3.916092788973558
227.80867630700777,4.046362914065538
228.06236080178175,5.136883639039172
228.31661092530658,4.792279182476824
228.57142857142856,3.5333910338588654
228.82681564245812,4.413013115362086
229.082774049217,5.975731442622959
229.33930571108624,4.578455272228275
229.59641255605382,3.0490994327290935
229.8540965207632,5.459990626836598
230.1123595505618,7.1204555369063565
230.37120359955006,3.832864026589869
230.6306306306306,2.7216440467490894
230.89064261555805,7.704304923538097
231.1512415349887,8.649403669110502
231.41242937853107,2.5153562937208336
231.67420814479635,3.127289304291696
231.9365798414496,12.026844114411524
232.19954648526078,11.083195997849877
232.46311010215663,1.1098320521764515
232.7272727272727,5.384381518534011
232.9920364050057,20.05973284834215
233.25740318906605,16.035343325183064
233.52337514253134,1.1371845321699645
233.78995433789953,11.417190619235132
234.05714285714288,34.61987864962879
234.32494279176203,26.91168652595845
234.59335624284074,5.634918484936201
234.8623853211009,23.875073486907638
235.13203214695753,59.451688163537945
235.4022988505747,48.893838287525135
235.67318757192174,18.8586484436536
235.9447004608295,44.737093713634486
236.2168396770473,96.80424292386095
236.48960739030022,86.45151032705341
236.76300578034682,43.98136274493685
237.03703703703707,71.73091786100038
237.3117033603708,141.55934208857377
237.58700696055683,136.7638531244627
237.862950058072,78.18726450321384
238.13953488372093,94.1595232202513
238.41676367869616,174.54505448282254
238.69463869463866,181.30727261735714
238.97316219369893,107.8876729524939
239.25233644859816,94.7179570881293
239.53216374269007,166.51184422182467
239.81264637002343,186.92203087900648
240.0937866354044,111.85859964583828
240.37558685446012,64.50530380507541
240.65804935370153,104.9343765641124
240.94117647058823,132.01885438159965
241.2249705535924,78.8763361471568
241.50943396226415,22.032493210003526
241.79456906729635,27.599957708560243
242.080378250591,46.54323145143117
242.3668639053254,28.231009203867806
242.65402843601896,4.101125266209515
242.94187425860022,4.19647165228805
243.23040380047507,5.282763075891007
243.51961950059456,0.6255720652544392
243.80952380952382,18.15606106257425
244.1001191895113,46.11303757517609
244.39140811455846,39.59733109504436
244.68339307048984,12.852140021000668
244.97607655502392,25.194773871238876
245.2694610778443,69.23179789228708
245.56354916067144,75.25144861745385
245.85834333733493,33.03275213451891
246.15384615384616,8.31172670620608
246.4500601684717,27.398755960264907
246.7469879518072,41.920649020829195
247.04463208685164,23.281585949803546
247.34299516908212,3.621674987824435
247.6420798065296,4.7312663226970555
247.9418886198547,6.217716801231565
248.24242424242422,1.366841077698269
248.54368932038832,12.300064045697697
248.8456865127582,34.66967956505996
249.14841849148416,33.820490210456306
249.45188794153472,9.87182559587046
249.75609756097558,4.236187087706195
250.06105006105005,27.2814652046495
250.36674816625916,40.06620268001358
250.6731946144431,22.66820757684184
250.98039215686276,3.1187998620609996
251.2883435582822,3.2457801524780256
251.5970515970516,8.047059463582483
251.90651906519062,5.465335461624088
252.21674876847288,9.106179028545537
252.52774352651045,22.594741567896552
252.8395061728395,24.556835400022543
253.15203955500616,8.755955104275372
253.46534653465346,0.16921794687292602
253.7794299876084,12.635931998758075
254.09429280397023,25.474266010727995
254.40993788819875,19.96022261011746
254.726368159204,8.053737529479555
255.04358655043586,6.099252006498103
255.36159600997507,7.780188732060308
255.6803995006242,4.203106338682278
255.99999999999997,4.50391479531647
256.3204005006258,15.480582954130584
256.64160401002505,23.668058029262667
256.9636135508155,16.634281050984985
257.286432160804,4.6580726222998825
257.61006289308176,3.18228669821608
257.9345088161209,8.963906578363888
258.2597730138714,10.680734011830198
258.5858585858586,9.48296202895963
258.91276864728195,12.296744483866828
259.24050632911394,15.73270072450741
259.5690747782003,12.111924417800491
259.8984771573604,4.886175271049629
260.22871664548916,4.525821867171381
260.55979643765903,10.629629646040389
260.89171974522293,13.346765745394768
261.2244897959184,11.046592183191274
261.5581098339719,10.330208228702213
261.89258312020456,12.023602029327447
262.2279129321382,10.844409847099058
262.56410256410254,6.906985399000512
262.9011553273428,6.087836137657916
263.2390745501285,9.393559784322468
263.5778635778636,11.85259384300158
263.91752577319585,11.08177202838122
264.258064516129,9.861352084373424
264.59948320413434,10.278061136986988
264.9417852522639,10.900850914882387
265.2849740932642,9.757850176990573
265.6290531776913,8.336230730425106
265.974025974026,9.43979328526509
266.3198959687906,11.72483450073986
266.66666666666663,11.82974373238029
267.01434159061273,10.472855448016736
267.3629242819843,10.41515741268506
267.7124183006536,11.011571832327013
268.0628272251309,10.260689796511008
268.41415465268676,9.23299853791318
268.76640419947506,9.63811090647783
269.119579500657,10.431967983761687
269.47368421052636,10.496063296482587
269.82872200263506,10.541051696001489
270.1846965699208,10.973067165919028
270.5416116248349,11.384087165962665
270.8994708994709,11.49130571351765
271.25827814569533,11.118930004429439
271.6180371352785,10.435946268363459
271.97875166002655,10.162300143614562
272.3404255319149,10.447968784247053
272.70306258322233,10.681833872103413
273.06666666666666,10.800957921476872
273.4312416555407,11.277395059631283
273.7967914438503,11.898732413289087
274.1633199464525,11.997196090457312
274.5308310991957,11.619366637807879
274.8993288590604,11.31531369114953
275.26881720430106,11.211135398312853
275.6393001345895,11.090671122164446
276.010781671159,10.931658698292688
276.3832658569501,10.88769017083221
276.7567567567567,10.978668215998383
277.1312584573748,11.082324154635437
277.50677506775065,11.136504748485253
277.88331071913166,11.206013922913401
278.2608695652174,11.367608682949655
278.6394557823129,11.585234448027022
279.01907356948226,11.750995131238403
279.39972714870396,11.842309878401988
279.78142076502735,11.91433213611195
280.1641586867305,11.95393867453397
280.54794520547944,11.912146028257236
280.93278463648835,11.818875187563453
281.31868131868134,11.725182144905862
281.70563961485556,11.63247799744445
282.0936639118457,11.540348223979489
282.48275862068965,11.464103713929132
282.8729281767956,11.415652589120505
283.2641770401106,11.415878979235595
283.6565096952908,11.474072103705478
284.0499306518724,11.566189628847887
284.44444444444446,11.676198246321729
284.84005563282335,11.80389282679324
285.2367688022284,11.922916964785227
285.63458856345886,11.999215306768345
286.0335195530726,12.029841826602722
286.43356643356645,12.02117513085079
286.8347338935574,11.974897342730815
287.23702664796633,11.9071834847273
287.6404494382022,11.841348049904589
288.0450070323488,11.790665225572818
288.4507042253521,11.76259462593348
288.85754583921016,11.76155263402687
289.2655367231638,11.783189169338545
289.6746817538897,11.816995240376627
290.08498583569406,11.856268706431246
290.49645390070924,11.896272849122672
290.9090909090909,11.927182546926703
291.32290184921766,11.94185361110476
291.73789173789174,11.938523857504949
292.15406562054204,11.91181815789161
292.57142857142856,11.860608876901779
292.9899856938483,11.798224300625472
293.4097421203438,11.741216062645094
293.83070301291247,11.70342218138851
294.2528735632184,11.701971368020892
294.67625899280574,11.74559148068385
295.1008645533141,11.823225633834122
295.52669552669556,11.920450718683039
295.9537572254335,12.026714172182697
296.3820549927641,12.126455761697496
296.81159420289856,12.211966635861575
297.2423802612482,12.287781568206979
297.6744186046512,12.348516127867
298.1077147016012,12.37917758426478
298.54227405247815,12.365467317680164
298.978102189781,12.285976780468916
299.41520467836256,12.122609320680617
299.8535871156662,11.881844561267355
300.2932551319648,11.589466868430348
300.73421439060206,11.282937112232098
301.17647058823525,11.012680348509578
301.620029455081,10.825309661869875
302.06489675516224,10.74802727659303
302.5110782865583,10.798530706871297
302.95857988165676,10.990078005302506
303.4074074074074,11.32539537739155
303.85756676557867,11.802805932155659
304.30906389301634,12.412038777846254
304.7619047619047,13.110909409772578
305.2160953800298,13.820246607233122
305.6716417910448,14.433067000046597
306.1285500747384,14.823417440496629
306.58682634730536,14.87855286808014
307.0464767616192,14.539562344922805
307.5075075075075,13.8161102930168
307.96992481203006,12.78777815510834
308.433734939759,11.593107026188237
308.8989441930618,10.393036807003941
309.3655589123867,9.334910913176927
309.83358547655064,8.535280668162924
310.3030303030303,8.071081763363223
310.7738998482549,7.982404029461565
311.2462006079027,8.285486270129917
311.7199391171994,8.975459560170481
312.1951219512195,10.015978504543696
312.67175572519085,11.330612084862684
313.1498470948012,12.799479462249565
313.6294027565084,14.266764837209859
314.11042944785277,15.575207230896892
314.5929339477727,16.61530580837505
315.0769230769231,17.361440089462157
315.5624036979969,17.888653994901446
316.04938271604937,18.355077469496532
316.53786707882534,18.939506300636168
317.0278637770898,19.765194988181058
317.5193798449612,20.83752768582143
318.0124223602484,22.01444230952676
318.50699844479004,23.035923860008204
319.0031152647975,23.60347275415529
319.5007800312012,23.47893238518315
320.0,22.575235376815623
320.5007824726134,20.997560348254122
321.0031347962382,19.0171004910684
321.5070643642072,16.993511146841467
322.0125786163522,15.262113668000552
322.5196850393701,14.026462126509314
323.02839116719235,13.304784099279598
323.5387045813586,12.93681007825167
324.0506329113924,12.646567628596982
324.56418383518223,12.148919838249148
325.07936507936506,11.251280342819852
325.59618441971384,9.913397069124773
326.11464968152865,8.257521958910223
326.63476874003186,6.521318777677892
327.15654952076676,4.970539908532038
327.68,3.8126159089104474
328.2051282051282,3.1360853513253133
328.7319422150882,2.891148607875847
329.2604501607717,2.919026345964019
329.7906602254429,3.014032257376601
330.3225806451613,2.9931133491159003
330.8562197092084,2.7505585101955345
331.3915857605178,2.280940216278163
331.9286871961102,1.6668191771394139
332.46753246753246,1.0395418410607682
333.0081300813008,0.5290936576690689
333.5504885993485,0.22158789235673254
334.094616639478,0.13685653213609952
334.640522875817,0.23039501678736635
335.18821603927984,0.41597805724957565
335.73770491803276,0.5983689622432056
336.28899835796386,0.7037130325548957
336.8421052631579,0.698405303975009
337.3970345963756,0.59239602381042
337.95379537953795,0.42803797877392286
338.51239669421483,0.26067042515472033
339.07284768211923,0.13876841634206039
339.63515754560524,0.08960343993611543
340.19933554817277,0.11435802145574568
340.765391014975,0.19257775405850358
341.3333333333333,0.2924299688829622
341.9031719532554,0.38269029988977876
342.4749163879599,0.44218062664655533
343.04857621440533,0.46419452442178344
343.6241610738255,0.45558926992730414
344.2016806722689,0.4316972804161733
344.7811447811448,0.40982040390731683
345.362563237774,0.40346211553833666
345.94594594594594,0.41890388210704627
346.5313028764805,0.45499565545754894
347.11864406779665,0.5052159913321888
347.70797962648555,0.5609260629677226
348.29931972789115,0.6145117072640501
348.8926746166951,0.6614399793292199
349.4880546075085,0.701051135497789
350.0854700854701,0.735739977005488
350.6849315068493,0.7694000825450837
351.286449399657,0.8059997451478393
351.89003436426117,0.8483702427574163
352.4956970740103,0.8976966283323095
353.10344827586204,0.953536450360093
353.71329879101904,1.0143933211997298
354.3252595155709,1.0786754804499574
354.93934142114387,1.145163932087085
355.55555555555554,1.213226615231529
356.17391304347825,1.282850745655465
356.794425087108,1.3545373932191054
357.4171029668411,1.4291877200034935
358.04195804195797,1.5075415613401357
358.6690017513135,1.5899448376210932
359.29824561403507,1.6765735690333514
359.9297012302285,1.7673971456636226
360.5633802816901,1.8622305848319456
361.1992945326279,1.9608462153555086
361.8374558303887,2.063151950629958
362.4778761061947,2.169222560210057
363.1205673758865,2.2790423760019074
363.76554174067496,2.3926797180864776
364.4128113879003,2.510314260048997
365.0623885918003,2.6319963460720968
365.7142857142857,2.757765104085175
366.3685152057245,2.8875995880949032
367.02508960573476,3.0214108723973805
367.68402154398564,3.159185187206679
368.3453237410072,3.300953637991665
369.009009009009,3.446714789693749
369.67509025270755,3.59629051579344
370.3435804701627,3.749587391232346
371.0144927536232,3.9067547014733224
371.68784029038113,4.067788896983933
372.3636363636364,4.232605621175533
373.0418943533697,4.401172224548982
373.7226277372263,4.573343389299448
374.4058500914077,4.74893784390976
375.09157509157507,4.927815801959742
375.77981651376143,5.1099406294567045
376.47058823529414,5.295308501456798
377.1639042357274,5.483858490749492
377.8597785977859,5.675526299292666
378.5582255083179,5.870185611279273
379.25925925925924,6.067869356980895
379.96289424860856,6.268722632291074
380.6691449814126,6.472509069303869
381.37802607076355,6.678907638957148
382.089552238806,6.88794760755287
382.803738317757,7.099687678594013
383.5205992509363,7.31388367841058
384.24015009380867,7.530245571507024
384.96240601503763,7.748811924393131
385.6873822975518,7.9696194002279865
386.4150943396226,8.192475872881019
387.14555765595463,8.41724208363606
387.8787878787879,8.643707978098632
388.6148007590133,8.87169995864925
389.35361216730035,9.101355825110334
390.09523809523813,9.332627396892804
390.8396946564886,9.565083919056187
391.5869980879541,9.798551622304435
392.3371647509578,10.03327920365056
393.0902111324376,10.269239846399168
393.84615384615387,10.506113249403725
394.6050096339113,10.74402315471465
395.3667953667953,10.98316670697805
396.1315280464217,11.223376018340549
396.8992248062015,11.46468990749076
397.6699029126213,11.707162718375757
398.4435797665369,11.950588711007482
399.22027290448347,12.195068257703046
400.0,12.440804875798817
400.7827788649706,12.687677904334512
401.56862745098044,12.935651914054796
402.35756385068765,13.184798174020713
403.1496062992126,13.434918683193967
403.9447731755424,13.686013141185088
404.7430830039526,13.938504502255629
405.54455445544556,14.192337126189726
406.3492063492063,14.447236021380359
407.1570576540755,14.703611977131127
407.9681274900399,14.961603551313631
408.7824351297405,15.22081395120799
409.59999999999997,15.48146845269877
410.4208416833667,15.743907722404662
411.24497991967877,16.00787694178956
412.07243460764585,16.273235740737675
412.9032258064516,16.540382436263176
413.7373737373737,16.809711567126687
414.57489878542515,17.081047831277917
415.4158215010142,17.354383387627035
416.260162601626,17.630304046292764
417.10794297352334,17.90905103593016
417.9591836734694,18.1908391949369
418.81390593047036,18.47624569912339
419.67213114754094,18.76545262553713
420.53388090349074,19.05852863971225
421.3991769547325,19.35584155052095
422.2680412371134,19.657993511329117
423.1404958677686,19.965358253019293
424.0165631469979,20.27765870292277
424.896265560166,20.595325949491922
425.77962577962575,20.919320199681366
426.6666666666667,21.24949815660689
427.5574112734864,21.585625681267565
428.45188284518827,21.927929491895146
429.3501048218029,22.277001146953246
430.25210084033614,22.633846376552412
431.1578947368421,22.998055016124734
432.06751054852316,23.369357968422726
432.98097251585625,23.74978195853188
433.8983050847458,24.13974483491129
434.81953290870484,24.53790286746686
435.74468085106383,24.945716875254263
436.67377398720674,25.36516707293233
437.60683760683764,25.795679484475006
438.54389721627405,26.237346539533366
439.48497854077254,26.69195696506365
440.4301075268817,27.161252876537034
441.37931034482756,27.645881383014338
442.3326133909287,28.144792992066527
443.2900432900433,28.65989650129837
444.2516268980477,29.195098330375217
445.2173913043478,29.748176764650395
446.1873638344227,30.318196106258995
447.1615720524017,30.91017907024912
448.14004376367615,31.52494494815723
449.12280701754383,32.16118298827265
450.1098901098901,32.818801564921564
451.10132158590307,33.50070355167763
452.0971302428256,34.21276888559883
453.0973451327433,34.949751255284106
454.1019955654102,35.7099652560565
455.1111111111111,36.506153411465625
456.1247216035635,37.33625424277661
457.1428571428571,38.195331285245
458.165548098434,39.09094940573698
459.19282511210764,40.0264139420565
460.2247191011236,41.00686571888421
461.2612612612612,42.02742879620803
462.3024830699774,43.08680438121535
463.3484162895927,44.20750320573412
464.39909297052156,45.38106535550008
465.4545454545454,46.59583968878492
466.5148063781321,47.876914130576345
467.57990867579906,49.224397640309306
468.64988558352405,50.63366898234578
469.7247706422018,52.10807362057348
470.8045977011494,53.64763970672434
471.889400921659,55.282682575410206
472.97921478060044,56.99677435306318
474.07407407407413,58.76799908928282
475.17401392111367,60.65353249609974
476.27906976744185,62.646678404269224
477.3892773892773,64.71844990797516
478.5046728971963,66.90218662761093
479.62529274004686,69.20328522209768
480.75117370892025,71.64595928285623
481.88235294117646,74.21337285687767
483.0188679245283,76.87660060768088
484.160756501182,79.73872638130807
485.3080568720379,82.77744691399892
486.46080760095015,85.91610822351853
487.61904761904765,89.26036098484697
488.7828162291169,92.82050164571982
489.95215311004785,96.5705164414679
491.1270983213429,100.52485232312885
492.3076923076923,104.6594774999438
493.4939759036144,109.11486870909148
494.68599033816423,113.8458261491421
495.8837772397094,118.7053373172778
497.08737864077665,123.94189249388327
498.29683698296833,129.5594096942279
499.51219512195115,135.3943734984669
500.7334963325183,141.58839366191026
501.9607843137255,148.14219401381277
503.1941031941032,155.16617229983473
504.43349753694577,162.62164977743404
505.679012345679,170.27315119789142
506.9306930693069,178.59599398409532
508.18858560794047,187.56147348928457
509.452736318408,196.70287015393103
510.72319201995015,206.5084655294204
511.99999999999994,217.02273400419762
513.2832080200501,228.09263693782083
514.572864321608,239.84155009072367
515.8690176322418,251.96243180435303
517.1717171717172,265.1624241274231
518.4810126582279,279.3708592040949
519.7969543147208,293.5829332740813
521.1195928753181,309.0350679920253
522.4489795918367,325.80127405510626
523.7851662404091,342.92067512627557
525.1282051282051,361.1767538553577
526.478149100257,380.26555733417774
527.8350515463917,400.77954766971294
529.1989664082687,422.76790100822325
530.5699481865284,444.45343363263015
531.948051948052,468.3159692553692
533.3333333333333,494.37385818991925
534.7258485639686,519.8524615331679
536.1256544502618,547.3620557578611
537.5328083989501,576.6960075689914
538.9473684210527,607.0805015470614
540.3693931398416,639.5136585893841
541.7989417989418,671.4160314019715
543.236074270557,706.5451911242536
544.6808510638298,744.8619401332453
546.1333333333333,780.4139581071296
547.5935828877006,819.6671264037428
549.0616621983914,862.4859061268414
550.5376344086021,903.8457873062479
552.021563342318,948.2026022400787
553.5135135135134,992.5652214848647
555.0135501355013,1039.9982908781064
556.5217391304348,1091.3801665293
558.0381471389645,1136.5812963747824
559.5628415300547,1187.8234902444608
561.0958904109589,1244.862375627876
562.6373626373627,1293.8295898664826
564.1873278236914,1347.8824324341404
565.7458563535912,1404.3122245849393
567.3130193905816,1459.0081556818034
568.8888888888889,1518.1366407555474
570.4735376044569,1568.309188077536
572.0670391061452,1625.4128810825596
573.6694677871149,1689.9562973619484
575.2808988764044,1735.1264811940375
576.9014084507043,1789.3135329092438
578.5310734463276,1850.897500340857
580.1699716713881,1896.5033651946537
581.8181818181818,1947.981605602064
583.4757834757835,1992.8376993546005
585.1428571428571,2037.8305116603326
586.8194842406876,2090.660755077613
588.5057471264367,2113.7429940483257
590.2017291066282,2148.9831059369544
591.907514450867,2197.801717754813
593.6231884057971,2206.9470360947507
595.3488372093024,2227.386186563678
597.0845481049563,2253.7844004720773
598.8304093567251,2257.0510131057254
600.5865102639297,2269.062255434476
602.3529411764705,2256.7504881781097
604.1297935103245,2249.5873702989156
605.9171597633135,2260.11209183475
607.7151335311573,2213.4094526088056
609.5238095238094,2185.0890357001626
611.3432835820896,2183.4593262292547
613.1736526946107,2123.1035980838733
615.015015015015,2078.130511771354
616.867469879518,2042.6413358515242
618.7311178247734,1981.5536635908516
620.6060606060606,1939.3109385661942
622.4924012158054,1862.5933939163417
624.390243902439,1796.6940120732208
626.2996941896024,1770.2270228658808
628.2208588957055,1673.1994526836236
630.1538461538462,1600.0418363570072
632.0987654320987,1583.147718860116
634.0557275541796,1498.1942567578628
636.0248447204968,1432.8755123229041
638.006230529595,1408.5386262923507
640.0,1351.2893635190655
642.0062695924764,1321.3882316612392
644.0251572327044,1287.2988537638837
646.0567823343847,1255.9313481795562
648.1012658227849,1284.510443679599
650.1587301587301,1258.5559668788935
652.2292993630573,1242.24381974679
654.3130990415335,1324.765173583928
656.4102564102564,1324.4777298616896
658.5209003215434,1316.9736625895903
660.6451612903226,1424.9438508565302
662.7831715210356,1460.882041890533
664.9350649350649,1484.7611411734292
667.100977198697,1587.2096821190341
669.281045751634,1641.7063991358727
671.4754098360655,1718.3373591529057
673.6842105263158,1775.2145465444282
675.9075907590759,1779.1301183442245
678.1456953642385,1897.780562820708
680.3986710963455,1917.4613730662697
682.6666666666666,1853.9064304051794
684.9498327759198,1999.9014130652718
687.248322147651,2022.7644435765303
689.5622895622896,1905.7189873143705
691.8918918918919,1975.1593167662954
694.2372881355933,1941.4879142325249
696.5986394557823,1802.6771970193713
698.976109215017,1772.9482515729287
701.3698630136986,1699.8588357700705
703.7800687285223,1693.2977539062083
706.2068965517241,1684.5192355716524
708.6505190311418,1541.6713549040298
711.1111111111111,1564.5749971136515
713.588850174216,1515.1409670675118
716.0839160839159,1250.5761235865414
718.5964912280701,1282.0119910249853
721.1267605633802,1370.8947127941456
723.6749116607774,1227.3947266089735
726.241134751773,1440.5672670181614
728.8256227758006,1816.2650543679633
731.4285714285714,1831.363008978363
734.0501792114695,1982.0638461015199
736.6906474820144,1987.4094193371416
739.3501805054151,1467.4538042875379
742.0289855072464,1285.2063679897608
744.7272727272727,1471.7673858510045
747.4452554744526,1810.6952254138655
750.1831501831501,2384.161187704402
752.9411764705883,2534.419186924663
755.7195571955718,2771.2040205474864
758.5185185185185,3231.915239228556
761.3382899628252,2315.8827661588434
764.179104477612,1584.2452809513952
767.0411985018726,1872.0831239562365
769.9248120300753,667.3674565966273
772.8301886792452,281.8183651726049
775.7575757575758,697.2410624106672
778.7072243346007,6074.481871362504
781.6793893129772,7114.064014572747
784.6743295019156,2762.193088409312
787.6923076923077,1460.9904154318076
790.7335907335906,1565.8781384968443
793.798449612403,1700.952449167662
796.8871595330738,1974.555273637984
800.0,2109.2787328007244
803.1372549019609,1975.7924361728524
806.2992125984252,1708.1601756505383
809.4861660079052,1438.649907908489
812.6984126984127,1477.1130310369933
815.9362549800798,2191.293816915169
819.1999999999999,1959.8654273452375
822.4899598393575,5580.865721374118
825.8064516129032,6337.152451659187
829.1497975708503,2783.4581259871056
832.520325203252,1526.7829915953748
835.9183673469388,1275.709019715233
839.3442622950819,756.8670413484097
842.798353909465,642.5399427098351
846.2809917355372,1308.4192127211818
849.792531120332,1664.4508954899904
853.3333333333334,1881.3261921246738
856.9037656903765,2789.169027785049
860.5042016806723,3214.3580832128346
864.1350210970463,3013.0704325718784
867.7966101694916,3198.394328266404
871.4893617021277,2993.1742461197696
875.2136752136753,2226.0898262714495
878.9699570815451,1852.2015204697564
882.7586206896551,1505.7673705831437
886.5800865800866,954.6333340387778
890.4347826086956,758.9814659778639
894.3231441048034,827.4603478317844
898.2456140350877,894.2773139709698
902.2026431718061,1218.5756315764575
906.1946902654867,1853.8607523822834
910.2222222222222,2400.753469902032
914.2857142857142,2971.31850158736
918.3856502242153,3752.7069144720936
922.5225225225224,4225.719795546591
926.6968325791854,4467.313505358518
930.9090909090908,4880.730961159961
935.1598173515981,4983.6771108542025
939.4495412844036,4784.200007345706
943.778801843318,4767.4436673955
948.1481481481483,4572.359339067597
952.5581395348837,4122.970927306796
957.0093457943926,3825.5211352330734
961.5023474178405,3479.352935706292
966.0377358490566,2988.3913272792474
970.6161137440758,2596.332172230688
975.2380952380953,2225.1185838142305
979.9043062200957,1826.4345561834598
984.6153846153846,1496.211793218253
989.3719806763285,1202.5612526722116
994.1747572815533,952.4585478514009
999.0243902439023,754.5388221740229
1003.921568627451,573.2757865746619
1008.8669950738915,444.08453780307957
1013.8613861386139,350.9685136439861
1018.905472636816,252.8108323062509
1023.9999999999999,188.11570765310262
1029.145728643216,148.46010474921593
1034.3434343434344,99.68265090650414
1039.5939086294416,67.90239919686972
1044.8979591836735,53.31414285587122
1050.2564102564102,33.757271550479274
1055.6701030927834,20.855069315527235
1061.139896373057,17.01025242844
1066.6666666666665,11.09618991114978
1072.2513089005236,6.6448320666012854
1077.8947368421054,5.584044510551643
1083.5978835978835,3.8449950380928737
1089.3617021276596,2.1885839141805317
1095.1871657754011,1.625444959973004
1101.0752688172042,1.0547863099531052
1107.0270270270269,0.5106743972792757
1113.0434782608695,0.2963244757432178
1119.1256830601094,0.16952987609809833
1125.2747252747254,0.10599947558332441
1131.4917127071824,0.07204866416027539
1137.7777777777778,0.025962595282407887
1144.1340782122904,0.05902983777865906
1150.5617977528088,0.06460466758233091
1157.0621468926552,0.01689104321375652
1163.6363636363635,0.024413993346987302
1170.2857142857142,0.032380820818112874
1177.0114942528735,0.015793786165453506
1183.815028901734,0.006434958570346821
1190.6976744186047,0.00534864658525284
1197.6608187134502,0.009676125675844006
1204.705882352941,0.00544172239322021
1211.834319526627,0.004434299521849962
1219.0476190476188,0.002428260142118256
1226.3473053892214,0.002594353220052142
1233.734939759036,0.011086682809982127
1241.2121212121212,0.0018203104524747748
1248.780487804878,5.557776362054863e-05
1256.441717791411,0.008765031959648967
1264.1975308641975,0.0029230643500988223
1272.0496894409937,0.0031362563760576148
1280.0,0.002420622814450127
1288.0503144654087,0.0010562391843017458
1296.2025316455697,0.006072569541767384
1304.4585987261146,0.00036271275176984164
1312.8205128205127,0.0001152542095513711
1321.2903225806451,0.004091473045899684
1329.8701298701299,0.0008713987460792233
1338.562091503268,0.002159707602990438
1347.3684210526317,0.0008676722249999305
1356.291390728477,0.0005496624793867509
1365.3333333333333,0.003460717300614534
1374.496644295302,0.00013987909206096072
1383.7837837837837,0.00037932852762512356
1393.1972789115646,0.0020339755556792708
1402.7397260273972,0.0006175108243639112
1412.4137931034481,0.0011811700815816011
1422.2222222222222,0.0002964625514587671
1432.1678321678319,0.0005277125206435639
1442.2535211267605,0.0014864377285397786
1452.482269503546,0.00010666670882926073
1462.857142857143,0.0003722233617359562
1473.3812949640287,0.0007163179801696912
1484.0579710144928,0.0005357567617721124
1494.890510948905,0.000605775532999252
1505.8823529411766,5.466298679325259e-05
1517.037037037037,0.0005129879183140895
1528.358208955224,0.0006241234837122584
1539.8496240601505,0.00015668688218237084
1551.5151515151515,0.0002969019653515752
1563.3587786259543,0.0002470820934777881
1575.3846153846155,0.00042647810538991527
1587.596899224806,0.0002641511910621863
1600.0,2.640556792200026e-05
1612.5984251968505,0.00037031143828930867
1625.3968253968253,0.00023494157333071478
1638.3999999999999,0.00016147849435545672
1651.6129032258063,0.0001830519736804595
1665.040650406504,9.866462158551615e-05
1678.6885245901638,0.0002938431773231703
1692.5619834710744,0.00010798294130738083
1706.6666666666667,4.181741536506823e-05
1721.0084033613446,0.00021699768602039993
1735.5932203389832,9.130750438735858e-05
1750.4273504273506,0.00012048567010751311
1765.5172413793102,8.655904635654649e-05
1780.8695652173913,5.827241829531585e-05
1796.4912280701753,0.0001703820034137644
1812.3893805309733,4.4355336551946866e-05
1828.5714285714284,5.099556422212368e-05
1845.0450450450448,0.00011314245153258789
1861.8181818181815,5.113736792489173e-05
1878.8990825688072,8.066845957681938e-05
1896.2962962962965,3.9853235193199815e-05
1914.0186915887853,4.803688881037875e-05
1932.0754716981132,8.771655771005011e-05
1950.4761904761906,2.2888464296461282e-05
1969.2307692307693,4.347649820841089e-05
1988.3495145631066,5.2812791753703766e-05
2007.843137254902,3.5410448850882895e-05
2027.7227722772277,4.7208121418560494e-05
2047.9999999999998,1.936917580028409e-05
2068.686868686869,3.734787662374922e-05
2089.795918367347,4.200521054246225e-05
2111.340206185567,1.527255703820116e-05
2133.333333333333,2.974053083141916e-05
2155.789473684211,2.3827909758521718e-05
2178.723404255319,2.3766784579242045e-05
2202.1505376344085,2.4233513938105808e-05
2226.086956521739,1.0568340048651119e-05
2250.5494505494507,2.4339191118245794e-05
2275.5555555555557,1.904467267812063e-05
2301.1235955056177,1.1005484997686945e-05
2327.272727272727,1.796541232087849e-05
2354.022988505747,1.178946069922157e-05
2381.3953488372094,1.5339222196110544e-05
2409.411764705882,1.243162773824809e-05
2438.0952380952376,7.073478740461817e-06
2467.469879518072,1.4409296832128652e-05
2497.560975609756,9.116648316964055e-06
2528.395061728395,7.432313925509955e-06
2560.0,9.909103367255683e-06
2592.4050632911394,6.524292845508825e-06
2625.6410256410254,9.069371906312696e-06
2659.7402597402597,6.616755419533718e-06
2694.7368421052633,5.0422458757623545e-06
2730.6666666666665,8.260529135490434e-06
2767.5675675675675,5.142865920879322e-06
2805.4794520547944,4.922960019365687e-06
2844.4444444444443,5.6751579545087585e-06
2884.507042253521,4.06221539868284e-06
2925.714285714286,4.9304064883617475e-06
2968.1159420289855,3.618651695068546e-06
3011.764705882353,3.1104336589545073e-06
3056.716417910448,4.104972575650833e-06
3103.030303030303,2.7352685130514893e-06
3150.769230769231,2.6563026045142676e-06
3200.0,2.8887995826332356e-06
3250.7936507936506,2.339470864433626e-06
3303.2258064516127,2.467668119186112e-06
3357.3770491803275,2.01635509678806e-06
3413.3333333333335,1.9162741785885692e-06
3471.1864406779664,2.0916203513729544e-06
3531.0344827586205,1.5962212538048356e-06
3592.9824561403507,1.5065258562823577e-06
3657.142857142857,1.5507666269000565e-06
3723.636363636363,1.3607540368274596e-06
3792.592592592593,1.2320146124213731e-06
3864.1509433962265,1.120437730979111e-06
3938.4615384615386,1.1429603609534835e-06
4015.686274509804,1.0689268495797171e-06
4095.9999999999995,9.041706225217417e-07
4179.591836734694,9.601415766529889e-07
4266.666666666666,9.485319615972505e-07
4357.446808510638,6.081262452387088e-07
4452.173913043478,2.3627887992925844e-07
4551.111111111111,5.585158620872888e-08
4654.545454545454,9.41902486570901e-09
4762.790697674419,2.5195291504620375e-09
4876.190476190475,1.2734598025602324e-09
4995.121951219512,3.7657814214330184e-10
5120.0,9.949067561737869e-11
5251.282051282051,6.585162973945045e-11
5389.473684210527,3.0518791759021035e-11
5535.135135135135,6.273806121223919e-12
5688.888888888889,2.2168209201049357e-12
5851.428571428572,1.8426048143984508e-12
6023.529411764706,3.853474064297746e-13
6206.060606060606,1.1248500916654937e-14
6400.0,3.677483590160012e-14
6606.451612903225,1.530618453923267e-14
6826.666666666667,4.901248352091015e-15
7062.068965517241,2.867519540602037e-15
7314.285714285714,1.0148946158736027e-15
7585.185185185186,1.034922815189312e-15
7876.923076923077,5.627387758125104e-16
