"Wavelength, nm",Intensity
136.44237175216523,4.352305713262349e-27
136.53333333333333,2.9824178581814724e-27
136.62441627751835,4.96086411561243e-27
136.71562082777035,3.28966934217386e-27
136.80694722778892,1.1788157464583125e-26
136.89839572192514,3.5733574676416855e-22
136.98996655518394,3.242667096737007e-19
137.08165997322624,5.2211064585669823e-17
137.17347622237108,2.685410310203915e-15
137.26541554959786,6.248052201733281e-14
137.35747820254863,8.193447103538977e-13
137.4496644295302,6.996626137483808e-12
137.54197447951645,4.293762266007866e-11
137.63440860215053,2.0334681805850753e-10
137.72696704774717,7.84326492982662e-10
137.81965006729476,2.565478495229515e-09
137.9124579124579,7.322072270071276e-09
138.0053908355795,1.8603571663962275e-08
138.09844908968307,4.278894080026083e-08
138.19163292847506,9.057697792534488e-08
138.28494260634707,1.7907649740614786e-07
138.37837837837836,3.337525791284735e-07
138.47194050033806,5.886398976643168e-07
138.5656292286874,9.857032084700607e-07
138.65944482058225,1.5785512919417611e-06
138.75338753387533,2.44145814998248e-06
138.84745762711862,3.6697173401822802e-06
138.94165535956583,5.3572648896302335e-06
139.03598099117448,7.57363729363092e-06
139.1304347826087,1.0390678464495162e-05
139.22501699524133,1.3953557471006e-05
139.31972789115645,1.8487910630114505e-05
139.4145677331518,2.416280604546498e-05
139.50953678474113,3.09458736269961e-05
139.60463531015677,3.871210515033908e-05
139.69986357435198,4.759100180950458e-05
139.79522184300342,5.809872517782938e-05
139.89071038251367,7.069455167487262e-05
139.98632946001365,8.516948939161255e-05
140.08207934336525,0.00010076338602042762
140.17796030116358,0.00011716540006573108
140.27397260273972,0.00013524179215213434
140.37011651816314,0.0001563031116027081
140.46639231824417,0.00018048182929489105
140.56280027453673,0.0002062570669144849
140.65934065934067,0.000232078486821483
140.75601374570448,0.0002583489607891713
140.85281980742778,0.000287217883739881
140.949759119064,0.00032016625331897906
141.04683195592284,0.00035621441519352744
141.14403859407307,0.0003929416381866235
141.24137931034483,0.0004290440034247863
141.33885438233264,0.00046540909247578307
141.4364640883978,0.0005038536380035651
141.53420870767104,0.0005455172173539187
141.6320885200553,0.0005905138204113651
141.73010380622836,0.0006380260775868007
141.8282548476454,0.000685913540253287
141.92654192654192,0.0007313209942818365
142.0249653259362,0.0007737829042126635
142.1235253296322,0.0008179782395534358
142.22222222222223,0.000870806483574266
142.32105628908963,0.0009331859575664024
142.42002781641168,0.0009958363060164305
142.51913709116212,0.0010471987302064336
142.6183844011142,0.0010876000520375225
142.7177700348432,0.001132682611016241
142.81729428172943,0.0011981842955822346
142.91695743196092,0.0012807854724829243
143.0167597765363,0.0013584753820767756
143.11670160726763,0.00141375064118911
143.21678321678323,0.0014547313515274765
143.31700489853043,0.0015082985835791491
143.4173669467787,0.0015907813697907812
143.5178696566223,0.0016894270843993598
143.61851332398317,0.0017767521419064115
143.71929824561403,0.0018412190025729757
143.8202247191011,0.0018982954318962307
143.92129304286718,0.001970304556519259
144.0225035161744,0.0020613441661394855
144.12385643912737,0.002157270941169145
144.22535211267606,0.002246775940071784
144.32699083861874,0.0023333812000162013
144.42877291960508,0.0024239930600374804
144.530698659139,0.0025142606402929774
144.6327683615819,0.0025950242024190473
144.73498233215545,0.002671166622136997
144.83734087694484,0.0027620951137574965
144.9398443029016,0.0028770236915067857
145.04249291784703,0.002997173403004096
145.14528703047483,0.0030935841701525755
145.24822695035462,0.0031623058916424055
145.35131298793468,0.003231511507532674
145.45454545454544,0.0033290484501047285
145.55792466240226,0.003451003327883109
145.66145092460883,0.0035702504090754823
145.76512455516016,0.0036702973380754915
145.86894586894587,0.0037590061963494853
145.9729151817534,0.0038500757377418187
146.07703281027102,0.003945563836711583
146.18129907209135,0.004043628046607223
146.28571428571428,0.00415084187877768
146.39027877055037,0.004271688060692703
146.49499284692416,0.004391357957356978
146.59985683607732,0.004488314326163091
146.7048710601719,0.004567313838210808
146.8100358422939,0.004660857520072974
146.91535150645623,0.004785807236650097
147.0208183776023,0.004913321979970556
147.1264367816092,0.005002811775619714
147.23220704529115,0.005061810866344589
147.33812949640287,0.005144963740414902
147.4442044636429,0.005280635055544475
147.55043227665706,0.005423019400160837
147.6568132660418,0.005504169357517214
147.76334776334778,0.005522324185538342
147.87003610108303,0.005551129179971979
147.97687861271675,0.005655955150230993
148.08387563268258,0.005815331851634323
148.19102749638205,0.005942040124861284
148.29833454018825,0.005981576900693546
148.40579710144928,0.0059670369689296884
148.51341551849166,0.0059762680061401
148.6211901306241,0.006064692650452319
148.72912127814087,0.006229031482417463
148.8372093023256,0.006395260072444113
148.94545454545454,0.006461110872379083
149.0538573508006,0.006401217856632557
149.16241806263656,0.006325718243694857
149.27113702623907,0.006394988031419023
149.38001458789202,0.0066485220145130475
149.4890510948905,0.00692244038760416
149.59824689554418,0.006989165217288931
149.70760233918128,0.006817559419124387
149.81711777615214,0.006650735583176428
149.9267935578331,0.0067666208617847045
150.03663003663004,0.007162838416892614
150.1466275659824,0.007523286707949206
150.25678650036684,0.0075430628651558885
150.36710719530103,0.007273879320504371
150.47759000734754,0.007079374576975023
150.58823529411762,0.0072453590785493144
150.69904341427517,0.007695026292042205
150.8100147275405,0.008085325249588955
150.92114959469419,0.00814426607483772
151.03244837758112,0.007917934720887386
151.1439114391144,0.00770182055705547
151.25553914327915,0.007757199957148232
151.3673318551367,0.008110646935627311
151.47928994082838,0.008558086346183129
151.59141376757958,0.008815228144598888
151.7037037037037,0.008745708872833833
151.81616011860638,0.008496756742946032
151.92878338278933,0.008374272339510241
152.04157386785448,0.00857169400402764
152.15453194650817,0.009004403690010028
152.26765799256503,0.009375191698303982
152.38095238095235,0.00944389516378337
152.4944154877141,0.009269825028243379
152.6080476900149,0.009143522961434001
152.72184936614468,0.009277617599725006
152.8358208955224,0.009612430415429567
152.9499626587005,0.009912190941571706
153.0642750373692,0.010012005849072225
153.1787584143605,0.009954193864326253
153.29341317365268,0.009895191133488744
153.40823970037454,0.009942497987513604
153.5232383808096,0.010109779518576051
153.6384096024006,0.010353597680702905
153.75375375375376,0.01060049773441458
153.86927122464311,0.010769808300641132
153.98496240601503,0.010806561417804056
154.10082768999246,0.010728848909227647
154.2168674698795,0.010654942460730977
154.33308214016577,0.010720029428575997
154.4494720965309,0.010936691920347843
154.56603773584905,0.01119215664050388
154.68277945619334,0.011381820147638964
154.79969765684052,0.01149207898859214
154.91679273827532,0.011569183289579064
155.0340651021953,0.01164931334723148
155.15151515151516,0.011721382893641224
155.2691432903715,0.011760936406268714
155.38694992412746,0.011788714686941865
155.50493545937738,0.011858973114870965
155.62310030395136,0.011998381145031468
155.74144486692012,0.012190000228183628
155.8599695585997,0.012404132610252186
155.97867479055597,0.012619889748042758
156.09756097560975,0.012816654638140678
156.21662852784135,0.012954416127183462
156.33587786259542,0.012994189589130165
156.45530939648586,0.012959867687037224
156.5749235474006,0.012944538157724627
156.69472073450652,0.013031490846513302
156.8147013782542,0.013235122092835743
156.93486590038313,0.013515039241299804
157.05521472392638,0.013813237092177017
157.17574827321565,0.014080573631132853
157.29646697388634,0.014285695332134113
157.4173712528824,0.014408972874587122
157.53846153846155,0.01445044524420854
157.65973826020013,0.014449963302753603
157.78120184899845,0.014474442080930395
157.9028527370856,0.01457091529303835
158.02469135802468,0.014740146081672274
158.14671814671814,0.014957179604473646
158.26893353941267,0.015197791722453429
158.39133797370457,0.015437130298899164
158.5139318885449,0.015648888843165152
158.63671572424477,0.01581486476730484
158.7596899224806,0.01592285985821017
158.88285492629947,0.0159774183553098
159.0062111801242,0.016014109401109183
159.12975912975912,0.01606394703623815
159.25349922239502,0.01613283689149078
159.37743190661476,0.01624177721746627
159.50155763239874,0.01641352746777313
159.62587685113016,0.01662027117454245
159.7503900156006,0.016820813136454737
159.87509758001562,0.017002584355378544
160.0,0.017147590179538735
160.12509773260362,0.017242147721593885
160.2503912363067,0.017313736965091663
160.37588097102582,0.017387104651885272
160.5015673981191,0.017457959318676497
160.62745098039213,0.017538361200583916
160.7535321821036,0.017653020801566464
160.87981146897093,0.01779651083405935
161.0062893081761,0.017947469080976896
161.13296616837135,0.01809722707264827
161.25984251968504,0.018242673248021528
161.38691883372735,0.01838281902038898
161.51419558359618,0.01852293164664953
161.64167324388316,0.018660437356884704
161.7693522906793,0.018784027455079094
161.89723320158103,0.01889946827405223
162.0253164556962,0.01902331502598152
162.15360253365006,0.01915069849353946
162.28209191759112,0.019273479219713705
162.41078509119745,0.019408284607187607
162.53968253968253,0.019565604853893494
162.66878474980143,0.019733644073852495
162.79809220985692,0.019906531850437864
162.92760540970565,0.02008219002858365
163.05732484076432,0.020250268183300252
163.18725099601593,0.020405014759393658
163.31738437001593,0.020546449202163267
163.44772545889865,0.020685409479589863
163.57827476038338,0.020841644520506155
163.709032773781,0.021003484872126426
163.84,0.0211425473739479
163.97117694155327,0.021274387130575494
164.1025641025641,0.0214237511856359
164.23416198877305,0.021576118878551227
164.3659711075441,0.021722467200945804
164.49799196787149,0.0218691452303747
164.63022508038586,0.022005132381573235
164.76267095736122,0.02213056076540356
164.89533011272144,0.022259131634808728
165.02820306204674,0.02237883686440017
165.16129032258064,0.022485516878974668
165.29459241323647,0.02260210116199281
165.4281098546042,0.022722334965148878
165.56184316895713,0.022827376841127844
165.6957928802589,0.02293923965215417
165.82995951417004,0.023069913679939935
165.9643435980551,0.023191083498325032
166.09894566098947,0.02330176465020917
166.23376623376623,0.02342798223701892
166.36880584890332,0.023562936846301938
166.5040650406504,0.02368903052756944
166.63954434499593,0.023806813137978354
166.77524429967426,0.023911923142523838
166.9111654441728,0.0240058801547823
167.047308319739,0.024098874767051564
167.18367346938777,0.024178433089700732
167.3202614379085,0.02424128180735578
167.45707277187245,0.02431205352630672
167.59410801963992,0.0243882948111332
167.7313677313677,0.02445879558318612
167.86885245901638,0.024542156572188962
168.00656275635768,0.024632935297509758
168.14449917898193,0.024716987029285285
168.28266228430567,0.024828901181585154
168.42105263157896,0.024977781694471624
168.559670781893,0.02512212075151803
168.6985172981878,0.025260801008849608
168.83759274525966,0.025409356487831235
168.97689768976898,0.025546901050420786
169.11643270024774,0.02567054622098979
169.25619834710741,0.02578871507973071
169.39619520264682,0.025879606061751135
169.53642384105962,0.025941729020295068
169.67688483844242,0.02600350035038514
169.81757877280262,0.026072265686619814
169.95850622406635,0.026138934601870365
170.09966777408638,0.02619622383955678
170.24106400665005,0.026247762029283556
170.3826955074875,0.02631598274381819
170.52456286427974,0.026409963782653676
170.66666666666666,0.026520896946152138
170.8090075062552,0.02665205638468478
170.9515859766277,0.02679485899497036
171.09440267335003,0.026929999912614678
171.23745819397996,0.027068536733877557
171.3807531380753,0.027212269222563215
171.52428810720266,0.027332590909926853
171.66806370494552,0.027431560318916776
171.81208053691276,0.02752549194566136
171.95633921074725,0.0275985806925512
172.10084033613444,0.027647925960098456
172.24558452481077,0.02769626801104629
172.3905723905724,0.027742738964276016
172.5358045492839,0.02777205916528447
172.681281618887,0.027790694793007886
172.82700421940928,0.027819553377283323
172.97297297297297,0.02786617515601782
173.11918850380385,0.027914905581704647
173.26565143824024,0.02796034552053586
173.41236240474177,0.028026503728406853
173.55932203389833,0.028116518475473515
173.70653095843934,0.028202318660297477
173.85398981324278,0.028289686481314007
174.0016992353441,0.028403499594311894
174.14965986394557,0.028514831254191075
174.2978723404255,0.028585243746816417
174.44633730834755,0.02863946438225833
174.59505541346974,0.02869613931179022
174.74402730375425,0.028712229009976754
174.8932536293766,0.02868084826784102
175.04273504273505,0.028658824849256956
175.1924721984602,0.028646433109216843
175.34246575342465,0.028599325192258867
175.49271636675235,0.028554066922670897
175.6432246998285,0.028569581112068206
175.79399141630904,0.028619139618509218
175.94501718213058,0.02868742327752912
176.0963026655202,0.028828036016310295
176.24784853700515,0.029039136890459456
176.3996554694229,0.029269954589439106
176.55172413793102,0.029524777206386608
176.70405522001724,0.02977978903824187
176.85664939550952,0.029952901248903336
177.00950734658602,0.030041135602819354
177.16262975778545,0.030052824832770463
177.3160173160173,0.029908672680709382
177.46967071057193,0.02960918829696991
177.62359063313096,0.029237954899084564
177.77777777777777,0.028802277925655543
177.93223284100782,0.028347448139851062
178.08695652173913,0.027989086412165177
178.24194952132288,0.027741920464053733
178.397212543554,0.02763971364208755
178.55274629468178,0.02782243675711543
178.70855148342056,0.028313136185379593
178.86462882096066,0.029045352831322768
179.02097902097898,0.03000326707701782
179.17760279965006,0.031096866490964215
179.33450087565674,0.032161939596060264
179.4916739702016,0.03306645549012269
179.64912280701753,0.03367899756590229
179.80684811237927,0.03386560480000454
179.96485061511424,0.03348799718300801
180.12313104661388,0.03251626488095455
180.28169014084506,0.03114942439820966
180.44052863436124,0.029533514666875996
180.59964726631395,0.027732322306766234
180.75904677846424,0.026081285034543673
180.91872791519435,0.024893936462027977
181.07869142351902,0.024160713544360425
181.23893805309734,0.02397659504655117
181.39946855624444,0.02451954694192088
181.56028368794324,0.02563845195367429
181.72138420585628,0.027118586867216816
181.88277087033748,0.02892526295878029
182.04444444444445,0.030869142961576033
182.20640569395016,0.032530102991058185
182.3686553873553,0.03362566761140331
182.53119429590015,0.034129291303921394
182.69402319357712,0.03396232687067421
182.85714285714286,0.03298477002703225
183.0205540661305,0.031480307770662144
183.18425760286226,0.030051656237944663
183.34825425246197,0.02906843226412753
183.51254480286738,0.028896585129783808
183.67713004484304,0.030086280673600883
183.84201077199282,0.03278285314748426
184.00718778077265,0.036572317951455977
184.1726618705036,0.04084032245063093
184.33843384338437,0.04485688763887892
184.5045045045045,0.047723463999024524
184.67087466185754,0.04850936724530566
184.83754512635377,0.04673085658897366
185.0045167118338,0.042605127960949125
185.17179023508135,0.03676608996762635
185.33936651583707,0.030202244418890016
185.5072463768116,0.02418005229256582
185.675430643699,0.019863266446455183
185.84392014519057,0.018147386108579834
186.01271571298818,0.019271837502456885
186.1818181818182,0.022578690781281746
186.3512283894449,0.027043539089697838
186.52094717668484,0.0314023124315702
186.69097538742025,0.034174227790563616
186.86131386861314,0.03437449123025675
187.03196347031962,0.031645922778818295
187.20292504570384,0.02613960313125819
187.37419945105214,0.018926055060132636
187.54578754578753,0.011605383901581489
187.71769019248396,0.005525192922530086
187.88990825688072,0.0017961174865356153
188.06244260789717,0.001107699469190774
188.23529411764707,0.003311041749186645
188.40846366145354,0.007647782903893488
188.5819521178637,0.012980368354048135
188.75576036866357,0.017886984166960985
188.92988929889296,0.021168991287103294
189.10433979686056,0.022196792813399494
189.27911275415894,0.02084168581995954
189.45420906567992,0.017536434982457667
189.62962962962962,0.013277908210846316
189.80537534754404,0.009256077432188635
189.98144712430428,0.006479878539290761
190.15784586815226,0.005615781863849076
190.3345724907063,0.006882489048159171
190.51162790697674,0.010011178672982079
190.68901303538178,0.014370405804836374
190.8667287977633,0.0191614455929708
191.044776119403,0.023569429611347902
191.22315592903828,0.02693530907878434
191.4018691588785,0.028964713825186963
191.5809167446211,0.029795222072869925
191.76029962546815,0.029859703192876272
191.94001874414244,0.029714225692437563
192.12007504690433,0.029929008920791485
192.3004694835681,0.03098667005373357
192.48120300751881,0.033173084561512696
192.66227657572907,0.03652653195270707
192.8436911487759,0.04087931991765735
193.02544769085767,0.04594607167990862
193.2075471698113,0.05139323460840514
193.38999055712932,0.05689158246014733
193.57277882797732,0.06218791849314507
193.75591296121098,0.06718040664138929
193.93939393939394,0.07195808700119607
194.12322274881518,0.07677454615761796
194.30740037950665,0.08193519538232158
194.49192782526114,0.0876689637600927
194.67680608365018,0.09411311749240861
194.86203615604185,0.10137879816650525
195.04761904761907,0.10953809569068977
195.23355576739752,0.11855589657795687
195.4198473282443,0.12832286324864778
195.6064947468959,0.1387351491238076
195.79349904397705,0.14969271480618496
195.9808612440191,0.16113077885719468
196.1685823754789,0.17312353830422766
196.35666347075744,0.1858217880289448
196.5451055662188,0.19928323308132811
196.73390970220942,0.21356107094107335
196.92307692307693,0.22887274860320636
197.1126082771896,0.24537980959708794
197.30250481695566,0.26293826756195465
197.4927675988428,0.2814243858010707
197.68339768339766,0.3010913457626901
197.8743961352657,0.3221999132171885
198.06576402321085,0.344595947139536
198.25750242013552,0.36809233094839766
198.44961240310076,0.3929126341732071
198.64209505334625,0.4193166262527086
198.83495145631065,0.4471779492831084
199.02818270165207,0.47634464457125664
199.22178988326846,0.5070113324015189
199.4157740993184,0.5393795217986258
199.61013645224173,0.5733599321632489
199.8048780487805,0.6088995185922782
200.0,0.6462217864698481
200.19550342130987,0.685527414254165
200.3913894324853,0.7267778533860815
200.58765915768853,0.7699155464907215
200.78431372549022,0.8150150171227656
200.9813542688911,0.8620976652645669
201.17878192534383,0.9110455645203206
201.37659783677483,0.9618345559913017
201.5748031496063,1.0146526439871633
201.77339901477833,1.0696223309275017
201.9723865877712,1.1265674034009783
202.1717670286278,1.1852886549580213
202.3715415019763,1.2459250775601487
202.57171117705244,1.3087067527495306
202.77227722772278,1.3735173494404365
202.97324083250743,1.440107501721349
203.17460317460316,1.5084948612860185
203.37636544190661,1.5787194800868836
203.57852882703776,1.6505305061264448
203.78109452736314,1.7237249492519124
203.98406374501994,1.79839465862533
204.1874376869392,1.8744890888743193
204.39121756487026,1.9516458589371972
204.5954045954046,2.0297114901350435
204.79999999999998,2.108801696664396
205.005005005005,2.1887437049247316
205.21042084168334,2.2691190778104953
205.41624874623875,2.349753278216478
205.62248995983938,2.4305686952137227
205.8291457286432,2.5112030837042623
206.03621730382292,2.5912608468331113
206.24370594159112,2.6706526029843514
206.4516129032258,2.749284019411142
206.65993945509584,2.8267170711439964
206.86868686868684,2.9024678379737554
207.07785642062692,2.9763189253940943
207.28744939271257,3.048145837609797
207.49746707193518,3.1176628330499834
207.7079107505071,3.1843801419938953
207.9187817258883,3.2478395965482627
208.130081300813,3.3078987854959023
208.34181078331636,3.364511127509062
208.55397148676167,3.4173037001519457
208.7665647298675,3.4657086069133736
208.9795918367347,3.509410612260631
209.19305413687437,3.5484085929147366
209.40695296523518,3.5826364346115547
209.6212896622313,3.6117750725175046
209.83606557377047,3.6355057262136117
210.05128205128204,3.65365301562678
210.26694045174537,3.6661374831186064
210.48304213771837,3.67297585267047
210.69958847736626,3.674139869607545
210.91658084449023,3.669519538433133
211.1340206185567,3.6591354744023707
211.3519091847265,3.64318691643421
211.5702479338843,3.6219962339470912
211.78903826266804,3.5958234914665366
212.00828157349895,3.56463142028052
212.22797927461139,3.528472304723782
212.448132780083,3.487956108385057
212.668743509865,3.4438635623703058
212.88981288981287,3.3966017111963382
213.11134235171693,3.346361733242615
213.33333333333334,3.2936344978279437
213.555787278415,3.239190698904486
213.7787056367432,3.183700972492253
214.00208986415882,3.127972926876189
214.22594142259413,3.072964274949317
214.4502617801047,3.019041081466942
214.67505241090146,2.966390277615683
214.900314795383,2.916107444423883
215.12605042016807,2.8696341670901058
215.35226077812828,2.8277136266025833
215.57894736842104,2.7906086037473576
215.80611169652263,2.7586800361360697
216.03375527426158,2.732506289084884
216.26187961985215,2.7129172625217137
216.49048625792813,2.701117055261086
216.7195767195767,2.698043630063999
216.9491525423729,2.7032632679865416
217.17921527041358,2.7157858538517377
217.40976645435242,2.73601749810188
217.64080765143464,2.7654883211253685
217.87234042553192,2.8051633468493726
218.10436634717786,2.854516692367733
218.33688699360337,2.911542801122019
218.5699039487727,2.974508293578066
218.80341880341882,3.0440520755677376
219.0374331550802,3.1222571735925486
219.27194860813702,3.209522154727074
219.5069667738478,3.3027882691877504
219.74248927038627,3.3975649236682903
219.97851772287862,3.4924368563212114
220.21505376344086,3.5901516841347507
220.45209903121636,3.6934180482118752
220.68965517241378,3.800412204595431
220.92772384034518,3.904475606859831
221.16630669546436,3.999794591625153
221.4054054054054,4.087989635812726
221.64502164502164,4.175856371571349
221.88515709642468,4.265899350442153
222.12581344902384,4.3511796996067424
222.36699239956567,4.421026572548757
222.6086956521739,4.4730510691970755
222.85092491838955,4.5163999867799625
223.09368191721134,4.560314707366014
223.3369683751363,4.603159313040265
223.58078602620085,4.633603818672613
223.82513661202185,4.641136201134383
224.07002188183807,4.628026231403666
224.31544359255204,4.610306406196807
224.56140350877192,4.603096374655343
224.80790340285398,4.602470644310696
225.05494505494505,4.583197120579848
225.30253025302528,4.525995860985335
225.55066079295153,4.45204671441303
225.79933847850054,4.410809479807351
226.0485651214128,4.416456348072583
226.29834254143645,4.4127373621785155
226.54867256637166,4.33763397197381
226.79955703211516,4.226720666367637
227.0509977827051,4.194311697861911
227.30299667036624,4.271195695041797
227.55555555555554,4.325952466653361
227.80867630700777,4.237022983789919
228.06236080178175,4.105691010084999
228.31661092530658,4.156874229878826
228.57142857142856,4.3901243923027655
228.82681564245812,4.504647424717477
229.082774049217,4.3294777147419
229.33930571108624,4.173014811274472
229.59641255605382,4.441801576831783
229.8540965207632,4.947738639910713
230.1123595505618,5.020467295053292
230.37120359955006,4.521467521624108
230.6306306306306,4.299433112677889
230.89064261555805,5.066766628607486
231.1512415349887,6.081523472148774
231.41242937853107,5.870278951156449
231.67420814479635,4.500461428989584
231.9365798414496,4.07028583556015
232.19954648526078,5.922690259182493
232.46311010215663,8.09177570953083
232.7272727272727,7.3455966233925105
232.9920364050057,4.063988763484474
233.25740318906605,2.9153169729919153
233.52337514253134,6.831796203509766
233.78995433789953,11.767478325215656
234.05714285714288,10.825017711700456
234.32494279176203,4.144201118039125
234.59335624284074,0.8647015517857859
234.8623853211009,7.838885403080709
235.13203214695753,18.66445831696736
235.4022988505747,19.71818976888231
235.67318757192174,8.531306972764934
235.9447004608295,0.3017830637597618
236.2168396770473,10.089039232630483
236.48960739030022,31.105850675505344
236.76300578034682,39.624481775887844
237.03703703703707,25.104313661764603
237.3117033603708,7.746083239238183
237.58700696055683,16.380715511302935
237.862950058072,50.2603761047997
238.13953488372093,74.90018525368748
238.41676367869616,63.18247595863373
238.69463869463866,32.8250769334082
238.97316219369893,29.21840580093718
239.25233644859816,69.31530561453634
239.53216374269007,115.92733341203396
239.81264637002343,119.34398563140175
240.0937866354044,79.02095024142577
240.37558685446012,47.94223029774313
240.65804935370153,70.17315161475358
240.94117647058823,126.01663862608311
241.2249705535924,153.32514728475493
241.50943396226415,120.72610482864233
241.79456906729635,64.48776519173325
242.080378250591,44.627240639291905
242.3668639053254,74.81886287247302
242.65402843601896,109.96054708669172
242.94187425860022,102.59115049247553
243.23040380047507,56.478207185770835
243.51961950059456,15.647955570179702
243.80952380952382,9.472846891640536
244.1001191895113,24.195430252259047
244.39140811455846,29.529150381266675
244.68339307048984,18.30605066316538
244.97607655502392,8.036370124442898
245.2694610778443,10.255339754830965
245.56354916067144,14.697395148304667
245.85834333733493,8.799237325395145
246.15384615384616,0.7527103315199186
246.4500601684717,10.236252233824905
246.7469879518072,38.48973362758406
247.04463208685164,60.523794263212515
247.34299516908212,53.38223870859432
247.6420798065296,24.909895826058307
247.9418886198547,5.260099224195528
248.24242424242422,11.510911415196786
248.54368932038832,29.84202536818524
248.8456865127582,35.612800274140334
249.14841849148416,23.3613084122657
249.45188794153472,9.175824664865447
249.75609756097558,6.493350320985708
250.06105006105005,10.051006067170677
250.36674816625916,7.86838779724234
250.6731946144431,1.2139979127718767
250.98039215686276,3.3813657374463553
251.2883435582822,19.507644454671247
251.5970515970516,36.217139192967224
251.90651906519062,36.34106784786898
252.21674876847288,19.880877410428383
252.52774352651045,3.7295631219713976
252.8395061728395,1.0814413884857352
253.15203955500616,7.7641367963511
253.46534653465346,11.464752009765418
253.7794299876084,8.988155634152173
254.09429280397023,8.325823861400197
254.40993788819875,14.87283579718036
254.726368159204,22.20286645424721
255.04358655043586,20.332852636968834
255.36159600997507,9.77338253943638
255.6803995006242,1.5244784769712247
255.99999999999997,3.386999759349796
256.3204005006258,11.100704070094116
256.64160401002505,15.149689990208703
256.9636135508155,13.001091092369466
257.286432160804,10.688887357925154
257.61006289308176,12.852246440082272
257.9345088161209,16.13429155170178
258.2597730138714,14.560000482537456
258.5858585858586,8.233967155145022
258.91276864728195,3.4938739684875855
259.24050632911394,4.848036130302528
259.5690747782003,9.96098321361186
259.8984771573604,13.197455462289756
260.22871664548916,12.434292071844373
260.55979643765903,11.003852003692847
260.89171974522293,12.19967547279488
261.2244897959184,14.365776271671281
261.5581098339719,13.581245344085206
261.89258312020456,9.643128739000376
262.2279129321382,6.510327757152456
262.56410256410254,6.955424436716682
262.9011553273428,9.343420935955926
263.2390745501285,10.69281597267347
263.5778635778636,10.508375450694983
263.91752577319585,10.384470318233125
264.258064516129,11.380762731304126
264.59948320413434,12.933720212499962
264.9417852522639,13.566672362022963
265.2849740932642,12.436305254675972
265.6290531776913,10.602734660523826
265.974025974026,9.851537710594767
266.3198959687906,10.349676086305077
266.66666666666663,10.615084038245998
267.01434159061273,9.918372442042894
267.3629242819843,9.340752913309654
267.7124183006536,10.002151918163761
268.0628272251309,11.390918988285533
268.41415465268676,12.26429375116333
268.76640419947506,12.293852946619701
269.119579500657,12.023993647443127
269.47368421052636,11.819881613920682
269.82872200263506,11.696479605399253
270.1846965699208,11.59747107354284
270.5416116248349,11.428752960465195
270.8994708994709,11.205546716843239
271.25827814569533,11.119288401814284
271.6180371352785,11.257348753628348
271.97875166002655,11.434389082153077
272.3404255319149,11.44615598092116
272.70306258322233,11.342147565297928
273.06666666666666,11.398860908103194
273.4312416555407,11.759936007860906
273.7967914438503,12.159746270479094
274.1633199464525,12.261477019352505
274.5308310991957,12.153966971588561
274.8993288590604,12.122001930604153
275.26881720430106,12.16362269401668
275.6393001345895,12.14352597603196
276.010781671159,12.067621630402517
276.3832658569501,11.99527927823047
276.7567567567567,11.959795484705595
277.1312584573748,11.974726616729518
277.50677506775065,11.980263198176594
277.88331071913166,11.923344291264911
278.2608695652174,11.871723866065475
278.6394557823129,11.905221291568541
279.01907356948226,12.011954747126449
279.39972714870396,12.15909608062568
279.78142076502735,12.327575727877088
280.1641586867305,12.485713204987668
280.54794520547944,12.618232174571334
280.93278463648835,12.721215924261159
281.31868131868134,12.760836768432673
281.70563961485556,12.7134387711862
282.0936639118457,12.601245300525427
282.48275862068965,12.449244967504715
282.8729281767956,12.270146329700996
283.2641770401106,12.092992733798958
283.6565096952908,11.955274303070182
284.0499306518724,11.882559295673786
284.44444444444446,11.897630209577844
284.84005563282335,12.014855498631565
285.2367688022284,12.21704434155603
285.63458856345886,12.470517606343595
286.0335195530726,12.747494401262223
286.43356643356645,13.009297783850714
286.8347338935574,13.207083881467735
287.23702664796633,13.31219021571708
287.6404494382022,13.309633129017667
288.0450070323488,13.186890333845877
288.4507042253521,12.95854596543047
288.85754583921016,12.660221615109249
289.2655367231638,12.324734349106084
289.6746817538897,11.99934526695095
290.08498583569406,11.742550602508263
290.49645390070924,11.592171592005498
290.9090909090909,11.575097957681411
291.32290184921766,11.714513088176458
291.73789173789174,12.003276360439141
292.15406562054204,12.411577783076353
292.57142857142856,12.907203005848537
292.9899856938483,13.438363092286458
293.4097421203438,13.939661604174397
293.83070301291247,14.361557739457488
294.2528735632184,14.657968235062954
294.67625899280574,14.782956500202786
295.1008645533141,14.720023604131775
295.52669552669556,14.472244588020537
295.9537572254335,14.047630737601946
296.3820549927641,13.479988171956593
296.81159420289856,12.821596578717516
297.2423802612482,12.123422600948649
297.6744186046512,11.447278945459017
298.1077147016012,10.86150559032798
298.54227405247815,10.42058309045028
298.978102189781,10.171377297593214
299.41520467836256,10.154849015757941
299.8535871156662,10.389762685726684
300.2932551319648,10.875801529027294
300.73421439060206,11.602291512535462
301.17647058823525,12.538658805284983
301.620029455081,13.637112482135535
302.06489675516224,14.847469677098061
302.5110782865583,16.112284752496738
302.95857988165676,17.366887837931856
303.4074074074074,18.556355148431845
303.85756676557867,19.63246375196262
304.30906389301634,20.548391679172717
304.7619047619047,21.272719487345686
305.2160953800298,21.786140807967065
305.6716417910448,22.072000637633728
306.1285500747384,22.126586830544152
306.58682634730536,21.956811110025214
307.0464767616192,21.570312418689817
307.5075075075075,20.98220585010169
307.96992481203006,20.214140620665777
308.433734939759,19.288114793161032
308.8989441930618,18.230863510141734
309.3655589123867,17.071442203419416
309.83358547655064,15.837902308061189
310.3030303030303,14.560600810015364
310.7738998482549,13.26793151738376
311.2462006079027,11.984913944499796
311.7199391171994,10.736619967247472
312.1951219512195,9.542650610732597
312.67175572519085,8.41634782192065
313.1498470948012,7.369706430830013
313.6294027565084,6.409724669651259
314.11042944785277,5.537930611731008
314.5929339477727,4.754785335753056
315.0769230769231,4.057682288474858
315.5624036979969,3.4411880663958763
316.04938271604937,2.9005548326454114
316.53786707882534,2.430171181895645
317.0278637770898,2.023206616340214
317.5193798449612,1.6737740862537376
318.0124223602484,1.3761540857305685
318.50699844479004,1.1243545066024812
319.0031152647975,0.9129638702689566
319.5007800312012,0.7368681822518302
320.0,0.5912472929749966
320.5007824726134,0.4717377432642886
321.0031347962382,0.37424705149699566
321.5070643642072,0.295250501604785
322.0125786163522,0.23171055194407153
322.5196850393701,0.18081582096082208
323.02839116719235,0.14029667697923778
323.5387045813586,0.10832135555504047
324.0506329113924,0.08320341328302389
324.56418383518223,0.06359119265651972
325.07936507936506,0.048411012046427705
325.59618441971384,0.036684069299240625
326.11464968152865,0.027654103670031488
326.63476874003186,0.020756362268412848
327.15654952076676,0.015489850085056154
327.68,0.01147528210465868
328.2051282051282,0.008441349657468754
328.7319422150882,0.006154132556254592
329.2604501607717,0.004441476745806322
329.7906602254429,0.0031839026614836224
330.3225806451613,0.002272777416071176
330.8562197092084,0.0016190546879786489
331.3915857605178,0.0011583349381508335
331.9286871961102,0.0008366681127619377
332.46753246753246,0.0006094003339042722
333.0081300813008,0.0004443466201978099
333.5504885993485,0.00032172326737310943
334.094616639478,0.00022991732658437912
334.640522875817,0.0001594067298521769
335.18821603927984,0.00010417968925414986
335.73770491803276,6.320218742172198e-05
336.28899835796386,3.546658042079884e-05
336.8421052631579,1.8271420429502853e-05
337.3970345963756,9.162526610136731e-06
337.95379537953795,5.820176380273591e-06
338.51239669421483,5.673273263708123e-06
339.07284768211923,6.7287988537427215e-06
339.63515754560524,7.842375685085035e-06
340.19933554817277,8.180372931773055e-06
340.765391014975,7.490637438020286e-06
341.3333333333333,6.344674702169079e-06
341.9031719532554,5.163018226839988e-06
342.4749163879599,4.088630307798817e-06
343.04857621440533,3.3708967628019963e-06
343.6241610738255,3.122043797488592e-06
344.2016806722689,3.355870319868978e-06
344.7811447811448,3.85536296457841e-06
345.362563237774,4.352778234333213e-06
345.94594594594594,4.940514824385295e-06
346.5313028764805,5.523883279994756e-06
347.11864406779665,5.9638474171247145e-06
347.70797962648555,6.452535691746802e-06
348.29931972789115,6.984618464652489e-06
348.8926746166951,7.503176174839902e-06
349.4880546075085,8.12248743013152e-06
350.0854700854701,8.920749532489329e-06
350.6849315068493,9.843960007801568e-06
351.286449399657,1.0699040870132091e-05
351.89003436426117,1.153052775689543e-05
352.4956970740103,1.2361052713941835e-05
353.10344827586204,1.30528532984593e-05
353.71329879101904,1.388792417318495e-05
354.3252595155709,1.4868976694049214e-05
354.93934142114387,1.562279329141107e-05
355.55555555555554,1.638695791480955e-05
356.17391304347825,1.741629347765795e-05
356.794425087108,1.865704113502395e-05
357.4171029668411,2.0222077223421556e-05
358.04195804195797,2.2116122163401248e-05
358.6690017513135,2.4168052070866898e-05
359.29824561403507,2.629387523164126e-05
359.9297012302285,2.8547030971985094e-05
360.5633802816901,3.0849234754085856e-05
361.1992945326279,3.314470654016604e-05
361.8374558303887,3.580550234996435e-05
362.4778761061947,3.862835614482569e-05
363.1205673758865,4.0987851342115435e-05
363.76554174067496,4.339409491410862e-05
364.4128113879003,4.6382437706215596e-05
365.0623885918003,4.9735373513101745e-05
365.7142857142857,5.3557247017696976e-05
366.3685152057245,5.792045638271843e-05
367.02508960573476,6.262672290899262e-05
367.68402154398564,6.761951480480383e-05
368.3453237410072,7.266819487268059e-05
369.009009009009,7.773750226086798e-05
369.67509025270755,8.342630936329016e-05
370.3435804701627,8.998493792064463e-05
371.0144927536232,9.656821406602389e-05
371.68784029038113,0.000102869750191067
372.3636363636364,0.00011010174767145629
373.0418943533697,0.0001186101523364283
373.7226277372263,0.00012732628071273656
374.4058500914077,0.00013598364846465603
375.09157509157507,0.00014525377114202266
375.77981651376143,0.0001556799969868063
376.47058823529414,0.0001670447174195679
377.1639042357274,0.0001788148338717436
377.8597785977859,0.00019136339695899305
378.5582255083179,0.00020476119148704066
379.25925925925924,0.00021836867935342934
379.96289424860856,0.0002329826905894335
380.6691449814126,0.00024926710067549004
381.37802607076355,0.0002659579144551575
382.089552238806,0.0002833034602335356
382.803738317757,0.00030329675336388353
383.5205992509363,0.0003250806135337919
384.24015009380867,0.0003468792111404388
384.96240601503763,0.00037068054874557033
385.6873822975518,0.00039793943625782466
386.4150943396226,0.000426335181207108
387.14555765595463,0.00045515757317815477
387.8787878787879,0.0004862252844052109
388.6148007590133,0.0005199430987900984
389.35361216730035,0.0005558987086175019
390.09523809523813,0.000594097514600625
390.8396946564886,0.0006345780597122562
391.5869980879541,0.0006774162095740836
392.3371647509578,0.0007225745297373448
393.0902111324376,0.0007706470528607009
393.84615384615387,0.0008226374227387759
394.6050096339113,0.0008783030525494463
395.3667953667953,0.0009374429068335995
396.1315280464217,0.0010011934869279186
396.8992248062015,0.001069306890910196
397.6699029126213,0.0011399132695924655
398.4435797665369,0.0012137003844803688
399.22027290448347,0.0012936971621476429
400.0,0.0013804476530987363
400.7827788649706,0.0014713150893245768
401.56862745098044,0.0015652937767049158
402.35756385068765,0.0016654937960119056
403.1496062992126,0.0017735657049586042
403.9447731755424,0.0018872755963523983
404.7430830039526,0.0020080369529519343
405.54455445544556,0.0021391767246261247
406.3492063492063,0.0022781115764398266
407.1570576540755,0.0024235461334658013
407.9681274900399,0.0025791471490697274
408.7824351297405,0.00274559666799526
409.59999999999997,0.0029233294636341217
410.4208416833667,0.0031140414850922326
411.24497991967877,0.003314734441339118
412.07243460764585,0.0035259260219677757
412.9032258064516,0.0037546766869291587
413.7373737373737,0.003999765769395373
414.57489878542515,0.004256052718203444
415.4158215010142,0.004529236823441451
416.260162601626,0.004824674411859256
417.10794297352334,0.005138081345849264
417.9591836734694,0.00546871801633122
418.81390593047036,0.005822693159348176
419.67213114754094,0.006201013433043312
420.53388090349074,0.006600879471295376
421.3991769547325,0.007027126982807339
422.2680412371134,0.007484622313622459
423.1404958677686,0.007970825332745044
424.0165631469979,0.00848827319697688
424.896265560166,0.009039745666906492
425.77962577962575,0.00962638139386298
426.6666666666667,0.010256154019055419
427.5574112734864,0.010923226103705651
428.45188284518827,0.011627868925194487
429.3501048218029,0.012392185318340425
430.25210084033614,0.01320395169030062
431.1578947368421,0.014054824616945526
432.06751054852316,0.014982876962536652
432.98097251585625,0.01598834480061466
433.8983050847458,0.017044917219724773
434.81953290870484,0.01816248530047354
435.74468085106383,0.01937143642663358
436.67377398720674,0.0206867596236723
437.60683760683764,0.022067412242553062
438.54389721627405,0.02352093619700364
439.48497854077254,0.025126686111731897
440.4301075268817,0.026844540320560266
441.37931034482756,0.028636404728125918
442.3326133909287,0.030582972215392714
443.2900432900433,0.032688163805685753
444.2516268980477,0.03492834808501356
445.2173913043478,0.037310198226891814
446.1873638344227,0.039864814945342324
447.1615720524017,0.04267080171113158
448.14004376367615,0.04561934939787445
449.12280701754383,0.04868654795728417
450.1098901098901,0.05212777974840455
451.10132158590307,0.05583577767658457
452.0971302428256,0.05965128011421899
453.0973451327433,0.0638249256887878
454.1019955654102,0.06838315995037511
455.1111111111111,0.0732367596842689
456.1247216035635,0.07840903337002579
457.1428571428571,0.08394658766392503
458.165548098434,0.09010718206576854
459.19282511210764,0.09667127215632446
460.2247191011236,0.10345496920633333
461.2612612612612,0.11113399830943158
462.3024830699774,0.11951655446506411
463.3484162895927,0.12810353762286963
464.39909297052156,0.13755765253551822
465.4545454545454,0.14798693672026045
466.5148063781321,0.15914924247740314
467.57990867579906,0.1710348180654922
468.64988558352405,0.1836682108938733
469.7247706422018,0.19801682914444496
470.8045977011494,0.2134249355216225
471.889400921659,0.22896332348174564
472.97921478060044,0.24686595515936718
474.07407407407413,0.2667603306561437
475.17401392111367,0.2868980114557566
476.27906976744185,0.3091980797667218
477.3892773892773,0.3340007056085021
478.5046728971963,0.36097760827429815
479.62529274004686,0.3898025100811797
480.75117370892025,0.4199171559805373
481.88235294117646,0.4553019782230607
483.0188679245283,0.4938103108622978
484.160756501182,0.5316848392243577
485.3080568720379,0.57651476647337
486.46080760095015,0.6269867871215274
487.61904761904765,0.6780007893231746
488.7828162291169,0.734925442271511
489.95215311004785,0.7975944874075107
491.1270983213429,0.8679586917255838
492.3076923076923,0.9436253558161833
493.4939759036144,1.0199952769405447
494.68599033816423,1.1135171636963097
495.8837772397094,1.2164046927223289
497.08737864077665,1.3152734730738609
498.29683698296833,1.4347522958453376
499.51219512195115,1.569242087041234
500.7334963325183,1.7080226017747848
501.9607843137255,1.863012128164643
503.1941031941032,2.028819128651037
504.43349753694577,2.2250199857167026
505.679012345679,2.436094169444489
506.9306930693069,2.6408863733310617
508.18858560794047,2.9035293722151514
509.452736318408,3.1927452662723996
510.72319201995015,3.4694570713121173
511.99999999999994,3.807187768691477
513.2832080200501,4.181148169951125
514.572864321608,4.584615160776268
515.8690176322418,5.029596217005115
517.1717171717172,5.486753748419159
518.4810126582279,6.063189096635508
519.7969543147208,6.677654113557813
521.1195928753181,7.2561810127746424
522.4489795918367,8.024313521271809
523.7851662404091,8.862062814001144
525.1282051282051,9.681423662894467
526.478149100257,10.670476601748959
527.8350515463917,11.736354636722526
529.1989664082687,12.962033535821147
530.5699481865284,14.280732891904758
531.948051948052,15.581931523067682
533.3333333333333,17.32232714849909
534.7258485639686,19.147980111185884
536.1256544502618,20.84821049503131
537.5328083989501,23.12898886412694
538.9473684210527,25.57426236314725
540.3693931398416,28.06891690260889
541.7989417989418,30.98590115527907
543.236074270557,34.029814819803185
544.6808510638298,37.77089641695926
546.1333333333333,41.66734093357576
547.5935828877006,45.38573490970084
549.0616621983914,50.575233153406145
550.5376344086021,55.91432043513706
552.021563342318,60.91684785982373
553.5135135135134,67.54821856313305
555.0135501355013,74.51115351763539
556.5217391304348,81.97573226305353
558.0381471389645,90.33757448120885
559.5628415300547,98.77267838347716
561.0958904109589,109.77121196539989
562.6373626373627,120.83933406375562
564.1873278236914,131.1025736748721
565.7458563535912,145.80656786840592
567.3130193905816,160.6099440952201
568.8888888888889,174.61238096176848
570.4735376044569,192.73075653407616
572.0670391061452,211.28627350718006
573.6694677871149,232.09172710921266
575.2808988764044,254.34353076688993
576.9014084507043,275.8851139030313
578.5310734463276,305.4442556772939
580.1699716713881,334.1299608642276
581.8181818181818,359.72013916600093
583.4757834757835,397.23035343362477
585.1428571428571,433.99005899600314
586.8194842406876,468.58682192970707
588.5057471264367,512.3067022861014
590.2017291066282,555.5009481146052
591.907514450867,605.6795610702568
593.6231884057971,656.8730369156335
595.3488372093024,703.400755010966
597.0845481049563,771.1337122541829
598.8304093567251,833.9642560771866
600.5865102639297,885.7851447098657
602.3529411764705,965.5608435267917
604.1297935103245,1040.6533380544006
605.9171597633135,1108.4341112050283
607.7151335311573,1193.689417077415
609.5238095238094,1272.880278885794
611.3432835820896,1367.6242706812584
613.1736526946107,1458.830720708984
615.015015015015,1531.3266126067535
616.867469879518,1650.3634128267377
618.7311178247734,1752.9164987579243
620.6060606060606,1821.162072330453
622.4924012158054,1945.7858157552837
624.390243902439,2053.869673406356
626.2996941896024,2136.187928859361
628.2208588957055,2247.394924827885
630.1538461538462,2336.0317437224885
632.0987654320987,2447.4198750127703
634.0557275541796,2544.0287904582588
636.0248447204968,2587.9962637418294
638.006230529595,2713.8802559106275
640.0,2801.410555658577
642.0062695924764,2802.511694179813
644.0251572327044,2900.822077463294
646.0567823343847,2963.541413827305
648.1012658227849,2955.0305916032507
650.1587301587301,2995.8371960927093
652.2292993630573,2992.1005955755095
654.3130990415335,2999.7314871622916
656.4102564102564,2987.575395660937
658.5209003215434,2880.725428994931
660.6451612903226,2883.1360416740663
662.7831715210356,2839.0870069158323
664.9350649350649,2649.257766791085
667.100977198697,2606.8650870797815
669.281045751634,2537.51328445231
671.4754098360655,2333.653837732841
673.6842105263158,2228.362774403476
675.9075907590759,2101.4321422150315
678.1456953642385,1931.6293941111862
680.3986710963455,1795.68204578376
682.6666666666666,1609.1150626515453
684.9498327759198,1503.3180845638826
687.248322147651,1416.976657871966
689.5622895622896,1225.4321403164463
691.8918918918919,1180.2289508477309
694.2372881355933,1180.9228185044253
696.5986394557823,1025.931700843883
698.976109215017,1017.6811831785304
701.3698630136986,1109.0572576015381
703.7800687285223,1030.6856253526526
706.2068965517241,1086.0327810270799
708.6505190311418,1312.5159733310156
711.1111111111111,1383.3272061301393
713.588850174216,1532.670401662266
716.0839160839159,1816.8052635897654
718.5964912280701,1939.667981439979
721.1267605633802,2072.3798771113097
723.6749116607774,2165.4904401889034
726.241134751773,2209.9123755356
728.8256227758006,2432.470343170536
731.4285714285714,2397.3864934966496
734.0501792114695,2451.7099714862766
736.6906474820144,2942.0987581415893
739.3501805054151,2776.597205222716
742.0289855072464,2384.3320057504334
744.7272727272727,2521.5987779307984
747.4452554744526,2136.2070887190284
750.1831501831501,1688.9117849339245
752.9411764705883,2002.0165608264672
755.7195571955718,1984.3345305390544
758.5185185185185,1661.3658719532687
761.3382899628252,1729.7078444283575
764.179104477612,1684.540542231933
767.0411985018726,1187.5266615121973
769.9248120300753,1596.885825111388
772.8301886792452,3682.309767140243
775.7575757575758,1990.5556322389027
778.7072243346007,3031.1738050299455
781.6793893129772,5199.694749147114
784.6743295019156,3473.3287005350576
787.6923076923077,2612.203355549688
790.7335907335906,2244.2798015228263
793.798449612403,1729.807961295376
796.8871595330738,1344.9649528364944
800.0,1248.7313621745432
803.1372549019609,1513.3351560224576
806.2992125984252,1966.6847529403105
809.4861660079052,2329.38451114296
812.6984126984127,4034.774663856104
815.9362549800798,6920.387371626258
819.1999999999999,3962.204220922071
822.4899598393575,254.8570180827327
825.8064516129032,205.01058102233904
829.1497975708503,1785.9175770620639
832.520325203252,3209.986685229072
835.9183673469388,2831.53752160161
839.3442622950819,3601.645662117642
842.798353909465,3908.7639398364804
846.2809917355372,2732.7862718808055
849.792531120332,2273.7556181710593
853.3333333333334,2041.906188294367
856.9037656903765,1304.2742547900186
860.5042016806723,1098.5180611245853
864.1350210970463,1298.9830983754155
867.7966101694916,1298.8604890768959
871.4893617021277,1480.1533756619494
875.2136752136753,2101.0654452063936
878.9699570815451,2727.599893031833
882.7586206896551,3366.788840050208
886.5800865800866,4312.379584837326
890.4347826086956,4949.536857528436
894.3231441048034,5200.291034270896
898.2456140350877,5678.4112321353405
902.2026431718061,5808.2696555779885
906.1946902654867,5444.901715682088
910.2222222222222,5356.095059707755
914.2857142857142,5124.116828147415
918.3856502242153,4494.744862076893
922.5225225225224,4107.239012537431
926.6968325791854,3735.264233509425
930.9090909090908,3117.1764507089656
935.1598173515981,2653.7352689982035
939.4495412844036,2275.90994692261
943.778801843318,1823.4427274435957
948.1481481481483,1468.8709069468591
952.5581395348837,1187.963145825046
957.0093457943926,926.2148413732639
961.5023474178405,722.9383911327386
966.0377358490566,547.1809489541312
970.6161137440758,413.03719751010766
975.2380952380953,318.9008799689856
979.9043062200957,223.3683229029081
984.6153846153846,159.58637810083002
989.3719806763285,125.3037372586949
994.1747572815533,81.7628561128251
999.0243902439023,53.61294585088489
1003.921568627451,44.40671549480739
1008.8669950738915,27.95731863941686
1013.8613861386139,16.15986986977343
1018.905472636816,14.303018414719103
1023.9999999999999,9.099986025900163
1029.145728643216,4.4461720005636645
1034.3434343434344,4.014335382440535
1039.5939086294416,2.6838731675317526
1044.8979591836735,1.1111441471900674
1050.2564102564102,0.9165507992481619
1055.6701030927834,0.6764565377868419
1061.139896373057,0.282932658708271
1066.6666666666665,0.1840950460160094
1072.2513089005236,0.1527938960426986
1077.8947368421054,0.09069917809057021
1083.5978835978835,0.05642879166199831
1089.3617021276596,0.04090767890948682
1095.1871657754011,0.027837934965389374
1101.0752688172042,0.030240189816154655
1107.0270270270269,0.019525253721917976
1113.0434782608695,0.004507523904106456
1119.1256830601094,0.01799154280854328
1125.2747252747254,0.01259394543021966
1131.4917127071824,0.0010508573912510974
1137.7777777777778,0.012513769076513494
1144.1340782122904,0.005948130923863738
1150.5617977528088,0.002658165587833065
1157.0621468926552,0.010565557514997595
1163.6363636363635,0.0012459997106628118
1170.2857142857142,0.003415702703197032
1177.0114942528735,0.008374025814326728
1183.815028901734,1.050255873639671e-06
1190.6976744186047,0.003713792676582199
1197.6608187134502,0.004942969441737527
1204.705882352941,0.0003799573778469835
1211.834319526627,0.0040978941656592376
1219.0476190476188,0.0018403606522146153
1226.3473053892214,0.000716334413442518
1233.734939759036,0.0038603858002850826
1241.2121212121212,0.00032272664504723027
1248.780487804878,0.0009683693913233485
1256.441717791411,0.002693554242397461
1264.1975308641975,5.57881307851281e-06
1272.0496894409937,0.0013663655590091554
1280.0,0.0012942078296190227
1288.0503144654087,3.089509778099962e-05
1296.2025316455697,0.0015858548944976117
1304.4585987261146,0.0004054343286568782
1312.8205128205127,0.00010841363457753853
1321.2903225806451,0.001327275231096209
1329.8701298701299,8.636861637954805e-05
1338.562091503268,0.00027975657247311284
1347.3684210526317,0.0007886914732037235
1356.291390728477,1.4151428824712463e-05
1365.3333333333333,0.0004523547610981419
1374.496644295302,0.00034752363732856126
1383.7837837837837,1.3040406046161824e-06
1393.1972789115646,0.000465479432820879
1402.7397260273972,0.00013860563027457687
1412.4137931034481,4.092577990691496e-05
1422.2222222222222,0.0003264066616487794
1432.1678321678319,6.407979742602776e-05
1442.2535211267605,0.00011282998379797309
1452.482269503546,0.00017214048522464233
1462.857142857143,2.4275816525058586e-05
1473.3812949640287,0.00014820566178493956
1484.0579710144928,8.699658902208334e-05
1494.890510948905,5.713454159293769e-06
1505.8823529411766,0.00012209679828770632
1517.037037037037,5.424027314551832e-05
1528.358208955224,1.4167555806996492e-05
1539.8496240601505,7.373022273463168e-05
1551.5151515151515,3.305693794796847e-05
1563.3587786259543,2.998724672675749e-05
1575.3846153846155,4.305160145210925e-05
1587.596899224806,1.3741447618601528e-05
1600.0,3.227309078391688e-05
1612.5984251968505,3.171213633775829e-05
1625.3968253968253,4.090204223256978e-06
1638.3999999999999,2.3309476103187606e-05
1651.6129032258063,2.3600930619127317e-05
1665.040650406504,3.741982983285136e-06
1678.6885245901638,1.5973456903463365e-05
1692.5619834710744,1.2950458922454722e-05
1706.6666666666667,4.955199914611048e-06
1721.0084033613446,1.4223258461499859e-05
1735.5932203389832,4.400690686783216e-06
1750.4273504273506,4.1943743472176276e-06
1765.5172413793102,1.3041670481939862e-05
1780.8695652173913,9.583159422297511e-07
1796.4912280701753,3.3288870141759886e-06
1812.3893805309733,9.13149378970669e-06
1828.5714285714284,5.17801986431141e-07
1845.0450450450448,3.8096100018514846e-06
1861.8181818181815,4.2783347209120875e-06
1878.8990825688072,5.175634402521856e-07
1896.2962962962965,4.445163694574348e-06
1914.0186915887853,1.1715936966016949e-06
1932.0754716981132,5.395926589224836e-07
1950.4761904761906,3.848440717417335e-06
1969.2307692307693,1.369427136187164e-07
1988.3495145631066,9.531086758352373e-07
2007.843137254902,2.2941304685619087e-06
2027.7227722772277,4.910589366013167e-09
2047.9999999999998,1.4485219374164777e-06
2068.686868686869,9.100679567681581e-07
2089.795918367347,5.240785919251607e-09
2111.340206185567,1.478172995302881e-06
2133.333333333333,2.2970428613191615e-07
2155.789473684211,8.273516628783081e-08
2178.723404255319,1.0113012580436822e-06
2202.1505376344085,5.8908300186819234e-08
2226.086956521739,2.6282340082746407e-07
2250.5494505494507,4.599538070021848e-07
2275.5555555555557,4.125866636709803e-08
2301.1235955056177,3.888161609788971e-07
2327.272727272727,1.404524995332217e-07
2354.022988505747,3.596138211845465e-08
2381.3953488372094,3.443467578031911e-07
2409.411764705882,4.124647692907501e-08
2438.0952380952376,4.928496117858687e-08
2467.469879518072,1.950684350120644e-07
2497.560975609756,2.8048079967742705e-08
2528.395061728395,7.44780997534989e-08
2560.0,7.137374792630258e-08
2592.4050632911394,2.0524318614042838e-08
2625.6410256410254,7.872760532724271e-08
2659.7402597402597,2.0688068835378947e-08
2694.7368421052633,1.3011549198197997e-08
2730.6666666666665,5.298470250649709e-08
2767.5675675675675,1.0680283704041601e-08
2805.4794520547944,1.0579227558845948e-08
2844.4444444444443,2.5085871804528135e-08
2884.507042253521,5.545745759739092e-09
2925.714285714286,7.461977285471589e-09
2968.1159420289855,1.1672176159849087e-08
3011.764705882353,1.465595677213079e-09
3056.716417910448,2.690930004625993e-09
3103.030303030303,1.102504063972528e-08
3150.769230769231,3.832028215885688e-09
3200.0,1.820632325311412e-10
3250.7936507936506,1.2465653672852056e-08
3303.2258064516127,9.042523877500858e-09
3357.3770491803275,1.8340111789149711e-09
3413.3333333333335,9.485648991318105e-09
3471.1864406779664,8.873249695996249e-09
3531.0344827586205,3.1460785938971615e-09
3592.9824561403507,4.275235352179815e-09
3657.142857142857,4.624319447427931e-09
3723.636363636363,2.2795334444464952e-09
3792.592592592593,1.331275431900834e-09
3864.1509433962265,1.7596475278185183e-09
3938.4615384615386,1.4096819175997323e-09
4015.686274509804,4.954596135436788e-10
4095.9999999999995,4.288440240574202e-10
4179.591836734694,7.321142654331192e-10
4266.666666666666,4.208933083162611e-10
4357.446808510638,2.6607492572756306e-10
4452.173913043478,7.300324530173381e-11
4551.111111111111,6.706119305214012e-11
4654.545454545454,4.294574631788773e-11
4762.790697674419,6.38707449861142e-12
4876.190476190475,5.035636209100179e-12
4995.121951219512,3.2353500532594026e-12
5120.0,3.815515252828475e-13
5251.282051282051,3.909397926929032e-13
5389.473684210527,2.5842903758416976e-13
5535.135135135135,1.2955748318795175e-14
5688.888888888889,2.503553744557594e-14
5851.428571428572,1.704804166032359e-14
6023.529411764706,2.4544947375112696e-16
6206.060606060606,6.925256073685982e-16
6400.0,7.9265119299259685e-16
6606.451612903225,2.0077205255034075e-16
6826.666666666667,9.700349228155089e-18
7062.068965517241,6.589021703144262e-17
7314.285714285714,3.6386828080223247e-17
7585.185185185186,2.4678599906869555e-18
7876.923076923077,1.6833618050733004e-17
