"Wavelength, nm",Intensity
136.44237175216523,2.5325745005210116e-27
136.53333333333333,1.881964251940944e-27
136.62441627751835,2.7571369315685667e-27
136.71562082777035,2.655440936813389e-27
136.80694722778892,3.0225565548993315e-27
136.89839572192514,6.014715842174823e-27
136.98996655518394,4.195549327217004e-27
137.08165997322624,2.143254748816314e-25
137.17347622237108,1.6937735392027823e-23
137.26541554959786,4.305624596262023e-22
137.35747820254863,6.078971900404696e-21
137.4496644295302,5.611580968508715e-20
137.54197447951645,3.7552015825713676e-19
137.63440860215053,1.990738778953131e-18
137.72696704774717,8.98185136813203e-18
137.81965006729476,3.6254123491937005e-17
137.9124579124579,1.3421507703779127e-16
138.0053908355795,4.591804793421745e-16
138.09844908968307,1.4540193593689494e-15
138.19163292847506,4.263842724955029e-15
138.28494260634707,1.1592802932486156e-14
138.37837837837836,2.930851977835085e-14
138.47194050033806,6.916167740086882e-14
138.5656292286874,1.528646562553493e-13
138.65944482058225,3.175087405601422e-13
138.75338753387533,6.219797970698871e-13
138.84745762711862,1.1531653442445698e-12
138.94165535956583,2.029307557971588e-12
139.03598099117448,3.3978815815340424e-12
139.1304347826087,5.426575428478847e-12
139.22501699524133,8.28477500129794e-12
139.31972789115645,1.2112912333618459e-11
139.4145677331518,1.6980718835011977e-11
139.50953678474113,2.2840479703131927e-11
139.60463531015677,2.9486552275111935e-11
139.69986357435198,3.653325751610865e-11
139.79522184300342,4.343584218806137e-11
139.89071038251367,4.959833966814362e-11
139.98632946001365,5.460907283432255e-11
140.08207934336525,5.864005066657045e-11
140.17796030116358,6.306480968217123e-11
140.27397260273972,7.139500553098135e-11
140.37011651816314,9.059835938452207e-11
140.46639231824417,1.3272667371795868e-10
140.56280027453673,2.1673657133114535e-10
140.65934065934067,3.703660642390553e-10
140.75601374570448,6.319243952489709e-10
140.85281980742778,1.051692961378474e-09
140.949759119064,1.6923220859380738e-09
141.04683195592284,2.6278542760735426e-09
141.14403859407307,3.941390037983942e-09
141.24137931034483,5.7211826107974324e-09
141.33885438233264,8.054362666024496e-09
141.4364640883978,1.1017971881243983e-08
141.53420870767104,1.4668817587282285e-08
141.6320885200553,1.9033156896545817e-08
141.73010380622836,2.4096490555816214e-08
141.8282548476454,2.979649268992043e-08
141.92654192654192,3.6023318718826464e-08
142.0249653259362,4.263085501552318e-08
142.1235253296322,4.945974232582356e-08
142.22222222222223,5.637154498587827e-08
142.32105628908963,6.32999518003039e-08
142.42002781641168,7.03237697125848e-08
142.51913709116212,7.775742497196676e-08
142.6183844011142,8.625846421221244e-08
142.7177700348432,9.696269285033519e-08
142.81729428172943,1.1166466488251002e-07
142.91695743196092,1.3305837623996053e-07
143.0167597765363,1.6505276350291298e-07
143.11670160726763,2.1319696308536485e-07
143.21678321678323,2.852600739082572e-07
143.31700489853043,3.920000853023585e-07
143.4173669467787,5.481626267671967e-07
143.5178696566223,7.737441803703139e-07
143.61851332398317,1.0955257401624594e-06
143.71929824561403,1.548879786358796e-06
143.8202247191011,2.1797790028453348e-06
143.92129304286718,3.0468865505304283e-06
144.0225035161744,4.223788744407854e-06
144.12385643912737,5.801184829324014e-06
144.22535211267606,7.888544883918477e-06
144.32699083861874,1.0615769054126253e-05
144.42877291960508,1.4135135875949727e-05
144.530698659139,1.8622263542410933e-05
144.6327683615819,2.427778806250899e-05
144.73498233215545,3.133187759168555e-05
144.83734087694484,4.004707066357304e-05
144.9398443029016,5.072202902498975e-05
145.04249291784703,6.370572960959448e-05
145.14528703047483,7.940845471400452e-05
145.24822695035462,9.830368795786896e-05
145.35131298793468,0.00012095299436479908
145.45454545454544,0.00014802953209993816
145.55792466240226,0.00018029369265560287
145.66145092460883,0.00021860422086242718
145.76512455516016,0.00026395605804820766
145.86894586894587,0.00031737777506192364
145.9729151817534,0.00037985807775124333
146.07703281027102,0.00045243257620380375
146.18129907209135,0.0005359828337980905
146.28571428571428,0.0006309489443501587
146.39027877055037,0.0007375696004196166
146.49499284692416,0.0008557446782416593
146.59985683607732,0.00098436767201079
146.7048710601719,0.0011218348487996746
146.8100358422939,0.0012664661666764885
146.91535150645623,0.0014152810527027068
147.0208183776023,0.0015645746933801137
147.1264367816092,0.0017117221635328979
147.23220704529115,0.0018534322208821
147.33812949640287,0.0019853448267161755
147.4442044636429,0.002105925303894588
147.55043227665706,0.002215001630470806
147.6568132660418,0.002310031643696639
147.76334776334778,0.0023912778283937623
147.87003610108303,0.002464592024575803
147.97687861271675,0.0025351542262641454
148.08387563268258,0.0026076969660397886
148.19102749638205,0.0026898020383310435
148.29833454018825,0.002788881893419095
148.40579710144928,0.0029159409074454774
148.51341551849166,0.003087303932834301
148.6211901306241,0.003310746541158141
148.72912127814087,0.003588494530282308
148.8372093023256,0.003935954326118552
148.94545454545454,0.004368299313130454
149.0538573508006,0.004885488966959206
149.16241806263656,0.005499663694804266
149.27113702623907,0.006238600525667978
149.38001458789202,0.007103327940184007
149.4890510948905,0.008073958404280976
149.59824689554418,0.009157629762933231
149.70760233918128,0.01037499580711589
149.81711777615214,0.011711064062196939
149.9267935578331,0.013129368298486264
150.03663003663004,0.014621441253460488
150.1466275659824,0.016194952827133124
150.25678650036684,0.017815795332813297
150.36710719530103,0.019420034593633586
150.47759000734754,0.02099407832852366
150.58823529411762,0.022547812015797978
150.69904341427517,0.023983643502323515
150.8100147275405,0.025162167629947364
150.92114959469419,0.02615243463412489
151.03244837758112,0.02714197192802268
151.1439114391144,0.02799572062566372
151.25553914327915,0.028340896350548834
151.3673318551367,0.028301141114499745
151.47928994082838,0.028498355860446096
151.59141376757958,0.028919183404678167
151.7037037037037,0.028680712002739986
151.81616011860638,0.027645167062929753
151.92878338278933,0.027097523847947967
152.04157386785448,0.027583613956000095
152.15453194650817,0.027441778649103837
152.26765799256503,0.025487515272219746
152.38095238095235,0.02375376156727596
152.4944154877141,0.024444426762935158
152.6080476900149,0.0253248794496477
152.72184936614468,0.022775177711243124
152.8358208955224,0.018933096715841632
152.9499626587005,0.0192818946719321
153.0642750373692,0.02239337947693966
153.1787584143605,0.02073743688612871
153.29341317365268,0.014433145431059377
153.40823970037454,0.01333175846283848
153.5232383808096,0.01967537199720623
153.6384096024006,0.021458110171921247
153.75375375375376,0.01298960638053162
153.86927122464311,0.00801223951938484
153.98496240601503,0.01687473309736202
154.10082768999246,0.024936493724228403
154.2168674698795,0.015991916970871503
154.33308214016577,0.0041966627059671505
154.4494720965309,0.012556068861800085
154.56603773584905,0.029332233465536685
154.68277945619334,0.02432675489705916
154.79969765684052,0.004682662364365957
154.91679273827532,0.007901897067595792
155.0340651021953,0.034361298481881956
155.15151515151516,0.0401197816991081
155.2691432903715,0.013752795228786079
155.38694992412746,0.002902595799582483
155.50493545937738,0.033041347971382494
155.62310030395136,0.05736332255415959
155.74144486692012,0.03456126188832897
155.8599695585997,0.0037702396183631054
155.97867479055597,0.020260838863429602
156.09756097560975,0.059271228283623426
156.21662852784135,0.05716823001114704
156.33587786259542,0.01991005984951072
156.45530939648586,0.011127292577859924
156.5749235474006,0.044047159382474485
156.69472073450652,0.06428352227091846
156.8147013782542,0.04431665308111531
156.93486590038313,0.022547290975389267
157.05521472392638,0.03185017308097639
157.17574827321565,0.05116301038541589
157.29646697388634,0.05172749492426439
157.4173712528824,0.04192792231338173
157.53846153846155,0.04079543693220301
157.65973826020013,0.0449485970554831
157.78120184899845,0.04510403679289526
157.9028527370856,0.04626995226144735
158.02469135802468,0.05230244165816828
158.14671814671814,0.05385986735295244
158.26893353941267,0.04688782291689182
158.39133797370457,0.04293049136671338
158.5139318885449,0.048941037834871165
158.63671572424477,0.054870556785718144
158.7596899224806,0.05160054230753896
158.88285492629947,0.04525396743398782
159.0062111801242,0.044526694081841435
159.12975912975912,0.04719466405378796
159.25349922239502,0.047332509312435975
159.37743190661476,0.045392973512738764
159.50155763239874,0.04425578872549067
159.62587685113016,0.04314039641916978
159.7503900156006,0.04084486899537341
159.87509758001562,0.03914718963036991
160.0,0.039090182967665185
160.12509773260362,0.038566274956255635
160.2503912363067,0.03622089408708432
160.37588097102582,0.03378624357931132
160.5015673981191,0.03278672872775624
160.62745098039213,0.032308716552962316
160.7535321821036,0.031241792338724685
160.87981146897093,0.029971170642416355
161.0062893081761,0.029015422541268508
161.13296616837135,0.028123728232991252
161.25984251968504,0.02723393187466425
161.38691883372735,0.026745146861847167
161.51419558359618,0.02664760661752627
161.64167324388316,0.026519218656585915
161.7693522906793,0.026322467969982066
161.89723320158103,0.026392200802539827
162.0253164556962,0.026817686047530157
162.15360253365006,0.027406296845636474
162.28209191759112,0.028083949500161534
162.41078509119745,0.028943246368837716
162.53968253968253,0.030001363268201908
162.66878474980143,0.03118265115583902
162.79809220985692,0.03249697708138902
162.92760540970565,0.03402253110691132
163.05732484076432,0.0357217956188681
163.18725099601593,0.037459722203222065
163.31738437001593,0.03920424557744235
163.44772545889865,0.041028266516881594
163.57827476038338,0.04291852315464391
163.709032773781,0.044770740849330734
163.84,0.04654254419131753
163.97117694155327,0.04822713871739804
164.1025641025641,0.04975352293747428
164.23416198877305,0.05106263806520128
164.3659711075441,0.05217147652238145
164.49799196787149,0.05307739735831754
164.63022508038586,0.053720953309802366
164.76267095736122,0.0540874735756384
164.89533011272144,0.0542323542641138
165.02820306204674,0.05417244830960926
165.16129032258064,0.05388293890911534
165.29459241323647,0.053418016774505535
165.4281098546042,0.052862075588094685
165.56184316895713,0.05220446966576944
165.6957928802589,0.05142813096798847
165.82995951417004,0.05058514371552507
165.9643435980551,0.04969420844458914
166.09894566098947,0.04872460879441836
166.23376623376623,0.047663593314755726
166.36880584890332,0.04651601843108855
166.5040650406504,0.0452950787091179
166.63954434499593,0.04399602787124258
166.77524429967426,0.04259025576671851
166.9111654441728,0.04108528746398177
167.047308319739,0.039513191127168494
167.18367346938777,0.03788563819691867
167.3202614379085,0.03620509566489476
167.45707277187245,0.034485084637519356
167.59410801963992,0.032784065416014634
167.7313677313677,0.031145991077723048
167.86885245901638,0.02955156032623381
168.00656275635768,0.028049626120843076
168.14449917898193,0.026702533542524616
168.28266228430567,0.025461094820592407
168.42105263157896,0.02432689407753146
168.559670781893,0.023324399164950715
168.6985172981878,0.02239022065631616
168.83759274525966,0.021539908647065127
168.97689768976898,0.020786948042841376
169.11643270024774,0.02004172066919265
169.25619834710741,0.01930373591375362
169.39619520264682,0.018569359438037492
169.53642384105962,0.017762300241192543
169.67688483844242,0.016918468475415203
169.81757877280262,0.01606124210677495
169.95850622406635,0.015126284080192355
170.09966777408638,0.014133669267419264
170.24106400665005,0.013111762539881612
170.3826955074875,0.01203389283517273
170.52456286427974,0.010931326751355273
170.66666666666666,0.009850815093201026
170.8090075062552,0.008785335019710733
170.9515859766277,0.007731705469140889
171.09440267335003,0.006724277322216974
171.23745819397996,0.005783901437417934
171.3807531380753,0.00489741401640832
171.52428810720266,0.00408243693688326
171.66806370494552,0.0033684868227837395
171.81208053691276,0.0027325316150348467
171.95633921074725,0.0021668145353392915
172.10084033613444,0.0016961213526984877
172.24558452481077,0.0013058320430386202
172.3905723905724,0.0009780573179396029
172.5358045492839,0.0007183658534843419
172.681281618887,0.000513021321885257
172.82700421940928,0.0003496001351294616
172.97297297297297,0.0002310661241375484
173.11918850380385,0.0001472645732561807
173.26565143824024,8.653761479370454e-05
173.41236240474177,4.659314293559131e-05
173.55932203389833,2.1937698966908468e-05
173.70653095843934,7.651398220008538e-06
173.85398981324278,1.69354948317117e-06
174.0016992353441,4.417628892700969e-07
174.14965986394557,1.7309875207325813e-06
174.2978723404255,4.714238886007511e-06
174.44633730834755,8.012446533403195e-06
174.59505541346974,1.0814572186026131e-05
174.74402730375425,1.2735047258948464e-05
174.8932536293766,1.4097707383332529e-05
175.04273504273505,1.5279964032034384e-05
175.1924721984602,1.578942845579182e-05
175.34246575342465,1.5684146971307633e-05
175.49271636675235,1.4997095506192477e-05
175.6432246998285,1.3348404566280621e-05
175.79399141630904,1.1852139012328222e-05
175.94501718213058,1.1219306537123456e-05
176.0963026655202,1.0232642587569956e-05
176.24784853700515,8.694056673337474e-06
176.3996554694229,7.488498463240232e-06
176.55172413793102,6.421601028274837e-06
176.70405522001724,5.287381686026063e-06
176.85664939550952,4.42630741439884e-06
177.00950734658602,3.823230146453803e-06
177.16262975778545,3.423636174441152e-06
177.3160173160173,3.155538678875122e-06
177.46967071057193,2.6833446672401556e-06
177.62359063313096,2.0323928824236482e-06
177.77777777777777,1.568394549660684e-06
177.93223284100782,1.3730213795267837e-06
178.08695652173913,1.3012387651421525e-06
178.24194952132288,1.2350033275183606e-06
178.397212543554,1.1186989795059355e-06
178.55274629468178,9.223670357102574e-07
178.70855148342056,6.814476191406335e-07
178.86462882096066,5.212461411189441e-07
179.02097902097898,4.753056709452057e-07
179.17760279965006,4.4300336163606796e-07
179.33450087565674,3.695400415943201e-07
179.4916739702016,3.0748538168213277e-07
179.64912280701753,2.592736026738678e-07
179.80684811237927,1.9777364684997596e-07
179.96485061511424,1.5656465726072918e-07
180.12313104661388,1.590677100808277e-07
180.28169014084506,1.7116938628527669e-07
180.44052863436124,1.4681014004497994e-07
180.59964726631395,1.0297775823349377e-07
180.75904677846424,6.965377660008203e-08
180.91872791519435,5.728859835571661e-08
181.07869142351902,6.855163772516284e-08
181.23893805309734,7.291349482355443e-08
181.39946855624444,4.599060784073576e-08
181.56028368794324,3.218640066836336e-08
181.72138420585628,3.6552648619389623e-08
181.88277087033748,2.854520683571813e-08
182.04444444444445,1.3729946808111691e-08
182.20640569395016,1.750060526971644e-08
182.3686553873553,1.9991183107978184e-08
182.53119429590015,8.802609865374555e-09
182.69402319357712,1.1215641285276545e-08
182.85714285714286,2.383867122493406e-08
183.0205540661305,1.4043598812001574e-08
183.18425760286226,2.9204631204629597e-09
183.34825425246197,7.47478388660823e-09
183.51254480286738,2.1174667061779972e-08
183.67713004484304,1.1900204684535415e-08
183.84201077199282,1.9215449446407228e-09
184.00718778077265,1.1376491625519184e-09
184.1726618705036,1.7767997550850902e-09
184.33843384338437,2.205412139525907e-09
184.5045045045045,2.2075419695647236e-10
184.67087466185754,9.572126664074455e-11
184.83754512635377,6.292511880597575e-10
185.0045167118338,1.2457105417852981e-10
185.17179023508135,2.918376663830261e-09
185.33936651583707,3.336497000700667e-09
185.5072463768116,2.2665570566207726e-09
185.675430643699,2.166321913915955e-09
185.84392014519057,4.132331869274361e-10
186.01271571298818,3.4753473440886997e-09
186.1818181818182,1.9852863027123773e-09
186.3512283894449,4.002194642031846e-09
186.52094717668484,2.2878314512758727e-09
186.69097538742025,4.1780082644950297e-10
186.86131386861314,8.855982080186168e-10
187.03196347031962,4.6290812856355294e-10
187.20292504570384,4.1915115407350835e-09
187.37419945105214,2.699288923573121e-09
187.54578754578753,6.752022616081255e-11
187.71769019248396,1.1401448467735508e-09
187.88990825688072,3.2003599649990066e-09
188.06244260789717,4.187090752985165e-09
188.23529411764707,7.723663859689981e-10
188.40846366145354,2.3707210332349947e-09
188.5819521178637,5.855340972854884e-09
188.75576036866357,1.358803831864626e-09
188.92988929889296,4.2642653755252985e-09
189.10433979686056,3.799057233120666e-09
189.27911275415894,4.2476975631935956e-10
189.45420906567992,1.039273930125624e-09
189.62962962962962,1.9719106840542423e-09
189.80537534754404,6.379063854796345e-09
189.98144712430428,1.3870971137968477e-08
190.15784586815226,1.3286504677210128e-08
190.3345724907063,3.912173002087171e-09
190.51162790697674,4.805734610349485e-10
190.68901303538178,3.032263218060136e-10
190.8667287977633,3.420483372176572e-10
191.044776119403,7.02863440294238e-10
191.22315592903828,9.570178177275509e-10
191.4018691588785,2.0171270310341774e-09
191.5809167446211,2.261754606699734e-09
191.76029962546815,4.808428255199067e-09
191.94001874414244,3.804508928813516e-09
192.12007504690433,2.8400132996055637e-09
192.3004694835681,1.2769045629319744e-09
192.48120300751881,1.4558628246286836e-09
192.66227657572907,1.054685333704697e-09
192.8436911487759,9.261882502066269e-10
193.02544769085767,2.7967883237629494e-09
193.2075471698113,6.942179451932481e-09
193.38999055712932,1.2722339298091405e-08
193.57277882797732,2.0385750704806643e-09
193.75591296121098,6.062916242680324e-09
193.93939393939394,4.871059168755504e-09
194.12322274881518,8.071486048814211e-10
194.30740037950665,6.758655129561288e-12
194.49192782526114,3.0298906235725273e-09
194.67680608365018,3.1484690564366436e-09
194.86203615604185,1.2244082208011305e-09
195.04761904761907,1.3804570115737974e-10
195.23355576739752,5.061577021386308e-10
195.4198473282443,1.302323330013012e-09
195.6064947468959,1.4369689570133027e-09
195.79349904397705,3.3019409719331673e-09
195.9808612440191,7.410397505645628e-09
196.1685823754789,1.0002730750796513e-09
196.35666347075744,6.309329698092942e-09
196.5451055662188,1.3420052958591971e-08
196.73390970220942,1.3691920582895964e-09
196.92307692307693,1.5317305537588812e-09
197.1126082771896,1.073735271626585e-09
197.30250481695566,7.179499772530068e-09
197.4927675988428,1.098041985873596e-09
197.68339768339766,4.68901089734372e-09
197.8743961352657,6.6920936106349765e-09
198.06576402321085,2.976615127926081e-09
198.25750242013552,1.7809673698431279e-10
198.44961240310076,2.211880094754319e-09
198.64209505334625,2.2336233480148555e-10
198.83495145631065,3.3291129121777393e-09
199.02818270165207,4.5624322814124305e-09
199.22178988326846,6.773822480427727e-10
199.4157740993184,3.5650416205634467e-10
199.61013645224173,1.7216083404528459e-09
199.8048780487805,2.2551848385089487e-09
200.0,7.458782807361618e-10
200.19550342130987,6.73334069306456e-10
200.3913894324853,1.3461023380161082e-09
200.58765915768853,1.6032579552345508e-09
200.78431372549022,2.600414621037252e-09
200.9813542688911,1.9387925922983236e-09
201.17878192534383,5.000663029823343e-10
201.37659783677483,5.498736779662224e-09
201.5748031496063,2.4984431299345977e-09
201.77339901477833,7.298542410360209e-10
201.9723865877712,3.4339005566570748e-09
202.1717670286278,9.298189795679288e-10
202.3715415019763,9.950109144183962e-11
202.57171117705244,3.1772273536057676e-10
202.77227722772278,5.916163134957508e-10
202.97324083250743,3.795780610014888e-09
203.17460317460316,2.1191692531572793e-09
203.37636544190661,6.901015993379253e-10
203.57852882703776,4.107054753820109e-09
203.78109452736314,2.899115842933814e-10
203.98406374501994,4.335903580973027e-09
204.1874376869392,2.6637264826938773e-09
204.39121756487026,3.678981516925713e-10
204.5954045954046,1.726551536433492e-09
204.79999999999998,1.9612340965782937e-09
205.005005005005,7.492812928010519e-10
205.21042084168334,4.5949617058781643e-10
205.41624874623875,1.1851640559818928e-09
205.62248995983938,5.179408430623364e-09
205.8291457286432,3.3197947702696908e-09
206.03621730382292,5.927158787624668e-09
206.24370594159112,1.1657142224321654e-09
206.4516129032258,5.5453186785259215e-09
206.65993945509584,8.929214089266025e-09
206.86868686868684,1.1379132562899807e-09
207.07785642062692,5.512293840334275e-10
207.28744939271257,1.787912185568901e-09
207.49746707193518,9.556987955676947e-10
207.7079107505071,4.779021650905466e-10
207.9187817258883,9.965928710353061e-11
208.130081300813,1.888840692214006e-09
208.34181078331636,3.861145112152887e-09
208.55397148676167,5.490452940156166e-11
208.7665647298675,3.2572212155430968e-09
208.9795918367347,1.36403423919028e-09
209.19305413687437,1.1295744114157e-09
209.40695296523518,1.417783519789988e-09
209.6212896622313,7.88818677678508e-09
209.83606557377047,4.836546672860178e-09
210.05128205128204,4.664705744852369e-10
210.26694045174537,1.0409707513513805e-09
210.48304213771837,1.6002837324791352e-09
210.69958847736626,1.597540565246646e-09
210.91658084449023,4.1862613356995757e-10
211.1340206185567,8.562345466689141e-10
211.3519091847265,1.8711402242897665e-09
211.5702479338843,7.062999511238236e-09
211.78903826266804,3.2289942211754776e-09
212.00828157349895,4.3236502746906583e-10
212.22797927461139,2.573943142457103e-09
212.448132780083,3.175731609939993e-09
212.668743509865,9.27626318922688e-09
212.88981288981287,1.2504844942784093e-09
213.11134235171693,3.977550145714702e-09
213.33333333333334,4.27209064553034e-09
213.555787278415,3.0983577472396387e-10
213.7787056367432,1.569386587577859e-09
214.00208986415882,9.869502963525468e-10
214.22594142259413,2.0522864130772406e-09
214.4502617801047,3.892867583892999e-09
214.67505241090146,1.2482178016857317e-08
214.900314795383,2.292424705311597e-09
215.12605042016807,2.8770868722071478e-09
215.35226077812828,5.255599620853281e-09
215.57894736842104,2.2898897603021166e-09
215.80611169652263,3.254093726847176e-09
216.03375527426158,1.0924142403900039e-09
216.26187961985215,3.6872146464373533e-09
216.49048625792813,9.670866882780027e-10
216.7195767195767,1.7868509727380579e-09
216.9491525423729,2.103620610440327e-09
217.17921527041358,4.810849724768048e-09
217.40976645435242,4.683967748358752e-09
217.64080765143464,2.329202567150548e-10
217.87234042553192,5.2305974186063415e-09
218.10436634717786,3.3467206609692007e-09
218.33688699360337,1.1622476706127159e-10
218.5699039487727,8.265966199693663e-10
218.80341880341882,3.619663062402034e-10
219.0374331550802,9.574333773445548e-10
219.27194860813702,3.466705539724647e-09
219.5069667738478,3.4821286930860334e-09
219.74248927038627,1.686271756032925e-09
219.97851772287862,3.205069646445392e-09
220.21505376344086,6.893281648515112e-09
220.45209903121636,6.6331028620185565e-09
220.68965517241378,5.817385718653877e-09
220.92772384034518,9.508872412744436e-09
221.16630669546436,1.5778230256304187e-08
221.4054054054054,2.043771639107099e-08
221.64502164502164,2.70870540598444e-08
221.88515709642468,3.1361875035447306e-08
222.12581344902384,3.630337270686783e-08
222.36699239956567,3.967281172670108e-08
222.6086956521739,4.823691156756664e-08
222.85092491838955,4.216647867132725e-08
223.09368191721134,2.5492154900263975e-08
223.3369683751363,1.3800372086684661e-08
223.58078602620085,1.049025128192307e-08
223.82513661202185,1.6867427099504473e-08
224.07002188183807,3.737401214728376e-08
224.31544359255204,9.193955454867024e-08
224.56140350877192,2.3082238824530268e-07
224.80790340285398,5.358106120120765e-07
225.05494505494505,1.1295141765513483e-06
225.30253025302528,2.1959231853983767e-06
225.55066079295153,3.8761235126570144e-06
225.79933847850054,6.437204439125152e-06
226.0485651214128,1.0576579540531677e-05
226.29834254143645,1.6929480818916014e-05
226.54867256637166,2.5889131300895238e-05
226.79955703211516,3.792371661854321e-05
227.0509977827051,5.445650434695027e-05
227.30299667036624,7.761318426447086e-05
227.55555555555554,0.00010706935196761612
227.80867630700777,0.0001428737436589693
228.06236080178175,0.00018898385128378293
228.31661092530658,0.0002466475362988177
228.57142857142856,0.00031447088957791954
228.82681564245812,0.00039526041357663223
229.082774049217,0.0004965446780402544
229.33930571108624,0.0006251768569597164
229.59641255605382,0.0007922631276383575
229.8540965207632,0.0010306989053757668
230.1123595505618,0.0013843998247635458
230.37120359955006,0.001914062934308081
230.6306306306306,0.002730310510807712
230.89064261555805,0.003988820198867056
231.1512415349887,0.0059185972974401865
231.41242937853107,0.008833803385803026
231.67420814479635,0.013125671001268994
231.9365798414496,0.019323317883258972
232.19954648526078,0.028109187399647902
232.46311010215663,0.04032765363937582
232.7272727272727,0.056932012159673216
232.9920364050057,0.07900458790003721
233.25740318906605,0.10782017336192809
233.52337514253134,0.14456418185414804
233.78995433789953,0.19041932594910613
234.05714285714288,0.24665207324581934
234.32494279176203,0.31423379791307526
234.59335624284074,0.39391725666182387
234.8623853211009,0.48603843039761707
235.13203214695753,0.5907469890676249
235.4022988505747,0.7083700022325403
235.67318757192174,0.838880786077984
235.9447004608295,0.9828165811248841
236.2168396770473,1.1418865577341664
236.48960739030022,1.3195985935217802
236.76300578034682,1.5225652379360246
237.03703703703707,1.760246359291811
237.3117033603708,2.047269572276234
237.58700696055683,2.404292376558139
237.862950058072,2.8570504042159794
238.13953488372093,3.4378859062125335
238.41676367869616,4.183603734747507
238.69463869463866,5.134772116844542
238.97316219369893,6.332221716693963
239.25233644859816,7.811039034194519
239.53216374269007,9.599870055295243
239.81264637002343,11.710282383381738
240.0937866354044,14.130844259517575
240.37558685446012,16.82524886819572
240.65804935370153,19.72226733172286
240.94117647058823,22.718696314337127
241.2249705535924,25.676447248671185
241.50943396226415,28.4267284804863
241.79456906729635,30.786449085165472
242.080378250591,32.561967023999834
242.3668639053254,33.57553810178733
242.65402843601896,33.68308521420239
242.94187425860022,32.788530713837645
243.23040380047507,30.87896775227749
243.51961950059456,28.019999009933372
243.80952380952382,24.363989833644975
244.1001191895113,20.160576005292647
244.39140811455846,15.723250388405457
244.68339307048984,11.408987128545125
244.97607655502392,7.580093543653784
245.2694610778443,4.560767326571623
245.56354916067144,2.5989183589330955
245.85834333733493,1.8198820338483566
246.15384615384616,2.211367046284781
246.4500601684717,3.611204920600866
246.7469879518072,5.726220918240701
247.04463208685164,8.173506577306593
247.34299516908212,10.52372612665582
247.6420798065296,12.383500832516953
247.9418886198547,13.457236293751293
248.24242424242422,13.60734054043348
248.54368932038832,12.89707078356192
248.8456865127582,11.579558989997851
249.14841849148416,10.085549870421907
249.45188794153472,8.950585078893772
249.75609756097558,8.706432127298896
250.06105006105005,9.799448525548568
250.36674816625916,12.489700651989269
250.6731946144431,16.758490057215983
250.98039215686276,22.303388698726447
251.2883435582822,28.576040672818937
251.5970515970516,34.82505586164824
251.90651906519062,40.25193031742027
252.21674876847288,44.164114331639745
252.52774352651045,46.06729213567203
252.8395061728395,45.79941936735827
253.15203955500616,43.55695131212238
253.46534653465346,39.870201821877465
253.7794299876084,35.53126165960221
254.09429280397023,31.37994056391499
254.40993788819875,28.168300123461403
254.726368159204,26.427359797057306
255.04358655043586,26.286492501096685
255.36159600997507,27.49006212004728
255.6803995006242,29.50641174297378
255.99999999999997,31.574850301587745
256.3204005006258,32.910660027212046
256.64160401002505,32.99376786247769
256.9636135508155,31.6026201143224
257.286432160804,28.862080517308875
257.61006289308176,25.30145630678016
257.9345088161209,21.59705548112598
258.2597730138714,18.369110469948566
258.5858585858586,16.105677646387857
258.91276864728195,14.987991231661436
259.24050632911394,14.852297332966126
259.5690747782003,15.351068951271145
259.8984771573604,16.05245957659709
260.22871664548916,16.499932139122524
260.55979643765903,16.389361648242225
260.89171974522293,15.649239938573196
261.2244897959184,14.407958939256462
261.5581098339719,13.017776719784171
261.89258312020456,11.95319326674307
262.2279129321382,11.586060875781167
262.56410256410254,12.084399351962771
262.9011553273428,13.395648924647732
263.2390745501285,15.158162410599491
263.5778635778636,16.90383434849897
263.91752577319585,18.502480607863628
264.258064516129,20.011513159559364
264.59948320413434,21.319940064913983
264.9417852522639,22.33724023627351
265.2849740932642,23.222888149059372
265.6290531776913,24.212872570977954
265.974025974026,25.467314246925838
266.3198959687906,27.0904635189459
266.66666666666663,29.039998615063354
267.01434159061273,31.06476338591406
267.3629242819843,32.864673548557555
267.7124183006536,34.179245239191715
268.0628272251309,34.68828049960646
268.41415465268676,34.25439641568493
268.76640419947506,33.399963477083986
269.119579500657,32.87018912033268
269.47368421052636,32.75755006794703
269.82872200263506,32.62961576291758
270.1846965699208,32.20191675802259
270.5416116248349,31.396284423607497
270.8994708994709,30.11904923367158
271.25827814569533,28.381906841154763
271.6180371352785,26.347681276765393
271.97875166002655,24.196421351819733
272.3404255319149,22.109771728096717
272.70306258322233,20.26923883189947
273.06666666666666,18.834661245751086
273.4312416555407,17.918640412039178
273.7967914438503,17.45555229354717
274.1633199464525,17.2278123762041
274.5308310991957,17.169978848248462
274.8993288590604,17.43200738393063
275.26881720430106,18.113382046976472
275.6393001345895,19.214676705542075
276.010781671159,20.760034529695584
276.3832658569501,22.73563047348543
276.7567567567567,25.031679646892936
277.1312584573748,27.513906396946478
277.50677506775065,30.031406332917403
277.88331071913166,32.40499508183471
278.2608695652174,34.46726887802591
278.6394557823129,36.070893882012804
279.01907356948226,37.09864540337327
279.39972714870396,37.465496768607444
279.78142076502735,37.09342992202944
280.1641586867305,35.95400443355861
280.54794520547944,34.09600321704281
280.93278463648835,31.602847285996624
281.31868131868134,28.60831730250711
281.70563961485556,25.29785213448688
282.0936639118457,21.84292220074907
282.48275862068965,18.405930754973305
282.8729281767956,15.149908232795147
283.2641770401106,12.189336547811036
283.6565096952908,9.599100164279195
284.0499306518724,7.434433094325719
284.44444444444446,5.703152452750396
284.84005563282335,4.377467181033542
285.2367688022284,3.418063016379054
285.63458856345886,2.765123669770089
286.0335195530726,2.34883187828935
286.43356643356645,2.1056492219578784
286.8347338935574,1.9759313796038778
287.23702664796633,1.9086172466446047
287.6404494382022,1.8650574812853375
288.0450070323488,1.8173116032892824
288.4507042253521,1.750012616531158
288.85754583921016,1.656017229068782
289.2655367231638,1.5337000611068323
289.6746817538897,1.3892623798422512
290.08498583569406,1.2307780247583702
290.49645390070924,1.065068625865413
290.9090909090909,0.901216080673266
291.32290184921766,0.7469818438808454
291.73789173789174,0.6062704770295085
292.15406562054204,0.48262873285570235
292.57142857142856,0.3782195214005999
292.9899856938483,0.2923492691432626
293.4097421203438,0.2239817692411984
293.83070301291247,0.17165507865853083
294.2528735632184,0.1325937898738896
294.67625899280574,0.1042854597506793
295.1008645533141,0.08464750943940946
295.52669552669556,0.07129815924437194
295.9537572254335,0.06229773225742982
296.3820549927641,0.05634628468106344
296.81159420289856,0.05223045603479243
297.2423802612482,0.04903674951979347
297.6744186046512,0.046296993256108476
298.1077147016012,0.04366164697107219
298.54227405247815,0.04090828184608386
298.978102189781,0.03801253132648495
299.41520467836256,0.03497969142597617
299.8535871156662,0.0318368265977909
300.2932551319648,0.028676539505441603
300.73421439060206,0.02556563494455803
301.17647058823525,0.02255751386919539
301.620029455081,0.019732315491131896
302.06489675516224,0.017122958725278758
302.5110782865583,0.014728062828123988
302.95857988165676,0.012575398396905241
303.4074074074074,0.010671963034288046
303.85756676557867,0.008990554844645842
304.30906389301634,0.007528867831408003
304.7619047619047,0.006284678575214503
305.2160953800298,0.0052210849278929985
305.6716417910448,0.00430962435762976
306.1285500747384,0.0035422444258565353
306.58682634730536,0.002900679132254401
307.0464767616192,0.002363036392605061
307.5075075075075,0.001917071865473244
307.96992481203006,0.0015503259017485467
308.433734939759,0.0012494139751116798
308.8989441930618,0.0010040006921385877
309.3655589123867,0.0008033098404799129
309.83358547655064,0.0006388858756503601
310.3030303030303,0.0005067819440958579
310.7738998482549,0.0004018288526610075
311.2462006079027,0.00031752933719963577
311.7199391171994,0.000249750456230285
312.1951219512195,0.0001954236512746288
312.67175572519085,0.00015194572431916726
313.1498470948012,0.00011792455590306752
313.6294027565084,9.149503389999942e-05
314.11042944785277,7.066620261816922e-05
314.5929339477727,5.467624572967796e-05
315.0769230769231,4.231066675915354e-05
315.5624036979969,3.20059042428205e-05
316.04938271604937,2.3891810190891758e-05
316.53786707882534,1.8242099444274625e-05
317.0278637770898,1.3954068511634722e-05
317.5193798449612,1.0371027433692455e-05
318.0124223602484,7.729796587276422e-06
318.50699844479004,5.79750075282958e-06
319.0031152647975,4.25320032497517e-06
319.5007800312012,3.170220016344283e-06
320.0,2.4091120554738672e-06
320.5007824726134,1.7666376345247423e-06
321.0031347962382,1.3175754006792266e-06
321.5070643642072,1.018858998395885e-06
322.0125786163522,7.321828793965506e-07
322.5196850393701,5.163382792462477e-07
323.02839116719235,3.946899165658462e-07
323.5387045813586,2.7772357110983843e-07
324.0506329113924,1.833222197533858e-07
324.56418383518223,1.4056718791509181e-07
325.07936507936506,1.0117273966783662e-07
325.59618441971384,6.218364214417269e-08
326.11464968152865,5.0386591150089194e-08
326.63476874003186,3.889933207297594e-08
327.15654952076676,2.1119253822318898e-08
327.68,1.3390697120254275e-08
328.2051282051282,1.0847918926056786e-08
328.7319422150882,7.521724115012932e-09
329.2604501607717,8.602108275253927e-09
329.7906602254429,6.530492679125742e-09
330.3225806451613,1.2394066300105313e-09
330.8562197092084,8.738692801347574e-10
331.3915857605178,3.413636664367753e-09
331.9286871961102,2.9503485554416183e-10
332.46753246753246,2.8307594004402796e-10
333.0081300813008,4.391828630462537e-10
333.5504885993485,4.3477245729342677e-10
334.094616639478,4.0164711574603024e-10
334.640522875817,9.534611479665857e-11
335.18821603927984,9.050226412314605e-10
335.73770491803276,5.132180622093699e-10
336.28899835796386,1.6969897816391097e-09
336.8421052631579,9.02365809296991e-10
337.3970345963756,1.2244301385056354e-09
337.95379537953795,4.6015449302416395e-10
338.51239669421483,3.5635858595601896e-10
339.07284768211923,2.2940810714310877e-11
339.63515754560524,1.7072890870852288e-09
340.19933554817277,1.3751184317848082e-09
340.765391014975,5.496535516970895e-10
341.3333333333333,7.813920772989765e-11
341.9031719532554,1.9097158414292188e-09
342.4749163879599,1.9755873901520817e-10
343.04857621440533,6.638336782435981e-10
343.6241610738255,1.5006320446881266e-11
344.2016806722689,1.428163210028052e-09
344.7811447811448,9.302650587604252e-10
345.362563237774,1.674558371632574e-09
345.94594594594594,3.794349796572444e-10
346.5313028764805,9.906808677034473e-10
347.11864406779665,1.0543399190056784e-09
347.70797962648555,4.790151632819995e-11
348.29931972789115,1.3552927341397999e-09
348.8926746166951,9.390020992915186e-10
349.4880546075085,2.717704050532196e-10
350.0854700854701,6.496865847633817e-11
350.6849315068493,1.692189026678638e-10
351.286449399657,2.052645526713623e-11
351.89003436426117,7.373986966173324e-10
352.4956970740103,2.1491641182778952e-11
353.10344827586204,7.536975456355196e-10
353.71329879101904,2.511742209048483e-10
354.3252595155709,3.388821861441742e-11
354.93934142114387,3.774710747511378e-10
355.55555555555554,9.542686329974893e-10
356.17391304347825,4.042115677824837e-12
356.794425087108,5.285933398039651e-10
357.4171029668411,4.146055995219888e-10
358.04195804195797,1.4842861216219636e-10
358.6690017513135,1.8839347925459596e-10
359.29824561403507,1.512051718943799e-10
359.9297012302285,4.876392036059666e-10
360.5633802816901,5.418979707863881e-10
361.1992945326279,3.9029719308677953e-10
361.8374558303887,6.13433795508755e-10
362.4778761061947,1.461046844785493e-09
363.1205673758865,4.501011443224041e-10
363.76554174067496,6.519303475121913e-11
364.4128113879003,1.6665206099638733e-11
365.0623885918003,1.7838963726045672e-10
365.7142857142857,4.768190381971763e-11
366.3685152057245,5.57646067624539e-11
367.02508960573476,7.658566461070109e-10
367.68402154398564,1.5609297544927602e-09
368.3453237410072,3.1129995652464137e-10
369.009009009009,3.8215923357952446e-10
369.67509025270755,3.7423999466410524e-10
370.3435804701627,1.0040091970845427e-09
371.0144927536232,1.7720042467696033e-09
371.68784029038113,8.194126479491374e-10
372.3636363636364,1.9975310093778274e-10
373.0418943533697,4.979232238189554e-10
373.7226277372263,1.0454680319802045e-10
374.4058500914077,6.230038559358952e-11
375.09157509157507,2.918672118543693e-10
375.77981651376143,3.244797312524836e-11
376.47058823529414,2.5520040899752e-10
377.1639042357274,5.719838341038821e-10
377.8597785977859,6.908739258530802e-10
378.5582255083179,5.700237148425659e-11
379.25925925925924,6.073975994493626e-11
379.96289424860856,2.812858722875547e-10
380.6691449814126,6.886156895189311e-10
381.37802607076355,1.0289529230263579e-10
382.089552238806,5.593237743006242e-10
382.803738317757,1.7876662454073825e-09
383.5205992509363,3.6528520933904857e-10
384.24015009380867,2.1486086579413637e-10
384.96240601503763,4.1467195555084045e-10
385.6873822975518,1.8552231892298796e-10
386.4150943396226,7.172556876855279e-10
387.14555765595463,3.4334914220826877e-10
387.8787878787879,8.3974015685501e-11
388.6148007590133,1.3251678365725978e-10
389.35361216730035,2.943292904054001e-10
390.09523809523813,1.0315270972884209e-10
390.8396946564886,5.811594989212958e-10
391.5869980879541,6.477354435215394e-10
392.3371647509578,3.252290544599376e-10
393.0902111324376,2.492818193045027e-10
393.84615384615387,6.830429952718214e-10
394.6050096339113,1.9114300393815028e-10
395.3667953667953,4.1518392709624237e-10
396.1315280464217,5.134727750588274e-11
396.8992248062015,1.436264170931253e-10
397.6699029126213,2.3606372801080307e-10
398.4435797665369,7.060208565577274e-10
399.22027290448347,3.793227125896842e-10
400.0,4.5094340822111075e-10
400.7827788649706,2.7173770830449297e-10
401.56862745098044,2.2637265339271797e-10
402.35756385068765,6.364410048270056e-10
403.1496062992126,3.312355821575591e-10
403.9447731755424,1.693702579399992e-10
404.7430830039526,2.1348650754359925e-10
405.54455445544556,1.0982939718326214e-09
406.3492063492063,8.221135175648079e-10
407.1570576540755,4.726397606834575e-10
407.9681274900399,7.254092916099183e-10
408.7824351297405,8.250923963294134e-11
409.59999999999997,3.420865950201814e-11
410.4208416833667,7.614485130855973e-10
411.24497991967877,3.850790912921872e-10
412.07243460764585,3.0915731268616627e-10
412.9032258064516,1.5788496835252287e-10
413.7373737373737,6.605585071122848e-10
414.57489878542515,3.0093565681568975e-10
415.4158215010142,7.212130752662632e-10
416.260162601626,2.9558957242518174e-10
417.10794297352334,1.1804799550765522e-09
417.9591836734694,1.8663554345827815e-10
418.81390593047036,2.012219046522454e-10
419.67213114754094,3.426731860598032e-10
420.53388090349074,6.222047279053415e-10
421.3991769547325,7.651592339736291e-10
422.2680412371134,6.192885778860445e-10
423.1404958677686,2.9253591288654423e-10
424.0165631469979,1.4094352951014784e-09
424.896265560166,1.518802445094248e-09
425.77962577962575,3.922968959209404e-10
426.6666666666667,1.2992039573640357e-10
427.5574112734864,1.2321466392281998e-10
428.45188284518827,1.5455654531346647e-10
429.3501048218029,1.1318928066435242e-10
430.25210084033614,9.62430797134562e-10
431.1578947368421,1.6832959825898643e-09
432.06751054852316,1.0552030407224924e-09
432.98097251585625,2.262633911743584e-10
433.8983050847458,2.1496661845501063e-10
434.81953290870484,1.1461177017614696e-09
435.74468085106383,1.6576088804207642e-09
436.67377398720674,6.719486863039526e-10
437.60683760683764,9.335631979922792e-10
438.54389721627405,1.0276078138432622e-09
439.48497854077254,3.8512547169780654e-10
440.4301075268817,1.5230405175093803e-10
441.37931034482756,1.7828256726272475e-09
442.3326133909287,2.4548403847757804e-09
443.2900432900433,2.2405653006384366e-09
444.2516268980477,8.716267794673473e-10
445.2173913043478,2.3406523265042384e-10
446.1873638344227,9.180395072747419e-10
447.1615720524017,8.213739092271072e-10
448.14004376367615,1.033927109807583e-09
449.12280701754383,2.1402402564178815e-09
450.1098901098901,1.8227297673127464e-09
451.10132158590307,2.1018299266066155e-09
452.0971302428256,1.3521843357220242e-09
453.0973451327433,1.1221866811537148e-09
454.1019955654102,2.3786346749062378e-09
455.1111111111111,2.772675970520443e-09
456.1247216035635,9.055775577460109e-10
457.1428571428571,2.3038067085004892e-09
458.165548098434,1.8503026485441228e-09
459.19282511210764,3.8910999430900035e-10
460.2247191011236,5.989853230867692e-10
461.2612612612612,1.7998806394300572e-09
462.3024830699774,2.8691610804037544e-10
463.3484162895927,8.135059483780215e-10
464.39909297052156,8.743399762584741e-10
465.4545454545454,7.147775800033194e-10
466.5148063781321,1.3227988457775371e-09
467.57990867579906,1.5134198637510322e-09
468.64988558352405,1.1870856133482662e-09
469.7247706422018,1.2474466136982077e-09
470.8045977011494,1.465387636048395e-09
471.889400921659,1.0554341751884229e-09
472.97921478060044,8.505438635439392e-10
474.07407407407413,2.0801704502328427e-09
475.17401392111367,1.0214170202661705e-09
476.27906976744185,2.6435208862206585e-09
477.3892773892773,1.1119744623965412e-09
478.5046728971963,2.251136642927707e-09
479.62529274004686,1.4367011151159659e-09
480.75117370892025,5.973561881856997e-09
481.88235294117646,3.187076473920771e-09
483.0188679245283,5.2587896352223126e-09
484.160756501182,6.567726700962704e-09
485.3080568720379,2.2461186035490255e-09
486.46080760095015,8.261871105482032e-09
487.61904761904765,1.5451486435497242e-08
488.7828162291169,2.4113646858332392e-09
489.95215311004785,1.7212342566277e-08
491.1270983213429,1.8939268278416875e-08
492.3076923076923,1.2766675584444604e-09
493.4939759036144,3.754205139063956e-08
494.68599033816423,2.2620830217760762e-08
495.8837772397094,7.118883456432916e-10
497.08737864077665,5.560492488601354e-08
498.29683698296833,4.06095759979669e-08
499.51219512195115,2.7295822283723346e-09
500.7334963325183,1.2381703465995889e-07
501.9607843137255,4.704194790020223e-08
503.1941031941032,1.3985273371729103e-08
504.43349753694577,2.0555770146265842e-07
505.679012345679,5.5558869663495356e-08
506.9306930693069,5.1451470999894164e-08
508.18858560794047,3.450426389321409e-07
509.452736318408,5.565944178934805e-08
510.72319201995015,1.5629799959411236e-07
511.99999999999994,4.949010817001658e-07
513.2832080200501,4.740117637659843e-08
514.572864321608,3.373628867895241e-07
515.8690176322418,7.514130051461899e-07
517.1717171717172,3.285414763668576e-08
518.4810126582279,7.648607879166038e-07
519.7969543147208,1.1052408414701603e-06
521.1195928753181,1.1449807860258318e-08
522.4489795918367,1.4747091803496847e-06
523.7851662404091,1.4715596786635773e-06
525.1282051282051,9.1669513489679e-08
526.478149100257,2.875193563942413e-06
527.8350515463917,1.697037311096363e-06
529.1989664082687,3.590727469435132e-07
530.5699481865284,5.342772402550052e-06
531.948051948052,1.7077433708487011e-06
533.3333333333333,1.268872805594828e-06
534.7258485639686,8.54028978930535e-06
536.1256544502618,1.6569526329373013e-06
537.5328083989501,3.6855357396608706e-06
538.9473684210527,1.268092512545953e-05
540.3693931398416,1.2661969301756913e-06
541.7989417989418,8.80849995693093e-06
543.236074270557,1.8138447301501348e-05
544.6808510638298,4.947036820544471e-07
546.1333333333333,1.7891106247277603e-05
547.5935828877006,2.5756374746044385e-05
549.0616621983914,3.2799847218886483e-07
550.5376344086021,3.344042017693587e-05
552.021563342318,3.235274997624573e-05
553.5135135135134,2.9332494979886132e-06
555.0135501355013,6.301300274847365e-05
556.5217391304348,3.3911339431114435e-05
558.0381471389645,1.0109919370040087e-05
559.5628415300547,0.00011400651393657134
561.0958904109589,2.9473176445521372e-05
562.6373626373627,2.817095453750389e-05
564.1873278236914,0.0001837981239396279
565.7458563535912,2.325350705566681e-05
567.3130193905816,7.81705050079963e-05
568.8888888888889,0.00026106926736078797
570.4735376044569,1.4771983228841418e-05
572.0670391061452,0.000189903583489811
573.6694677871149,0.0003453305018374619
575.2808988764044,4.226702822774753e-06
576.9014084507043,0.000389046189106997
578.5310734463276,0.0004344271793561772
580.1699716713881,1.6805636916916444e-05
581.8181818181818,0.0007248191886693588
583.4757834757835,0.0004786908893621646
585.1428571428571,9.849986900577333e-05
586.8194842406876,0.0012996671093475388
588.5057471264367,0.0004088621348695153
590.2017291066282,0.00030281746266959105
591.907514450867,0.0021727972345519744
593.6231884057971,0.0002497465129144435
595.3488372093024,0.0008001743677421671
597.0845481049563,0.0031521080202242344
598.8304093567251,0.0001370840050831238
600.5865102639297,0.0021186792745258236
602.3529411764705,0.003690214484915265
604.1297935103245,0.00015583701999180162
605.9171597633135,0.005269649000479473
607.7151335311573,0.003192245668658139
609.5238095238094,0.0001608724502930861
611.3432835820896,0.01139249926393808
613.1736526946107,0.0017440466330235637
615.015015015015,0.000149555452255218
616.867469879518,0.020357982223149808
618.7311178247734,0.001051870647327256
620.6060606060606,0.0022213885838002385
622.4924012158054,0.02859776561361349
624.390243902439,0.004075368891214254
626.2996941896024,0.01460902649420638
628.2208588957055,0.028846113407304856
630.1538461538462,0.012050655796870006
632.0987654320987,0.055493035500632594
634.0557275541796,0.016464287624031165
636.0248447204968,0.02145341149570475
638.006230529595,0.15075919296460705
640.0,0.006559012004812011
642.0062695924764,0.03251808622374631
644.0251572327044,0.3179142506633501
646.0567823343847,0.05929890206214196
648.1012658227849,0.09431575889425589
650.1587301587301,0.5409880243232198
652.2292993630573,0.2931925685182742
654.3130990415335,0.41242363467803617
656.4102564102564,0.7930538319246702
658.5209003215434,0.8676853449900196
660.6451612903226,1.5018552176672877
662.7831715210356,1.2397301498452302
664.9350649350649,2.0060275028793457
667.100977198697,4.275461427834049
669.281045751634,2.7330044183061677
671.4754098360655,4.337441107326077
673.6842105263158,9.999739541833542
675.9075907590759,7.592471966709643
678.1456953642385,10.191895538987307
680.3986710963455,20.598488776096517
682.6666666666666,20.5411813455192
684.9498327759198,26.216260101999733
687.248322147651,40.08826885800518
689.5622895622896,49.13535192795363
691.8918918918919,66.36649995188345
694.2372881355933,79.08656934554321
696.5986394557823,106.58345837066969
698.976109215017,157.13644584089857
701.3698630136986,167.65339536439825
703.7800687285223,223.06823542334942
706.2068965517241,339.83699346672313
708.6505190311418,360.0524265763354
711.1111111111111,447.0978890637124
713.588850174216,653.0593514908742
716.0839160839159,731.8342315779246
718.5964912280701,890.4604915824696
721.1267605633802,1203.4892744446222
723.6749116607774,1450.0472331872602
726.241134751773,1793.8060857997991
728.8256227758006,2164.32232508851
731.4285714285714,2607.3350785292755
734.0501792114695,3214.6860848026877
736.6906474820144,3428.4434079632547
739.3501805054151,3945.573050386061
742.0289855072464,5106.639250873847
744.7272727272727,5476.290533040115
747.4452554744526,6283.838924375743
750.1831501831501,8058.965266859874
752.9411764705883,8171.5189145401355
755.7195571955718,8326.161143636233
758.5185185185185,9692.20505462345
761.3382899628252,9311.69965563393
764.179104477612,9108.856550491624
767.0411985018726,9980.110510206861
769.9248120300753,10740.123058690115
772.8301886792452,14375.01466598556
775.7575757575758,12207.464436983766
778.7072243346007,7023.028073707023
781.6793893129772,5345.62422180188
784.6743295019156,4195.60272677999
787.6923076923077,4201.31680431261
790.7335907335906,4016.5438250878
793.798449612403,4699.301378599898
796.8871595330738,5399.563623342388
800.0,5688.8660949455925
803.1372549019609,5564.410268545756
806.2992125984252,5223.010752016269
809.4861660079052,5593.202454984886
812.6984126984127,5135.449974204079
815.9362549800798,4727.981169364079
819.1999999999999,7457.63218804771
822.4899598393575,16383.195121102186
825.8064516129032,19605.037811609374
829.1497975708503,13637.601381489547
832.520325203252,11197.849864286049
835.9183673469388,10128.6986643238
839.3442622950819,8589.771959053265
842.798353909465,7613.997928442748
846.2809917355372,6417.558818541793
849.792531120332,5594.896248229279
853.3333333333334,4934.389913079993
856.9037656903765,3690.238547746585
860.5042016806723,2915.049288701151
864.1350210970463,2428.071840351999
867.7966101694916,1566.7889379415396
871.4893617021277,1092.68442870548
875.2136752136753,936.8258825098649
878.9699570815451,585.5573570048278
882.7586206896551,385.21767468541185
886.5800865800866,342.6036984391956
890.4347826086956,207.75081491771755
894.3231441048034,121.00412138570749
898.2456140350877,103.11824087685069
902.2026431718061,61.52922036105801
906.1946902654867,34.146535045757936
910.2222222222222,25.252959913230104
914.2857142857142,15.419658131849864
918.3856502242153,10.606987168314195
922.5225225225224,5.423380044994681
926.6968325791854,3.0684426968165046
930.9090909090908,3.6784559435897375
935.1598173515981,1.082198967372118
939.4495412844036,0.3332970409416441
943.778801843318,1.282457414869013
948.1481481481483,0.2731619542986684
952.5581395348837,0.019278888910061364
957.0093457943926,0.42259256157455244
961.5023474178405,0.12090302220334752
966.0377358490566,0.07561284238594473
970.6161137440758,0.1207850934350239
975.2380952380953,0.07592266978820054
979.9043062200957,0.09797379313031807
984.6153846153846,0.025787460245565504
989.3719806763285,0.05940601595089508
994.1747572815533,0.07776202462430576
999.0243902439023,0.002204509869986965
1003.921568627451,0.051128213135335235
1008.8669950738915,0.04808663592533257
1013.8613861386139,0.000653781034914924
1018.905472636816,0.042210154644866896
1023.9999999999999,0.02478667551179598
1029.145728643216,0.004585759274411465
1034.3434343434344,0.0315410170120621
1039.5939086294416,0.010544023483558032
1044.8979591836735,0.008334082520721918
1050.2564102564102,0.021084896619197446
1055.6701030927834,0.0033681302657174975
1061.139896373057,0.01007251811360463
1066.6666666666665,0.012595224964653524
1072.2513089005236,0.000581806772100753
1077.8947368421054,0.009736956132106933
1083.5978835978835,0.006680859397008475
1089.3617021276596,4.6384481974267444e-05
1095.1871657754011,0.008050221230319217
1101.0752688172042,0.003084809444116185
1107.0270270270269,0.0003677006798276868
1113.0434782608695,0.005874908913987941
1119.1256830601094,0.0011805297095934869
1125.2747252747254,0.0007926277232353153
1131.4917127071824,0.0038413398663537054
1137.7777777777778,0.0003309612811557636
1144.1340782122904,0.0010231908868110016
1150.5617977528088,0.0022633867620846957
1157.0621468926552,4.30746326435593e-05
1163.6363636363635,0.0010225015912819157
1170.2857142857142,0.0011990678817383944
1177.0114942528735,1.9553264930550546e-06
1183.815028901734,0.000866624789522652
1190.6976744186047,0.0005652234019644527
1197.6608187134502,3.7041251921760525e-05
1204.705882352941,0.0006497043931527177
1211.834319526627,0.00023090479358587018
1219.0476190476188,7.357536158504901e-05
1226.3473053892214,0.0004403613277809379
1233.734939759036,7.741770125899496e-05
1241.2121212121212,8.958507631698358e-05
1248.780487804878,0.00027297812079420786
1256.441717791411,1.8818540991119634e-05
1264.1975308641975,8.636259094641359e-05
1272.0496894409937,0.00015556029754658986
1280.0,2.8509520571494034e-06
1288.0503144654087,7.195904634437901e-05
1296.2025316455697,8.154822518303742e-05
1304.4585987261146,2.1887735369956667e-06
1312.8205128205127,5.41261544457373e-05
1321.2903225806451,3.897661555855947e-05
1329.8701298701299,4.793475173926793e-06
1338.562091503268,3.739352210897927e-05
1347.3684210526317,1.6725327410137996e-05
1356.291390728477,6.519113691190075e-06
1365.3333333333333,2.4087541960178743e-05
1374.496644295302,6.24840826188851e-06
1383.7837837837837,6.775882476672176e-06
1393.1972789115646,1.4550212930101412e-05
1402.7397260273972,1.860383095416082e-06
1412.4137931034481,5.933232354396732e-06
1422.2222222222222,8.20304209456007e-06
1432.1678321678319,3.9449823395874446e-07
1442.2535211267605,4.6648332123862525e-06
1452.482269503546,4.328050889613017e-06
1462.857142857143,7.514497675887138e-08
1473.3812949640287,3.372310407174625e-06
1484.0579710144928,2.0985871759199175e-06
1494.890510948905,1.2442498327805402e-07
1505.8823529411766,2.240270010634187e-06
1517.037037037037,9.324948428834203e-07
1528.358208955224,2.112138094195627e-07
1539.8496240601505,1.4070092685098304e-06
1551.5151515151515,3.5989861866163184e-07
1563.3587786259543,2.486006374122444e-07
1575.3846153846155,8.215040426322375e-07
1587.596899224806,1.1736973542070278e-07
1600.0,2.3174095907107535e-07
1612.5984251968505,4.524376468812593e-07
1625.3968253968253,2.8243638826698123e-08
1638.3999999999999,1.8701452425664667e-07
1651.6129032258063,2.3281397683866323e-07
1665.040650406504,4.035611986340255e-09
1678.6885245901638,1.3712762231936214e-07
1692.5619834710744,1.1107370719678448e-07
1706.6666666666667,2.0842183817463514e-09
1721.0084033613446,8.869863335853897e-08
1735.5932203389832,4.9690286616560916e-08
1750.4273504273506,4.738261974370783e-09
1765.5172413793102,5.5411970722093765e-08
1780.8695652173913,1.9510478355471522e-08
1796.4912280701753,6.010065028382667e-09
1812.3893805309733,3.305647377093324e-08
1828.5714285714284,6.666199892516639e-09
1845.0450450450448,5.83993735478542e-09
1861.8181818181815,1.8267010546324393e-08
1878.8990825688072,1.8881844133912796e-09
1896.2962962962965,4.876690290828766e-09
1914.0186915887853,9.668314578962576e-09
1932.0754716981132,3.7889649074591056e-10
1950.4761904761906,3.202847622447679e-09
1969.2307692307693,4.594554447691277e-09
1988.3495145631066,8.593802546692604e-11
2007.843137254902,1.9141726992063027e-09
2027.7227722772277,2.293680776092664e-09
2047.9999999999998,1.5980340318470663e-10
2068.686868686869,1.2502119279108872e-09
2089.795918367347,8.701400402460097e-10
2111.340206185567,1.4965801014870686e-10
2133.333333333333,6.723667520937054e-10
2155.789473684211,3.564208889071529e-10
2178.723404255319,1.647108183580754e-10
2202.1505376344085,3.88556294932972e-10
2226.086956521739,7.250063299229399e-11
2250.5494505494507,7.329540851027043e-11
2275.5555555555557,2.349212106340963e-10
2301.1235955056177,7.289530870970961e-12
2327.272727272727,3.446058208930631e-11
2354.022988505747,1.3971204291399922e-10
2381.3953488372094,1.1304786344235992e-12
2409.411764705882,1.0886258290937635e-11
2438.0952380952376,9.825878642570211e-11
2467.469879518072,7.047924284209693e-12
2497.560975609756,4.507132749017748e-12
2528.395061728395,4.5974277223495436e-11
2560.0,1.168062637267226e-11
2592.4050632911394,2.050450663623942e-12
2625.6410256410254,1.8500499706521287e-11
2659.7402597402597,3.5728375112593233e-12
2694.7368421052633,7.193154366680225e-12
2730.6666666666665,1.0117874079120818e-11
2767.5675675675675,1.1193176307070049e-11
2805.4794520547944,5.94204341666832e-12
2844.4444444444443,1.229784880074295e-12
2884.507042253521,2.8871824838885085e-12
2925.714285714286,2.6763376893801926e-12
2968.1159420289855,3.9429973721876035e-13
3011.764705882353,8.337458202837814e-13
3056.716417910448,7.545793786130285e-13
3103.030303030303,3.556588706093733e-14
3150.769230769231,7.640209033927251e-14
3200.0,2.719176585081627e-12
3250.7936507936506,1.0693216438820297e-12
3303.2258064516127,4.851778424753173e-14
3357.3770491803275,2.3553034676604183e-13
3413.3333333333335,7.2161974618406e-15
3471.1864406779664,2.9166943718208943e-14
3531.0344827586205,5.132725465289165e-13
3592.9824561403507,4.837464604994846e-13
3657.142857142857,1.533168269910304e-13
3723.636363636363,5.00833317965754e-13
3792.592592592593,3.625432769300068e-13
3864.1509433962265,2.073991971697325e-14
3938.4615384615386,6.71688954416122e-14
4015.686274509804,1.7631904110045667e-13
4095.9999999999995,5.668741147120616e-14
4179.591836734694,3.747022972193435e-14
4266.666666666666,8.728253656155926e-14
4357.446808510638,2.093756914023537e-14
4452.173913043478,7.462748821100205e-17
4551.111111111111,4.580478994462968e-16
4654.545454545454,2.3383387927620864e-17
4762.790697674419,4.035807762447333e-18
4876.190476190475,2.697792070054401e-17
4995.121951219512,5.663655118848615e-18
5120.0,3.9112792436100987e-19
5251.282051282051,5.1954731401258e-18
5389.473684210527,8.204737388316232e-19
5535.135135135135,1.506868666408792e-19
5688.888888888889,5.711117129420626e-19
5851.428571428572,1.5218017490199216e-19
6023.529411764706,3.017055582708364e-20
6206.060606060606,5.677708476039136e-20
6400.0,2.571504251986262e-20
6606.451612903225,6.056339092217914e-21
6826.666666666667,8.620842348182993e-21
7062.068965517241,4.393095798682209e-21
7314.285714285714,1.3665679127990704e-21
7585.185185185186,1.952542393531663e-21
7876.923076923077,8.620837825686206e-22
