"Wavelength, nm",Intensity
136.44237175216523,3.1538155810418884e-28
136.53333333333333,4.353885207288205e-28
136.62441627751835,6.456931175201167e-28
136.71562082777035,2.7418499524409763e-28
136.80694722778892,6.810861896016896e-28
136.89839572192514,7.023249621145514e-28
136.98996655518394,2.608132498096682e-28
137.08165997322624,6.652732385698766e-28
137.17347622237108,2.2130697893291667e-27
137.26541554959786,1.415266517751192e-26
137.35747820254863,2.262110655382458e-25
137.4496644295302,2.153749429612234e-24
137.54197447951645,2.0339071984386574e-23
137.63440860215053,1.7345894165926364e-22
137.72696704774717,1.1614887878178924e-21
137.81965006729476,6.046139114672088e-21
137.9124579124579,2.532094653881777e-20
138.0053908355795,8.789136514271824e-20
138.09844908968307,2.584510574695806e-19
138.19163292847506,6.595686055868331e-19
138.28494260634707,1.4879660824937902e-18
138.37837837837836,2.985950368472066e-18
138.47194050033806,5.341316393875224e-18
138.5656292286874,8.539074856861288e-18
138.65944482058225,1.2257287680431423e-17
138.75338753387533,1.6512001674421976e-17
138.84745762711862,2.4901590280285298e-17
138.94165535956583,5.302760022685534e-17
139.03598099117448,1.4579862802633376e-16
139.1304347826087,4.1009413616865786e-16
139.22501699524133,1.0792999096300018e-15
139.31972789115645,2.663630559455398e-15
139.4145677331518,6.317280298334582e-15
139.50953678474113,1.4660489539590222e-14
139.60463531015677,3.350539788408956e-14
139.69986357435198,7.537879979394538e-14
139.79522184300342,1.6626200635451777e-13
139.89071038251367,3.577991351061995e-13
139.98632946001365,7.488214610981993e-13
140.08207934336525,1.5206243424324739e-12
140.17796030116358,2.9887559534686106e-12
140.27397260273972,5.6737292926045165e-12
140.37011651816314,1.039677391578145e-11
140.46639231824417,1.8400339919017133e-11
140.56280027453673,3.14663577245339e-11
140.65934065934067,5.199322801506627e-11
140.75601374570448,8.300874855761748e-11
140.85281980742778,1.2810382357822227e-10
140.949759119064,1.9120387209528672e-10
141.04683195592284,2.759971387316187e-10
141.14403859407307,3.849897613666985e-10
141.24137931034483,5.183189349315757e-10
141.33885438233264,6.723142528142497e-10
141.4364640883978,8.379139103001428e-10
141.53420870767104,9.993710753404677e-10
141.6320885200553,1.1339454368335782e-09
141.73010380622836,1.2132512458717555e-09
141.8282548476454,1.2066884050304863e-09
141.92654192654192,1.0884594270537513e-09
142.0249653259362,8.504286930591207e-10
142.1235253296322,5.217334996587824e-10
142.22222222222223,1.9521626091957939e-10
142.32105628908963,6.175903590090472e-11
142.42002781641168,4.542205390855799e-10
142.51913709116212,1.89875977553781e-09
142.6183844011142,5.169848868748658e-09
142.7177700348432,1.1348418336192735e-08
142.81729428172943,2.187905671269963e-08
142.91695743196092,3.8621153473872594e-08
143.0167597765363,6.389122859891346e-08
143.11670160726763,1.004966517867015e-07
143.21678321678323,1.5176501544337737e-07
143.31700489853043,2.2156511674540073e-07
143.4173669467787,3.1432680816306115e-07
143.5178696566223,4.350810319682893e-07
143.61851332398317,5.89544030469921e-07
143.71929824561403,7.842865068080876e-07
143.8202247191011,1.0269631929271283e-06
143.92129304286718,1.3265765140154165e-06
144.0225035161744,1.6939048859939655e-06
144.12385643912737,2.1421663228631745e-06
144.22535211267606,2.6877588404405415e-06
144.32699083861874,3.3509745659760184e-06
144.42877291960508,4.1570283694026406e-06
144.530698659139,5.137566376664964e-06
144.6327683615819,6.331857484280628e-06
144.73498233215545,7.788201729148875e-06
144.83734087694484,9.567108457288925e-06
144.9398443029016,1.1743781275596492e-05
145.04249291784703,1.4409838950952783e-05
145.14528703047483,1.7680394606836915e-05
145.24822695035462,2.1700290113083973e-05
145.35131298793468,2.664335012384349e-05
145.45454545454544,3.272380285686288e-05
145.55792466240226,4.021125302460279e-05
145.66145092460883,4.9417883746571906e-05
145.76512455516016,6.070352090296425e-05
145.86894586894587,7.450708951911846e-05
145.9729151817534,9.1303283145489e-05
146.07703281027102,0.00011156615299385017
146.18129907209135,0.00013583905936235405
146.28571428571428,0.0001646559481676564
146.39027877055037,0.0001983884658451036
146.49499284692416,0.00023740602390593432
146.59985683607732,0.00028204607345434687
146.7048710601719,0.00033222732865488856
146.8100358422939,0.00038774822343675677
146.91535150645623,0.00044857675301061145
147.0208183776023,0.0005140902523284481
147.1264367816092,0.0005834228063133708
147.23220704529115,0.0006566045784482485
147.33812949640287,0.0007333120692099347
147.4442044636429,0.000812638457046672
147.55043227665706,0.0008958600737390802
147.6568132660418,0.0009851446434099218
147.76334776334778,0.0010809716670105954
147.87003610108303,0.0011865889216725832
147.97687861271675,0.0013095335584470372
148.08387563268258,0.00145576696959629
148.19102749638205,0.0016309786064751886
148.29833454018825,0.0018440626594533943
148.40579710144928,0.002102849574093563
148.51341551849166,0.0024179859736611162
148.6211901306241,0.0028077897037356325
148.72912127814087,0.003283068308474861
148.8372093023256,0.0038430356859833156
148.94545454545454,0.004496794289996214
149.0538573508006,0.005263454084932268
149.16241806263656,0.006154167654853548
149.27113702623907,0.007173211739593346
149.38001458789202,0.00831446855965139
149.4890510948905,0.009559543259615642
149.59824689554418,0.01091184625402849
149.70760233918128,0.01239488944249192
149.81711777615214,0.013989054361953903
149.9267935578331,0.01563893499117651
150.03663003663004,0.017330556074809583
150.1466275659824,0.01908032559530665
150.25678650036684,0.020865633093857278
150.36710719530103,0.02263261498230165
150.47759000734754,0.024339709435340993
150.58823529411762,0.025960397550264396
150.69904341427517,0.02746455466171197
150.8100147275405,0.028796300215145343
150.92114959469419,0.0298959493030977
151.03244837758112,0.030774517150154026
151.1439114391144,0.03147429097365135
151.25553914327915,0.031909376635818894
151.3673318551367,0.03191973317532651
151.47928994082838,0.031560691468661924
151.59141376757958,0.031092155882517732
151.7037037037037,0.03053543440772168
151.81616011860638,0.029555029635088017
151.92878338278933,0.02808208933897748
152.04157386785448,0.026688836246071317
152.15453194650817,0.025754810475847812
152.26765799256503,0.024642112735748956
152.38095238095235,0.022713797442894302
152.4944154877141,0.020814224668309032
152.6080476900149,0.02012385892154782
152.72184936614468,0.019774235656831042
152.8358208955224,0.017971727881422518
152.9499626587005,0.01556305390405965
153.0642750373692,0.015209742173579632
153.1787584143605,0.016357171762220075
153.29341317365268,0.015344276912903895
153.40823970037454,0.012218689169030215
153.5232383808096,0.011963325086977356
153.6384096024006,0.015562858519977477
153.75375375375376,0.016538734989646895
153.86927122464311,0.012277077030080635
153.98496240601503,0.011018622463060523
154.10082768999246,0.018067610955016043
154.2168674698795,0.02343119928692254
154.33308214016577,0.017536264733687412
154.4494720965309,0.011351249651783838
154.56603773584905,0.02041678618865854
154.68277945619334,0.0343944782031213
154.79969765684052,0.030057278071659765
154.91679273827532,0.014123493038837597
155.0340651021953,0.018279112989537355
155.15151515151516,0.043584950868100755
155.2691432903715,0.05095705527674437
155.38694992412746,0.026893959827499724
155.50493545937738,0.014200383298132073
155.62310030395136,0.042600879358243963
155.74144486692012,0.07184398427894721
155.8599695585997,0.05446053199733255
155.97867479055597,0.01950755422559374
156.09756097560975,0.028738863706485453
156.21662852784135,0.07175677954348747
156.33587786259542,0.08031266499248733
156.45530939648586,0.04220234975568667
156.5749235474006,0.021488581316078264
156.69472073450652,0.05120139211048096
156.8147013782542,0.08170344860766031
156.93486590038313,0.0668355260331533
157.05521472392638,0.03602394326426609
157.17574827321565,0.037827482812115
157.29646697388634,0.06254980636094323
157.4173712528824,0.0691159177290258
157.53846153846155,0.05361612640817711
157.65973826020013,0.04413235996956371
157.78120184899845,0.04943757283616249
157.9028527370856,0.0540658103702469
158.02469135802468,0.05175427040378496
158.14671814671814,0.05032691637684976
158.26893353941267,0.05073787193001347
158.39133797370457,0.04721127697223218
158.5139318885449,0.042685268058029274
158.63671572424477,0.04412962614892771
158.7596899224806,0.047916034529778065
158.88285492629947,0.045653078629141725
159.0062111801242,0.03910274589631761
159.12975912975912,0.036368782244581795
159.25349922239502,0.038142629633721906
159.37743190661476,0.0385125169115327
159.50155763239874,0.03573009820611755
159.62587685113016,0.03322534747563631
159.7503900156006,0.032402635913604115
159.87509758001562,0.03160113728655
160.0,0.030520065654332303
160.12509773260362,0.030179580545753877
160.2503912363067,0.029997030302879497
160.37588097102582,0.02893560198327003
160.5015673981191,0.02786496796708892
160.62745098039213,0.027977914170511257
160.7535321821036,0.028706220086298202
160.87981146897093,0.02902450077349251
161.0062893081761,0.029117408197644933
161.13296616837135,0.029623028215351673
161.25984251968504,0.030502610471580576
161.38691883372735,0.03143378503997705
161.51419558359618,0.03249600266105686
161.64167324388316,0.033818754646784764
161.7693522906793,0.035161712194377116
161.89723320158103,0.03640317525035378
162.0253164556962,0.03782131848880571
162.15360253365006,0.03953214569568256
162.28209191759112,0.04129696223281811
162.41078509119745,0.04296201099288507
162.53968253968253,0.04458437043476513
162.66878474980143,0.04623439121648803
162.79809220985692,0.04789201466524988
162.92760540970565,0.04945833260150376
163.05732484076432,0.05088134825887508
163.18725099601593,0.052173391635674596
163.31738437001593,0.053281055230349254
163.44772545889865,0.05416039898557829
163.57827476038338,0.05484531030290173
163.709032773781,0.05529227656822683
163.84,0.05543580225101096
163.97117694155327,0.05534068765939517
164.1025641025641,0.05505647767580303
164.23416198877305,0.05454782892117739
164.3659711075441,0.053835669396568954
164.49799196787149,0.05297801848306804
164.63022508038586,0.05200794838020189
164.76267095736122,0.05097231835009872
164.89533011272144,0.04989325784547267
165.02820306204674,0.04876038509145911
165.16129032258064,0.047601222760872135
165.29459241323647,0.046436617107003135
165.4281098546042,0.045250880702700516
165.56184316895713,0.0440492309526371
165.6957928802589,0.0428197010907948
165.82995951417004,0.04153056288335
165.9643435980551,0.04021035331345406
166.09894566098947,0.03887849934014089
166.23376623376623,0.03749479092296557
166.36880584890332,0.03606863478911493
166.5040650406504,0.03465163926298515
166.63954434499593,0.03325107024065449
166.77524429967426,0.03186594530921838
166.9111654441728,0.03051851057940484
167.047308319739,0.02922710068488938
167.18367346938777,0.02800675221808149
167.3202614379085,0.02686749231357567
167.45707277187245,0.02580359129482249
167.59410801963992,0.024818668285937318
167.7313677313677,0.023922099202007895
167.86885245901638,0.0230719554602057
168.00656275635768,0.022218284096850345
168.14449917898193,0.021383226047912637
168.28266228430567,0.020575415702828153
168.42105263157896,0.019738966680259592
168.559670781893,0.01884502121405521
168.6985172981878,0.017900475356909973
168.83759274525966,0.01691687955335454
168.97689768976898,0.015897279345222146
169.11643270024774,0.014808682096989541
169.25619834710741,0.01365453187418782
169.39619520264682,0.012496658159157818
169.53642384105962,0.011345220227695935
169.67688483844242,0.010179662816027795
169.81757877280262,0.009026689076572095
169.95850622406635,0.007920995967493101
170.09966777408638,0.006871866912031695
170.24106400665005,0.005879180377004726
170.3826955074875,0.004959928895531774
170.52456286427974,0.004141647830220987
170.66666666666666,0.0034150837097455325
170.8090075062552,0.0027628545717622334
170.9515859766277,0.0022035562768937815
171.09440267335003,0.0017390512196568148
171.23745819397996,0.001344113929628881
171.3807531380753,0.0010160697150621003
171.52428810720266,0.0007572473304965022
171.66806370494552,0.0005521488571984772
171.81208053691276,0.00039081914873089244
171.95633921074725,0.000270556657238573
172.10084033613444,0.0001827859247430534
172.24558452481077,0.00011840985477713691
172.3905723905724,7.272895905880705e-05
172.5358045492839,4.2492083682151214e-05
172.681281618887,2.389699676060569e-05
172.82700421940928,1.2997753026460263e-05
172.97297297297297,7.137271177253947e-06
173.11918850380385,4.810970843177612e-06
173.26565143824024,4.598484060690779e-06
173.41236240474177,5.276766323492943e-06
173.55932203389833,6.217781496784446e-06
173.70653095843934,7.323659094663802e-06
173.85398981324278,8.401820620113315e-06
174.0016992353441,8.986881295178753e-06
174.14965986394557,9.14931920023731e-06
174.2978723404255,9.179680095422878e-06
174.44633730834755,8.909191437698033e-06
174.59505541346974,8.321439193317226e-06
174.74402730375425,7.640239036786304e-06
174.8932536293766,6.944810825636496e-06
175.04273504273505,6.239563413888086e-06
175.1924721984602,5.440691446131236e-06
175.34246575342465,4.70166796929075e-06
175.49271636675235,4.218668762388534e-06
175.6432246998285,3.644279628363783e-06
175.79399141630904,2.933894057869266e-06
175.94501718213058,2.5761678649676978e-06
176.0963026655202,2.4570172383409037e-06
176.24784853700515,2.182127089662871e-06
176.3996554694229,1.875657721350975e-06
176.55172413793102,1.6026009775183466e-06
176.70405522001724,1.2635675674512945e-06
176.85664939550952,1.0322559402846131e-06
177.00950734658602,9.114669492826026e-07
177.16262975778545,7.316075506873617e-07
177.3160173160173,5.580517305795743e-07
177.46967071057193,4.831988050871671e-07
177.62359063313096,4.277978965745131e-07
177.77777777777777,3.3083074083501253e-07
177.93223284100782,2.573180760987562e-07
178.08695652173913,1.997465660187107e-07
178.24194952132288,1.2548764916650552e-07
178.397212543554,7.917579255776825e-08
178.55274629468178,7.166614010669134e-08
178.70855148342056,7.028570460389739e-08
178.86462882096066,5.5100001504582636e-08
179.02097902097898,5.039470632829975e-08
179.17760279965006,5.4159831829445346e-08
179.33450087565674,4.398237384997459e-08
179.4916739702016,2.0739862707671435e-08
179.64912280701753,6.353729764013747e-09
179.80684811237927,8.574099680340704e-09
179.96485061511424,3.094067081362289e-08
180.12313104661388,3.6902652117390996e-08
180.28169014084506,3.474989390756039e-08
180.44052863436124,4.853357724884163e-08
180.59964726631395,2.7072005733065667e-08
180.75904677846424,5.836699687018889e-09
180.91872791519435,7.16192964670766e-09
181.07869142351902,1.1279021006177997e-08
181.23893805309734,4.3796042194130726e-09
181.39946855624444,7.2017719674876725e-09
181.56028368794324,6.2214245183241735e-09
181.72138420585628,1.6925065932978945e-09
181.88277087033748,5.913290445284523e-09
182.04444444444445,3.3980980442723974e-09
182.20640569395016,3.274336033924089e-09
182.3686553873553,9.406917428993396e-09
182.53119429590015,6.89225188445829e-09
182.69402319357712,3.0629320769074304e-10
182.85714285714286,2.149330281968735e-09
183.0205540661305,2.3706754561333636e-09
183.18425760286226,1.2172307984959021e-09
183.34825425246197,8.725841059451289e-10
183.51254480286738,1.279046943248652e-09
183.67713004484304,2.57367509187821e-10
183.84201077199282,1.800645293187629e-10
184.00718778077265,1.8083314189585906e-09
184.1726618705036,5.70535389300507e-09
184.33843384338437,4.740019110408739e-09
184.5045045045045,5.6912081846332785e-09
184.67087466185754,1.4084202144250878e-09
184.83754512635377,6.168905506764406e-10
185.0045167118338,1.2627620539297634e-09
185.17179023508135,4.745493548229804e-10
185.33936651583707,2.9372943209160054e-09
185.5072463768116,2.2128874150977347e-09
185.675430643699,3.040037659514176e-09
185.84392014519057,9.31316613730154e-09
186.01271571298818,7.0959890265227424e-09
186.1818181818182,2.6927274204997914e-09
186.3512283894449,2.2493765912958354e-09
186.52094717668484,8.913171014840808e-10
186.69097538742025,2.9846860832657048e-09
186.86131386861314,2.3099156193115725e-09
187.03196347031962,5.99955466181229e-10
187.20292504570384,1.8414715079187642e-10
187.37419945105214,3.516625030906418e-09
187.54578754578753,2.988877286318627e-09
187.71769019248396,3.4158754322127583e-09
187.88990825688072,1.1910039679173778e-09
188.06244260789717,1.3463459716094913e-09
188.23529411764707,5.419382754550911e-09
188.40846366145354,2.9962889879095624e-09
188.5819521178637,1.1190565608217957e-09
188.75576036866357,3.559613751479813e-09
188.92988929889296,5.645041142978359e-09
189.10433979686056,3.4573002896938347e-09
189.27911275415894,5.775655193277326e-10
189.45420906567992,2.749163183369809e-09
189.62962962962962,1.9429226290662222e-10
189.80537534754404,4.273188478444093e-09
189.98144712430428,1.357368838569744e-09
190.15784586815226,5.17639877789874e-10
190.3345724907063,1.8772409331413853e-09
190.51162790697674,5.965192667646873e-09
190.68901303538178,4.191245286843125e-09
190.8667287977633,7.3527601581895374e-09
191.044776119403,4.986351031937882e-09
191.22315592903828,1.227255682859416e-10
191.4018691588785,6.696696029970087e-10
191.5809167446211,2.2397108909132177e-09
191.76029962546815,1.3271341227629122e-09
191.94001874414244,7.997311215597549e-10
192.12007504690433,1.0305377634589751e-10
192.3004694835681,9.108669905900754e-10
192.48120300751881,1.4704472413228187e-09
192.66227657572907,1.1604479539733282e-09
192.8436911487759,7.16340716686786e-09
193.02544769085767,6.918966747733757e-09
193.2075471698113,2.3486065545050295e-09
193.38999055712932,2.0391373245528287e-09
193.57277882797732,4.069967153363133e-09
193.75591296121098,2.769286448643195e-09
193.93939393939394,3.512600552372863e-10
194.12322274881518,1.6965845388480332e-10
194.30740037950665,9.157652539390598e-10
194.49192782526114,9.59294190937524e-10
194.67680608365018,1.4257297565634115e-09
194.86203615604185,1.5642450153083017e-09
195.04761904761907,1.3325176201066978e-09
195.23355576739752,3.4210686248821566e-09
195.4198473282443,6.444091929524495e-09
195.6064947468959,8.275509155280985e-09
195.79349904397705,1.2480305644512023e-08
195.9808612440191,1.3342822100868305e-08
196.1685823754789,8.5042979774207e-09
196.35666347075744,3.783313959445058e-09
196.5451055662188,1.5651802302446732e-09
196.73390970220942,7.612090432793694e-09
196.92307692307693,5.523372670788987e-09
197.1126082771896,1.1424823334208592e-09
197.30250481695566,2.266060953941166e-09
197.4927675988428,8.283646972152184e-10
197.68339768339766,1.4974106128376523e-09
197.8743961352657,5.37131721016031e-10
198.06576402321085,3.6886681217128603e-10
198.25750242013552,1.0836807901624472e-09
198.44961240310076,2.640470492102208e-09
198.64209505334625,2.4711274588487633e-09
198.83495145631065,8.745460301820892e-09
199.02818270165207,1.8072876156724737e-09
199.22178988326846,9.484407003561398e-10
199.4157740993184,2.421432095712802e-09
199.61013645224173,4.1349489052641275e-09
199.8048780487805,1.276854685248033e-09
200.0,1.4854854281692863e-09
200.19550342130987,1.1856234617350423e-09
200.3913894324853,1.1779292339500161e-09
200.58765915768853,1.2764787687856679e-10
200.78431372549022,2.84391301224797e-09
200.9813542688911,4.861203075412268e-09
201.17878192534383,3.180377727010851e-09
201.37659783677483,7.13081279016464e-10
201.5748031496063,2.8902081956312e-09
201.77339901477833,1.0024594331223203e-08
201.9723865877712,6.583768367136964e-09
202.1717670286278,4.890575296178422e-09
202.3715415019763,4.057400832075182e-09
202.57171117705244,1.3448962088027295e-09
202.77227722772278,2.5733902593831837e-09
202.97324083250743,5.921165841026719e-10
203.17460317460316,4.669759053095137e-09
203.37636544190661,5.037177786202615e-09
203.57852882703776,9.224945761324726e-10
203.78109452736314,1.862787393622412e-09
203.98406374501994,1.129826942493557e-09
204.1874376869392,2.416204501914381e-09
204.39121756487026,4.285945255819962e-09
204.5954045954046,1.0432703289620956e-09
204.79999999999998,1.1498846877119547e-09
205.005005005005,1.6437930932618015e-09
205.21042084168334,1.0715077490149839e-09
205.41624874623875,1.4901545333767882e-09
205.62248995983938,1.4473648695049597e-09
205.8291457286432,2.810908095070322e-09
206.03621730382292,2.018592827483078e-09
206.24370594159112,9.150948956676768e-10
206.4516129032258,2.9867711036836945e-09
206.65993945509584,5.902739473578671e-09
206.86868686868684,1.6148827886244666e-10
207.07785642062692,2.161253050890088e-09
207.28744939271257,5.634973395330731e-10
207.49746707193518,5.958760675478775e-09
207.7079107505071,3.1218400123931757e-09
207.9187817258883,5.83638393753827e-10
208.130081300813,5.212512797634849e-10
208.34181078331636,1.1222414262718565e-10
208.55397148676167,2.375804389406634e-10
208.7665647298675,8.781942416469454e-10
208.9795918367347,2.464341803396664e-09
209.19305413687437,2.7862727326770936e-09
209.40695296523518,1.7088439082112483e-09
209.6212896622313,4.231120256610274e-09
209.83606557377047,2.246133877944852e-09
210.05128205128204,1.4067288031826965e-09
210.26694045174537,6.714669593503624e-09
210.48304213771837,2.7329488401979075e-09
210.69958847736626,1.4116535400490074e-09
210.91658084449023,2.4848686432044064e-09
211.1340206185567,3.773970853647578e-09
211.3519091847265,1.7790550571544147e-09
211.5702479338843,2.403222113706989e-11
211.78903826266804,5.5071999703623504e-09
212.00828157349895,4.5798466947370595e-09
212.22797927461139,1.6564826619897552e-09
212.448132780083,2.335545338821082e-10
212.668743509865,6.318491366097999e-10
212.88981288981287,9.364857696055243e-10
213.11134235171693,6.4063653562517966e-09
213.33333333333334,3.672624613216625e-09
213.555787278415,3.009134250977573e-10
213.7787056367432,1.3718292761100919e-09
214.00208986415882,6.499894981701624e-10
214.22594142259413,2.5781170091096e-09
214.4502617801047,5.3092156491398685e-09
214.67505241090146,4.4099231646336206e-09
214.900314795383,1.068067604256485e-09
215.12605042016807,5.984130639290261e-10
215.35226077812828,1.3896295824498437e-10
215.57894736842104,3.4249730607021987e-10
215.80611169652263,1.3276205755084013e-10
216.03375527426158,2.166129303899059e-09
216.26187961985215,3.1977401306219332e-09
216.49048625792813,1.6550366283369802e-09
216.7195767195767,3.1493166771831648e-09
216.9491525423729,2.6926372142677773e-09
217.17921527041358,6.31376633301622e-09
217.40976645435242,1.9341745038591867e-09
217.64080765143464,6.981988447135906e-10
217.87234042553192,6.972411014033073e-11
218.10436634717786,5.221743738901272e-10
218.33688699360337,3.012364746467565e-10
218.5699039487727,2.065209828583124e-09
218.80341880341882,7.281199058317275e-10
219.0374331550802,2.974375347105221e-10
219.27194860813702,1.2478815405062e-09
219.5069667738478,1.6140065355343612e-09
219.74248927038627,2.186447618752608e-09
219.97851772287862,2.185860753427164e-09
220.21505376344086,1.1140237885376272e-09
220.45209903121636,2.496606041992977e-09
220.68965517241378,1.463909853398324e-08
220.92772384034518,1.4210181271003952e-08
221.16630669546436,4.092771759355205e-09
221.4054054054054,1.5642263488463318e-09
221.64502164502164,3.734689798050824e-09
221.88515709642468,3.33166420308946e-10
222.12581344902384,1.0267373649663938e-09
222.36699239956567,3.2143997335762288e-09
222.6086956521739,4.166323606212261e-09
222.85092491838955,3.538896540200307e-09
223.09368191721134,2.1416846395188766e-09
223.3369683751363,6.718688722516543e-10
223.58078602620085,1.0647372969824075e-11
223.82513661202185,8.130495287410232e-10
224.07002188183807,4.979077022771621e-09
224.31544359255204,7.86181072713958e-09
224.56140350877192,1.8912535890052387e-08
224.80790340285398,3.8285493535527975e-08
225.05494505494505,7.129266851276574e-08
225.30253025302528,1.2219253592659096e-07
225.55066079295153,1.851025899648277e-07
225.79933847850054,2.9057954497195266e-07
226.0485651214128,4.587142463718477e-07
226.29834254143645,6.982306014224728e-07
226.54867256637166,1.018420711796091e-06
226.79955703211516,1.4293303731674607e-06
227.0509977827051,2.0241464085281657e-06
227.30299667036624,2.8654628931050125e-06
227.55555555555554,3.7760688468784007e-06
227.80867630700777,4.724819584860023e-06
228.06236080178175,5.822642140731117e-06
228.31661092530658,7.1916052439081264e-06
228.57142857142856,8.937376555059206e-06
228.82681564245812,1.1051919316616727e-05
229.082774049217,1.3874460449283529e-05
229.33930571108624,1.777833862432932e-05
229.59641255605382,2.427116705559277e-05
229.8540965207632,3.622236010253449e-05
230.1123595505618,5.6265229851814784e-05
230.37120359955006,9.112539687536239e-05
230.6306306306306,0.00015183311643374522
230.89064261555805,0.00025204031575905354
231.1512415349887,0.00041295147146034445
231.41242937853107,0.0006634461907267799
231.67420814479635,0.0010403392661931315
231.9365798414496,0.001589213483885612
232.19954648526078,0.0023807851061965106
232.46311010215663,0.0035086720023092834
232.7272727272727,0.005051555138357079
232.9920364050057,0.007108320564034588
233.25740318906605,0.009815334630020258
233.52337514253134,0.013313395992320723
233.78995433789953,0.0177556027859953
234.05714285714288,0.023260426037946
234.32494279176203,0.029971994684941418
234.59335624284074,0.03808000189493213
234.8623853211009,0.04771739535431401
235.13203214695753,0.05911437115944932
235.4022988505747,0.07261819345083655
235.67318757192174,0.0887165137976584
235.9447004608295,0.10817802303442975
236.2168396770473,0.1321121110232668
236.48960739030022,0.16241345960764383
236.76300578034682,0.20173476070984867
237.03703703703707,0.25367230273050795
237.3117033603708,0.32339554584119407
237.58700696055683,0.41743015226470914
237.862950058072,0.5442733995269485
238.13953488372093,0.7141832967461402
238.41676367869616,0.9386008154164175
238.69463869463866,1.230884644646877
238.97316219369893,1.6047663516813364
239.25233644859816,2.07357242736793
239.53216374269007,2.648758991659039
239.81264637002343,3.3376575006834233
240.0937866354044,4.143842270547782
240.37558685446012,5.062336521379895
240.65804935370153,6.078309985424709
240.94117647058823,7.168369915985396
241.2249705535924,8.296434574062683
241.50943396226415,9.416839460425198
241.79456906729635,10.474340582970678
242.080378250591,11.408048701991804
242.3668639053254,12.161283486925413
242.65402843601896,12.679689127632082
242.94187425860022,12.924145897049351
243.23040380047507,12.880497777273302
243.51961950059456,12.559288590511601
243.80952380952382,12.008653847170086
244.1001191895113,11.309687512984057
244.39140811455846,10.575636682098715
244.68339307048984,9.948356120685792
244.97607655502392,9.576366861064809
245.2694610778443,9.606751483968289
245.56354916067144,10.159111439352523
245.85834333733493,11.306105304146794
246.15384615384616,13.059562963745861
246.4500601684717,15.345304053543472
246.7469879518072,18.015717780548016
247.04463208685164,20.85002829026002
247.34299516908212,23.570206827246437
247.6420798065296,25.884946874045024
247.9418886198547,27.513949738988423
248.24242424242422,28.252795667185215
248.54368932038832,28.00625352428897
248.8456865127582,26.80006738851324
249.14841849148416,24.827919879560866
249.45188794153472,22.42222121426957
249.75609756097558,20.00760017042461
250.06105006105005,18.067649370106082
250.36674816625916,17.059099287757647
250.6731946144431,17.328485846552574
250.98039215686276,19.047813246077723
251.2883435582822,22.162957354357165
251.5970515970516,26.385505393072748
251.90651906519062,31.21629666296965
252.21674876847288,35.994485551994266
252.52774352651045,40.02943424447049
252.8395061728395,42.71009405494062
253.15203955500616,43.571213120489205
253.46534653465346,42.455805653756315
253.7794299876084,39.53707516089924
254.09429280397023,35.22161835450287
254.40993788819875,30.151589309882702
254.726368159204,25.063001140387474
255.04358655043586,20.59257067724648
255.36159600997507,17.219853694202666
255.6803995006242,15.178744263939286
255.99999999999997,14.38214381296563
256.3204005006258,14.4754389882402
256.64160401002505,14.954379878524941
256.9636135508155,15.283334836174369
257.286432160804,15.045226218586537
257.61006289308176,14.049438691398661
257.9345088161209,12.367022201877862
258.2597730138714,10.32236400158046
258.5858585858586,8.358611850737768
258.91276864728195,6.909431708219975
259.24050632911394,6.324363159457508
259.5690747782003,6.765911057751414
259.8984771573604,8.164376324161555
260.22871664548916,10.231153066903207
260.55979643765903,12.534215275159456
260.89171974522293,14.635694646600479
261.2244897959184,16.21937458518321
261.5581098339719,17.148218058569842
261.89258312020456,17.511464027356922
262.2279129321382,17.66107996960218
262.56410256410254,18.012592608891715
262.9011553273428,18.839801435202727
263.2390745501285,20.32708820718225
263.5778635778636,22.48242660000648
263.91752577319585,24.87734646678967
264.258064516129,26.8354933078628
264.59948320413434,28.006327937193902
264.9417852522639,28.441388517640963
265.2849740932642,28.301867346953635
265.6290531776913,27.800240028592018
265.974025974026,27.19441663974476
266.3198959687906,26.74003501890196
266.66666666666663,26.62843959720809
267.01434159061273,26.839915241503448
267.3629242819843,27.20988081805385
267.7124183006536,27.550946785131117
268.0628272251309,27.408509514160336
268.41415465268676,26.272748647924026
268.76640419947506,24.429139605688125
269.119579500657,22.69978636482455
269.47368421052636,21.32973992011634
269.82872200263506,20.019667101283527
270.1846965699208,18.6865587431039
270.5416116248349,17.451240581901775
270.8994708994709,16.30607731291642
271.25827814569533,15.253304279121153
271.6180371352785,14.383858112321416
271.97875166002655,13.736301097162103
272.3404255319149,13.333619983734474
272.70306258322233,13.243603161033077
273.06666666666666,13.53729041988886
273.4312416555407,14.298511060098603
273.7967914438503,15.549034329746059
274.1633199464525,17.133805742092278
274.5308310991957,18.895072025238516
274.8993288590604,20.839576304353834
275.26881720430106,22.944156261820225
275.6393001345895,25.076270087364712
276.010781671159,27.16305662672642
276.3832658569501,29.128377355458134
276.7567567567567,30.786489595218402
277.1312584573748,31.98616703959298
277.50677506775065,32.632576566288286
277.88331071913166,32.60180773206389
278.2608695652174,31.843097633078255
278.6394557823129,30.417826737350172
279.01907356948226,28.408766477115954
279.39972714870396,25.937206551254327
279.78142076502735,23.167413088677236
280.1641586867305,20.243100286174442
280.54794520547944,17.29939525638596
280.93278463648835,14.473405563443867
281.31868131868134,11.872462300695084
281.70563961485556,9.574982091306174
282.0936639118457,7.629435650228444
282.48275862068965,6.048132322580954
282.8729281767956,4.819091638739549
283.2641770401106,3.9059127639070943
283.6565096952908,3.2554014028551896
284.0499306518724,2.814501869261766
284.44444444444446,2.526637049172485
284.84005563282335,2.3368633847913594
285.2367688022284,2.204592087571437
285.63458856345886,2.096580916657622
286.0335195530726,1.986644812371272
286.43356643356645,1.8630925533248448
286.8347338935574,1.7214436812697866
287.23702664796633,1.5604008946496661
287.6404494382022,1.3853828358497586
288.0450070323488,1.2042740260654077
288.4507042253521,1.0237424660867125
288.85754583921016,0.8507521530721677
289.2655367231638,0.6913937448719913
289.6746817538897,0.5493835956557327
290.08498583569406,0.42692390010778186
290.49645390070924,0.3248865976246554
290.9090909090909,0.24255020648947692
291.32290184921766,0.17818514578419134
291.73789173789174,0.1295935453410156
292.15406562054204,0.0941681303756151
292.57142857142856,0.06922633792025036
292.9899856938483,0.052445082045529015
293.4097421203438,0.04167849469037503
293.83070301291247,0.034980847278747194
294.2528735632184,0.031007815013704174
294.67625899280574,0.028734700882738617
295.1008645533141,0.027242984553540132
295.52669552669556,0.0260712494214281
295.9537572254335,0.02499365699314393
296.3820549927641,0.023731250012928536
296.81159420289856,0.022249215403699802
297.2423802612482,0.02064371779051006
297.6744186046512,0.018870175300571085
298.1077147016012,0.016984876812216936
298.54227405247815,0.015130305678478104
298.978102189781,0.013310485429655263
299.41520467836256,0.011557181464640139
299.8535871156662,0.00996185856593534
300.2932551319648,0.00850514475157801
300.73421439060206,0.007174707190232555
301.17647058823525,0.006025218121961359
301.620029455081,0.005034185824949817
302.06489675516224,0.004157531498940582
302.5110782865583,0.003415944349878492
302.95857988165676,0.002804504816485815
303.4074074074074,0.00228574286189249
303.85756676557867,0.0018517380327242568
304.30906389301634,0.0014951661167706845
304.7619047619047,0.0011994300786143958
305.2160953800298,0.0009616710154203358
305.6716417910448,0.0007711964346681561
306.1285500747384,0.0006112919547211278
306.58682634730536,0.00048235601751125446
307.0464767616192,0.00038267429510473004
307.5075075075075,0.00030052944873399073
307.96992481203006,0.00023399882973712627
308.433734939759,0.00018414183887181508
308.8989441930618,0.00014444290940166017
309.3655589123867,0.00011169733234139591
309.83358547655064,8.660730254620108e-05
310.3030303030303,6.681614045645043e-05
310.7738998482549,5.088056892657207e-05
311.2462006079027,3.912144924439897e-05
311.7199391171994,3.00263737881986e-05
312.1951219512195,2.251192488168381e-05
312.67175572519085,1.6910001699117374e-05
313.1498470948012,1.2771904174707406e-05
313.6294027565084,9.60882808577291e-06
314.11042944785277,7.394901451634495e-06
314.5929339477727,5.598713511218189e-06
315.0769230769231,3.988984118145157e-06
315.5624036979969,2.9237629686253083e-06
316.04938271604937,2.232621187065622e-06
316.53786707882534,1.581310940515165e-06
317.0278637770898,1.1209979872827637e-06
317.5193798449612,8.791115973629247e-07
318.0124223602484,6.358837963461391e-07
318.50699844479004,4.1067770021647514e-07
319.0031152647975,3.0817418288725316e-07
319.5007800312012,2.58374012336285e-07
320.0,1.8047549850540337e-07
320.5007824726134,1.138928073410536e-07
321.0031347962382,9.310894338485307e-08
321.5070643642072,8.483009807478935e-08
322.0125786163522,5.249273078453641e-08
322.5196850393701,2.796447016527141e-08
323.02839116719235,2.6434954902748085e-08
323.5387045813586,1.916184634383242e-08
324.0506329113924,3.987625150039239e-09
324.56418383518223,1.6718604634153024e-09
325.07936507936506,4.160904045768199e-09
325.59618441971384,1.610184943780543e-09
326.11464968152865,1.0731194004339285e-09
326.63476874003186,2.6315991193723437e-09
327.15654952076676,5.066521809802566e-09
327.68,1.5982810915259854e-09
328.2051282051282,1.4654070893460063e-09
328.7319422150882,4.0216585092484275e-09
329.2604501607717,2.180244251889688e-09
329.7906602254429,5.026767614826371e-11
330.3225806451613,6.842338977357215e-11
330.8562197092084,7.107547896551338e-11
331.3915857605178,8.427189176556738e-12
331.9286871961102,1.1412491573500885e-12
332.46753246753246,8.534416199791818e-10
333.0081300813008,1.4185465969918098e-09
333.5504885993485,8.432132818593374e-10
334.094616639478,1.234472565636308e-09
334.640522875817,4.986375616519371e-10
335.18821603927984,1.4791343149189932e-10
335.73770491803276,2.254464765842447e-10
336.28899835796386,3.1975107331483714e-10
336.8421052631579,5.913394680317698e-10
337.3970345963756,6.125900705579265e-11
337.95379537953795,1.1899018268396472e-09
338.51239669421483,1.2416188834979125e-10
339.07284768211923,1.0839244383188121e-09
339.63515754560524,1.2823393206991167e-09
340.19933554817277,9.13444906616919e-10
340.765391014975,5.863973147925825e-10
341.3333333333333,1.1571774722972927e-11
341.9031719532554,3.621940423068788e-10
342.4749163879599,5.461439738457482e-10
343.04857621440533,1.0368427694713386e-10
343.6241610738255,1.5154138328773456e-09
344.2016806722689,3.0868245741046277e-10
344.7811447811448,2.1413031437514233e-09
345.362563237774,1.0090056148199435e-09
345.94594594594594,1.2866440049813399e-10
346.5313028764805,6.546898355856361e-10
347.11864406779665,3.7266696699751616e-10
347.70797962648555,3.602344758552123e-10
348.29931972789115,6.324310970143064e-11
348.8926746166951,8.186234175833422e-10
349.4880546075085,1.2791977073908825e-10
350.0854700854701,4.782709031882811e-10
350.6849315068493,8.577780086866622e-10
351.286449399657,5.694524508098032e-10
351.89003436426117,2.9163066980878634e-10
352.4956970740103,1.71544661535474e-09
353.10344827586204,4.3434144903444543e-10
353.71329879101904,1.3442524417770943e-10
354.3252595155709,1.2787339103790345e-09
354.93934142114387,7.334492242569252e-10
355.55555555555554,4.662660891027131e-10
356.17391304347825,3.3246753329147775e-10
356.794425087108,6.66625989509703e-10
357.4171029668411,6.194961450021239e-10
358.04195804195797,5.663048202443846e-10
358.6690017513135,5.176657165600826e-10
359.29824561403507,5.139660791927968e-10
359.9297012302285,4.940333431754252e-10
360.5633802816901,2.993039923598434e-10
361.1992945326279,5.674927616852657e-10
361.8374558303887,3.2238018936467405e-10
362.4778761061947,2.421160120276707e-10
363.1205673758865,1.473407196897383e-10
363.76554174067496,7.474879565157782e-11
364.4128113879003,3.105951094316185e-10
365.0623885918003,6.59106904276637e-11
365.7142857142857,1.3135037790522522e-09
366.3685152057245,1.200106029139487e-09
367.02508960573476,2.1612320437574937e-10
367.68402154398564,7.602686556525433e-11
368.3453237410072,1.7495693752708783e-10
369.009009009009,2.2022154893677437e-10
369.67509025270755,4.1782033945125616e-10
370.3435804701627,1.005387934518817e-09
371.0144927536232,2.7103581674647926e-10
371.68784029038113,1.7816156637187098e-10
372.3636363636364,2.947137490389509e-10
373.0418943533697,3.7551982616978265e-10
373.7226277372263,8.479674299798792e-10
374.4058500914077,8.088806100062114e-10
375.09157509157507,4.2601555968150896e-10
375.77981651376143,2.767079664297961e-10
376.47058823529414,7.46338066934496e-10
377.1639042357274,1.162280364039232e-09
377.8597785977859,2.823821635660831e-11
378.5582255083179,1.0800037657713243e-10
379.25925925925924,9.081205521485851e-11
379.96289424860856,4.6319998755994315e-11
380.6691449814126,6.959551216880008e-11
381.37802607076355,1.0811974488546255e-10
382.089552238806,1.2722584536383419e-10
382.803738317757,8.863695871946098e-10
383.5205992509363,2.820490999952454e-10
384.24015009380867,1.5501736924260207e-10
384.96240601503763,3.3638298017256106e-10
385.6873822975518,1.750862735941825e-10
386.4150943396226,1.3221804703913645e-09
387.14555765595463,2.7028975783724036e-10
387.8787878787879,3.8894582850416755e-10
388.6148007590133,8.488986215273875e-10
389.35361216730035,1.0423769162911972e-09
390.09523809523813,6.627177849933784e-10
390.8396946564886,7.248755343993526e-10
391.5869980879541,7.015893234404723e-10
392.3371647509578,2.236372425270747e-11
393.0902111324376,1.0023011183317121e-10
393.84615384615387,5.041495259975602e-10
394.6050096339113,4.305349107981518e-10
395.3667953667953,1.3153876782205382e-11
396.1315280464217,2.391088090847016e-10
396.8992248062015,3.3411242661364703e-10
397.6699029126213,1.419926744532275e-10
398.4435797665369,1.53023288915811e-11
399.22027290448347,2.3038199331538383e-11
400.0,8.80056672776944e-10
400.7827788649706,1.2800191609935306e-09
401.56862745098044,1.0275308189413956e-10
402.35756385068765,1.8797190302189104e-11
403.1496062992126,1.1628992327373999e-10
403.9447731755424,1.3900571044360524e-10
404.7430830039526,4.598499687507522e-11
405.54455445544556,7.308572453532392e-11
406.3492063492063,8.279430035820786e-10
407.1570576540755,6.520648931121531e-10
407.9681274900399,8.554275083149925e-10
408.7824351297405,1.160403103187832e-09
409.59999999999997,4.027695171018525e-11
410.4208416833667,5.5718335111390504e-11
411.24497991967877,4.459682123766354e-10
412.07243460764585,9.951371092418087e-11
412.9032258064516,2.2455472569863837e-10
413.7373737373737,2.215959924711161e-10
414.57489878542515,4.668587916572233e-10
415.4158215010142,2.339767778631768e-10
416.260162601626,1.2211673578655566e-11
417.10794297352334,9.209210937162965e-10
417.9591836734694,6.263612983473933e-10
418.81390593047036,5.7373549933315115e-11
419.67213114754094,8.984343967370533e-11
420.53388090349074,5.029038311793947e-10
421.3991769547325,1.9934763723341025e-10
422.2680412371134,5.179207251644714e-11
423.1404958677686,4.379980722713941e-10
424.0165631469979,6.504546373061333e-10
424.896265560166,5.471504707816518e-10
425.77962577962575,1.3490030873774682e-09
426.6666666666667,7.737667581408373e-10
427.5574112734864,7.416713825379775e-12
428.45188284518827,1.9498363984945868e-10
429.3501048218029,3.6873827797375714e-10
430.25210084033614,2.2333054091133592e-10
431.1578947368421,3.9889016742288446e-10
432.06751054852316,1.1621983730117062e-09
432.98097251585625,7.421107915073209e-11
433.8983050847458,3.3539094518211756e-11
434.81953290870484,5.603164947735433e-11
435.74468085106383,2.2725072400677804e-10
436.67377398720674,1.5786263202694045e-10
437.60683760683764,1.1678211763547136e-10
438.54389721627405,2.905182864457324e-10
439.48497854077254,3.8127554293736015e-11
440.4301075268817,1.4953986444882058e-10
441.37931034482756,3.628465993535236e-10
442.3326133909287,1.7930950343069664e-09
443.2900432900433,4.5594400935886896e-10
444.2516268980477,3.942547345427555e-11
445.2173913043478,7.104343105773417e-11
446.1873638344227,6.075139591061353e-10
447.1615720524017,8.764804804431179e-10
448.14004376367615,3.3510445589575053e-10
449.12280701754383,1.174422480141974e-10
450.1098901098901,7.336944732326136e-10
451.10132158590307,7.148610541189417e-11
452.0971302428256,3.4254372817356107e-10
453.0973451327433,7.724166634526777e-10
454.1019955654102,4.74901726415624e-10
455.1111111111111,8.286339091792693e-11
456.1247216035635,6.457639010562077e-11
457.1428571428571,1.0075619409050732e-10
458.165548098434,3.3017919431966466e-11
459.19282511210764,2.5062547258113446e-10
460.2247191011236,4.898000799552464e-10
461.2612612612612,1.0019579035190871e-10
462.3024830699774,9.139905265455125e-12
463.3484162895927,2.21624470309241e-11
464.39909297052156,6.492048706014284e-10
465.4545454545454,1.1412463268272906e-09
466.5148063781321,5.5277428699661917e-11
467.57990867579906,2.769484034017154e-10
468.64988558352405,1.7024090823029413e-09
469.7247706422018,7.365696251198249e-12
470.8045977011494,2.8418028060208474e-09
471.889400921659,4.631750097126176e-10
472.97921478060044,2.0616926487719437e-10
474.07407407407413,3.768798080794559e-09
475.17401392111367,1.519202797473246e-09
476.27906976744185,9.642569431350218e-11
477.3892773892773,3.5977952884263745e-09
478.5046728971963,6.951575325352732e-11
479.62529274004686,6.343123107793262e-11
480.75117370892025,6.6752619462082125e-09
481.88235294117646,9.071226839569836e-10
483.0188679245283,1.285396198705422e-09
484.160756501182,1.0735785940908693e-08
485.3080568720379,2.28939232050086e-09
486.46080760095015,3.4426296037752263e-09
487.61904761904765,1.3570987663636216e-08
488.7828162291169,1.1754471916342227e-09
489.95215311004785,8.587110585660645e-09
491.1270983213429,1.8404596469375197e-08
492.3076923076923,6.026794792086375e-09
493.4939759036144,8.60507400710273e-09
494.68599033816423,3.0604744913362595e-08
495.8837772397094,7.2015478318224955e-09
497.08737864077665,2.7782515450690835e-08
498.29683698296833,3.293790627005891e-08
499.51219512195115,1.6700760566766154e-08
500.7334963325183,5.670170011924518e-08
501.9607843137255,3.058492988062903e-08
503.1941031941032,3.1383755654280624e-08
504.43349753694577,1.0433129019560772e-07
505.679012345679,3.1814519295839604e-08
506.9306930693069,6.890501214787823e-08
508.18858560794047,1.9774592109270366e-07
509.452736318408,2.0208101042857935e-08
510.72319201995015,1.5499538577029842e-07
511.99999999999994,3.1036237528978974e-07
513.2832080200501,7.01266367454551e-09
514.572864321608,3.1902684889082526e-07
515.8690176322418,4.499659490680499e-07
517.1717171717172,1.6056760792131357e-10
518.4810126582279,6.372598833320633e-07
519.7969543147208,6.192087270876106e-07
521.1195928753181,3.063597234913797e-08
522.4489795918367,1.1921249110243209e-06
523.7851662404091,7.879580113112634e-07
525.1282051282051,1.785689411866995e-07
526.478149100257,2.1185674305587857e-06
527.8350515463917,8.931463026700284e-07
529.1989664082687,6.011864017451693e-07
530.5699481865284,3.618876029808562e-06
531.948051948052,8.622650634166378e-07
533.3333333333333,1.657869593903528e-06
534.7258485639686,5.690992268231238e-06
536.1256544502618,6.455616747561246e-07
537.5328083989501,3.9007279426720534e-06
538.9473684210527,8.404127708934934e-06
540.3693931398416,2.8197196416567706e-07
541.7989417989418,8.003454770360883e-06
543.236074270557,1.2180466840794694e-05
544.6808510638298,5.4149824901391454e-08
546.1333333333333,1.5451718128324173e-05
547.5935828877006,1.5852802943902966e-05
549.0616621983914,8.988426039395527e-07
550.5376344086021,2.8404441936540055e-05
552.021563342318,1.8627413834738792e-05
553.5135135135134,4.365683762268795e-06
555.0135501355013,5.033574983941358e-05
556.5217391304348,1.8785050803099375e-05
558.0381471389645,1.3666991465311343e-05
559.5628415300547,8.204689290407551e-05
561.0958904109589,1.7024924578845334e-05
562.6373626373627,3.714163391306729e-05
564.1873278236914,0.00012325672457130007
565.7458563535912,1.1911484814050674e-05
567.3130193905816,8.741638729174088e-05
568.8888888888889,0.0001756031123295611
570.4735376044569,3.553364171690707e-06
572.0670391061452,0.00017774788439606904
573.6694677871149,0.00024024265730843503
575.2808988764044,2.4114052837741357e-06
576.9014084507043,0.00033047070578985183
578.5310734463276,0.0002974143155329293
580.1699716713881,3.3535058262084166e-05
581.8181818181818,0.0005946749022755651
583.4757834757835,0.0003078847253784919
585.1428571428571,0.0001314249578135948
586.8194842406876,0.001021005214339022
588.5057471264367,0.00025429099146086735
590.2017291066282,0.0003749263676479921
591.907514450867,0.0015755846705899177
593.6231884057971,0.00016390467737594929
595.3488372093024,0.0009617649280888583
597.0845481049563,0.0021099868777471093
598.8304093567251,7.209858248465301e-05
600.5865102639297,0.0022303121429899275
602.3529411764705,0.0024241133501625954
604.1297935103245,1.994404125409329e-05
605.9171597633135,0.0045349379949115145
607.7151335311573,0.0023806197164668915
609.5238095238094,0.00017844044174858067
611.3432835820896,0.00804080099800587
613.1736526946107,0.0020156669164944486
615.015015015015,0.0011457785682535415
616.867469879518,0.012248481169903506
618.7311178247734,0.0016992052368760943
620.6060606060606,0.00465380417768769
622.4924012158054,0.015312482758078649
624.390243902439,0.001981432579857892
626.2996941896024,0.014790166629889365
628.2208588957055,0.014118042540413451
630.1538461538462,0.0026190423029458054
632.0987654320987,0.03861724278388651
634.0557275541796,0.0070522383830952644
636.0248447204968,0.0020923633740531065
638.006230529595,0.08295669977658926
640.0,0.0010858816916448444
642.0062695924764,0.003420629355293278
644.0251572327044,0.1439561394953182
646.0567823343847,0.019682815630591363
648.1012658227849,0.03717337643035109
650.1587301587301,0.19492410142470304
652.2292993630573,0.09995066188100359
654.3130990415335,0.20733531333466507
656.4102564102564,0.20522398570249525
658.5209003215434,0.27515284846988664
660.6451612903226,0.7369169080206398
662.7831715210356,0.24939594152810715
664.9350649350649,0.594301921906407
667.100977198697,1.9541733230126765
669.281045751634,0.7384105129912635
671.4754098360655,1.3435857756432787
673.6842105263158,4.224992114847631
675.9075907590759,2.7478691131382886
678.1456953642385,3.777023374106642
680.3986710963455,8.134267182229479
682.6666666666666,8.35456512123287
684.9498327759198,11.454520334737131
687.248322147651,15.446218746786572
689.5622895622896,20.907686577818072
691.8918918918919,31.86716882476219
694.2372881355933,32.280464466301716
696.5986394557823,47.434165348015576
698.976109215017,79.4379315051134
701.3698630136986,76.8574244057874
703.7800687285223,106.14874495887237
706.2068965517241,176.616512579428
708.6505190311418,182.76305337879407
711.1111111111111,231.78758038533945
713.588850174216,350.73339874779515
716.0839160839159,405.9918449316751
718.5964912280701,513.9954136190802
721.1267605633802,686.9954773468446
723.6749116607774,867.1776265745294
726.241134751773,1127.2868738467625
728.8256227758006,1319.5178380575596
731.4285714285714,1647.6025161067346
734.0501792114695,2153.2773534244493
736.6906474820144,2285.327282832922
739.3501805054151,2758.947306588124
742.0289855072464,3791.717879715373
744.7272727272727,4125.01655316219
747.4452554744526,4819.360300883934
750.1831501831501,6258.157610546645
752.9411764705883,6478.244625888227
755.7195571955718,6800.279342689354
758.5185185185185,7912.39074552208
761.3382899628252,8099.520039969841
764.179104477612,8767.174488920344
767.0411985018726,9623.061871031625
769.9248120300753,11403.04793593388
772.8301886792452,16784.134979992967
775.7575757575758,13870.949302523835
778.7072243346007,5778.06093162837
781.6793893129772,3351.4406343481337
784.6743295019156,3818.1008794399636
787.6923076923077,4698.9294717944185
790.7335907335906,4854.593714243693
793.798449612403,5968.462881657419
796.8871595330738,6864.331140391154
800.0,7148.713627796335
803.1372549019609,6826.162641229294
806.2992125984252,6101.091151972446
809.4861660079052,6143.740382700319
812.6984126984127,4997.493744130804
815.9362549800798,3446.3455349645305
819.1999999999999,6331.467784425896
822.4899598393575,16528.770190764084
825.8064516129032,19909.04232133149
829.1497975708503,12906.537487665673
832.520325203252,9898.928265949595
835.9183673469388,8896.043459277756
839.3442622950819,6953.640392103886
842.798353909465,5773.056764881785
846.2809917355372,4885.575867013179
849.792531120332,4094.5295933638777
853.3333333333334,3489.0369277920413
856.9037656903765,2620.734235756722
860.5042016806723,2035.3422224822402
864.1350210970463,1652.9109625246965
867.7966101694916,1037.0386941374627
871.4893617021277,693.6231938743896
875.2136752136753,584.9688593277092
878.9699570815451,344.4106292917596
882.7586206896551,216.6666437753068
886.5800865800866,203.55143981280702
890.4347826086956,115.31215452541142
894.3231441048034,61.56809021880757
898.2456140350877,59.45641431576952
902.2026431718061,32.958106848158906
906.1946902654867,15.50973640898834
910.2222222222222,13.821918938521334
914.2857142857142,8.02715671273705
918.3856502242153,4.697583518492925
922.5225225225224,2.712435222555632
926.6968325791854,1.6194024106959355
930.9090909090908,1.835934163830958
935.1598173515981,0.47121188023567057
939.4495412844036,0.2240786759630092
943.778801843318,0.7439094925320195
948.1481481481483,0.10488423531707386
952.5581395348837,0.06536133746764312
957.0093457943926,0.2794932894532088
961.5023474178405,0.05526598855537436
966.0377358490566,0.0944293502026541
970.6161137440758,0.08999385298475351
975.2380952380953,0.04522308725789347
979.9043062200957,0.09845326766695886
984.6153846153846,0.021929058230712596
989.3719806763285,0.041988706015031116
994.1747572815533,0.07516907906134428
999.0243902439023,0.002461602330077547
1003.921568627451,0.039217931676722155
1008.8669950738915,0.046698226952167854
1013.8613861386139,0.00021662912148248868
1018.905472636816,0.03405508606212984
1023.9999999999999,0.02442742962376971
1029.145728643216,0.0028472846392094357
1034.3434343434344,0.026749673824474587
1039.5939086294416,0.01056989645740855
1044.8979591836735,0.0056035381976722
1050.2564102564102,0.018959787192183244
1055.6701030927834,0.0034680216113682216
1061.139896373057,0.006926814490075558
1066.6666666666665,0.012137454880446607
1072.2513089005236,0.0006651730580146224
1077.8947368421054,0.006756781267969518
1083.5978835978835,0.006994238492067429
1089.3617021276596,7.866908671008489e-05
1095.1871657754011,0.005633404366531983
1101.0752688172042,0.0035781069402039205
1107.0270270270269,0.0003296407724775966
1113.0434782608695,0.004160720589900835
1119.1256830601094,0.0015785487380652083
1125.2747252747254,0.0006851920308156284
1131.4917127071824,0.002773798874039206
1137.7777777777778,0.0005623905277626876
1144.1340782122904,0.000868700821017492
1150.5617977528088,0.0016811070250756382
1157.0621468926552,0.00013641037058622997
1163.6363636363635,0.0008532938141531571
1170.2857142857142,0.0009277735006131322
1177.0114942528735,1.1101986747534269e-05
1183.815028901734,0.0007125326019600521
1190.6976744186047,0.0004633254227166497
1197.6608187134502,7.462762912889561e-06
1204.705882352941,0.0005278920809909937
1211.834319526627,0.00020565864850794846
1219.0476190476188,3.35153995639106e-05
1226.3473053892214,0.0003552805166817759
1233.734939759036,7.826687450804105e-05
1241.2121212121212,5.276205737303276e-05
1248.780487804878,0.00022018124867826002
1256.441717791411,2.3490598979215626e-05
1264.1975308641975,5.75608710703548e-05
1272.0496894409937,0.00012641538953114272
1280.0,4.4522212924178685e-06
1288.0503144654087,5.1561748312110854e-05
1296.2025316455697,6.742515062167966e-05
1304.4585987261146,3.7399013967916404e-07
1312.8205128205127,4.052591382872158e-05
1321.2903225806451,3.329033195444834e-05
1329.8701298701299,1.1051738657387366e-06
1338.562091503268,2.9052411004427363e-05
1347.3684210526317,1.50277310514064e-05
1356.291390728477,2.457804477653258e-06
1365.3333333333333,1.9207087003142244e-05
1374.496644295302,6.116174861268074e-06
1383.7837837837837,3.17775859829208e-06
1393.1972789115646,1.1901119907357259e-05
1402.7397260273972,2.119780797275043e-06
1412.4137931034481,3.160937197414143e-06
1422.2222222222222,6.9543582786747095e-06
1432.1678321678319,5.649569636989353e-07
1442.2535211267605,2.697237995526669e-06
1452.482269503546,3.7974594869841983e-06
1462.857142857143,9.699052162155159e-08
1473.3812949640287,2.074977315479658e-06
1484.0579710144928,1.927058255060696e-06
1494.890510948905,3.234270364466115e-08
1505.8823529411766,1.4478738878672344e-06
1517.037037037037,9.14212655015229e-07
1528.358208955224,6.941110384892216e-08
1539.8496240601505,9.540360278467878e-07
1551.5151515151515,3.9094473204013877e-07
1563.3587786259543,1.0377333168759311e-07
1575.3846153846155,5.826012705486987e-07
1587.596899224806,1.4905633007917533e-07
1600.0,1.1325472101880938e-07
1612.5984251968505,3.353263818307477e-07
1625.3968253968253,4.7807530043408906e-08
1638.3999999999999,1.020518506856531e-07
1651.6129032258063,1.792938342347998e-07
1665.040650406504,1.05402938906722e-08
1678.6885245901638,7.578632914371692e-08
1692.5619834710744,9.194408216942525e-08
1706.6666666666667,1.5541639802004793e-09
1721.0084033613446,5.377546278883867e-08
1735.5932203389832,4.276158065322793e-08
1750.4273504273506,1.061412923769178e-09
1765.5172413793102,3.435417562359109e-08
1780.8695652173913,1.8124979740465633e-08
1796.4912280701753,1.880763909956425e-09
1812.3893805309733,1.9299849377164917e-08
1828.5714285714284,8.226560221764959e-09
1845.0450450450448,2.5753869184920184e-09
1861.8181818181815,1.1241292113950806e-08
1878.8990825688072,2.9140814126305247e-09
1896.2962962962965,2.7360648534090943e-09
1914.0186915887853,5.305634290096363e-09
1932.0754716981132,1.0184300959948134e-09
1950.4761904761906,2.0629038992316877e-09
1969.2307692307693,2.7321674070617547e-09
1988.3495145631066,2.4363018479465723e-10
2007.843137254902,1.5093376913827872e-09
2027.7227722772277,1.2049207417800158e-09
2047.9999999999998,6.846590603833747e-11
2068.686868686869,9.64130266560425e-10
2089.795918367347,4.867457139664311e-10
2111.340206185567,1.8431096154483916e-12
2133.333333333333,5.452363964803292e-10
2155.789473684211,2.045574187234478e-10
2178.723404255319,1.7635703564039817e-11
2202.1505376344085,3.397122741448314e-10
2226.086956521739,7.42456683963962e-11
2250.5494505494507,2.745465486818352e-11
2275.5555555555557,1.7780487093165167e-10
2301.1235955056177,1.549006762856634e-11
2327.272727272727,1.153914447042663e-11
2354.022988505747,7.514577103625556e-11
2381.3953488372094,9.21110856808998e-12
2409.411764705882,2.4858248355444125e-11
2438.0952380952376,2.4637776488478587e-11
2467.469879518072,4.278960473160964e-12
2497.560975609756,1.9014477033971245e-11
2528.395061728395,1.5550310927762206e-11
2560.0,3.2751006340033097e-12
2592.4050632911394,6.931363016261974e-12
2625.6410256410254,3.336979572734356e-12
2659.7402597402597,5.469948475722465e-13
2694.7368421052633,6.181427079572115e-12
2730.6666666666665,1.5533394203224618e-13
2767.5675675675675,9.630198850284758e-13
2805.4794520547944,2.9229092943768417e-12
2844.4444444444443,1.83567348757578e-12
2884.507042253521,5.575323730146634e-13
2925.714285714286,7.639012838310702e-13
2968.1159420289855,7.792572776308732e-13
3011.764705882353,2.1052884496226103e-12
3056.716417910448,7.116206377043961e-13
3103.030303030303,4.831842454066216e-13
3150.769230769231,4.014498460900401e-13
3200.0,4.999418631004847e-13
3250.7936507936506,2.5005609304244934e-14
3303.2258064516127,2.706929068374591e-13
3357.3770491803275,1.3209441694517293e-13
3413.3333333333335,5.514669151094395e-15
3471.1864406779664,3.0617963500239015e-13
3531.0344827586205,3.4306598890706994e-13
3592.9824561403507,1.0662451057653874e-13
3657.142857142857,3.5410546268987735e-14
3723.636363636363,8.01495350492561e-15
3792.592592592593,7.383771122106315e-14
3864.1509433962265,1.6020975033216374e-13
3938.4615384615386,1.553565662497847e-13
4015.686274509804,2.8076208862306342e-14
4095.9999999999995,1.57206604739658e-14
4179.591836734694,3.404279924613844e-14
4266.666666666666,1.3026701112133785e-14
4357.446808510638,1.5318302122663607e-15
4452.173913043478,1.568774897065898e-15
4551.111111111111,1.9427044547385025e-16
4654.545454545454,1.3571770177128467e-16
4762.790697674419,9.448389115962205e-17
4876.190476190475,2.698737785855891e-17
4995.121951219512,2.4390344912585233e-18
5120.0,1.024594967646541e-17
5251.282051282051,2.119557195272227e-18
5389.473684210527,1.4210165360967803e-19
5535.135135135135,9.72047467894521e-19
5688.888888888889,8.861781918777414e-20
5851.428571428572,2.58766598265616e-20
6023.529411764706,6.331253586661304e-20
6206.060606060606,6.677517309330234e-21
6400.0,5.0025034810118046e-21
6606.451612903225,5.2918734972894695e-21
6826.666666666667,1.052759454039198e-21
7062.068965517241,8.45500026124754e-22
7314.285714285714,8.051920850451873e-22
7585.185185185186,1.2435224500351023e-22
7876.923076923077,1.855427817052062e-22
