"Wavelength, nm",Intensity
136.44237175216523,3.2479343083224404e-27
136.53333333333333,4.0455884909185244e-27
136.62441627751835,3.5219523738572935e-27
136.71562082777035,5.0561542866920456e-27
136.80694722778892,3.14196375376351e-27
136.89839572192514,7.312643301150355e-27
136.98996655518394,6.810098931612505e-27
137.08165997322624,1.7119807083118688e-26
137.17347622237108,1.3045916176842211e-25
137.26541554959786,1.5865737721179493e-24
137.35747820254863,3.988397613303026e-23
137.4496644295302,7.7995185873532885e-22
137.54197447951645,8.39689968995351e-21
137.63440860215053,5.688376790850176e-20
137.72696704774717,2.6987367612284296e-19
137.81965006729476,9.299160548681568e-19
137.9124579124579,2.4769446725121273e-18
138.0053908355795,6.131326863505125e-18
138.09844908968307,1.799636336397737e-17
138.19163292847506,6.150627884881828e-17
138.28494260634707,2.0049666383177935e-16
138.37837837837836,5.744763716597891e-16
138.47194050033806,1.4688973640686743e-15
138.5656292286874,3.4130568380786177e-15
138.65944482058225,7.188857561802684e-15
138.75338753387533,1.3805216325485565e-14
138.84745762711862,2.4803835467994912e-14
138.94165535956583,4.2856926099230666e-14
139.03598099117448,7.269797670938583e-14
139.1304347826087,1.2352608010398368e-13
139.22501699524133,2.1152108142642412e-13
139.31972789115645,3.583029912471179e-13
139.4145677331518,5.886266482292596e-13
139.50953678474113,9.333459441262395e-13
139.60463531015677,1.4325317947888358e-12
139.69986357435198,2.1396065732411758e-12
139.79522184300342,3.13334354217775e-12
139.89071038251367,4.530566047174167e-12
139.98632946001365,6.514520388835233e-12
140.08207934336525,9.394046225777401e-12
140.17796030116358,1.3632980481342452e-11
140.27397260273972,1.9819586016404138e-11
140.37011651816314,2.8644504542706223e-11
140.46639231824417,4.0878822571766675e-11
140.56280027453673,5.733413433130085e-11
140.65934065934067,7.900252725614237e-11
140.75601374570448,1.0742504496706648e-10
140.85281980742778,1.4492836258809919e-10
140.949759119064,1.946208836534817e-10
141.04683195592284,2.603996062023938e-10
141.14403859407307,3.470833432150081e-10
141.24137931034483,4.6077196003005064e-10
141.33885438233264,6.090488102199976e-10
141.4364640883978,8.004816440597304e-10
141.53420870767104,1.0443877726127953e-09
141.6320885200553,1.3519226326605153e-09
141.73010380622836,1.7374592523483621e-09
141.8282548476454,2.2190372892781037e-09
141.92654192654192,2.819084933757268e-09
142.0249653259362,3.5666639414874183e-09
142.1235253296322,4.498267044396276e-09
142.22222222222223,5.655481069815439e-09
142.32105628908963,7.0842315106999494e-09
142.42002781641168,8.83767517526101e-09
142.51913709116212,1.0979038334275371e-08
142.6183844011142,1.3580517379035118e-08
142.7177700348432,1.6720496317320965e-08
142.81729428172943,2.04899286684238e-08
142.91695743196092,2.5003418594107122e-08
143.0167597765363,3.039634136560455e-08
143.11670160726763,3.681887132847788e-08
143.21678321678323,4.4449761475634964e-08
143.31700489853043,5.351648236008202e-08
143.4173669467787,6.429404048825797e-08
143.5178696566223,7.709413745661247e-08
143.61851332398317,9.22804722483364e-08
143.71929824561403,1.1029336477476127e-07
143.8202247191011,1.3165724393179287e-07
143.92129304286718,1.569976121349835e-07
144.0225035161744,1.870541772329029e-07
144.12385643912737,2.226917571544739e-07
144.22535211267606,2.649769119815316e-07
144.32699083861874,3.1525559625707677e-07
144.42877291960508,3.751559992207659e-07
144.530698659139,4.466638190023496e-07
144.6327683615819,5.323453995051212e-07
144.73498233215545,6.354836089872947e-07
144.83734087694484,7.60059554817159e-07
144.9398443029016,9.110612627789747e-07
145.04249291784703,1.095086162576351e-06
145.14528703047483,1.3204226935173018e-06
145.24822695035462,1.597310767507191e-06
145.35131298793468,1.9393427513477083e-06
145.45454545454544,2.3639427693449664e-06
145.55792466240226,2.892090570628377e-06
145.66145092460883,3.551207481576741e-06
145.76512455516016,4.37750729828113e-06
145.86894586894587,5.413357770847191e-06
145.9729151817534,6.710383092285752e-06
146.07703281027102,8.33809860403477e-06
146.18129907209135,1.0378075226496759e-05
146.28571428571428,1.2920370054322014e-05
146.39027877055037,1.6085759676287706e-05
146.49499284692416,2.0022906160759414e-05
146.59985683607732,2.4879681109369077e-05
146.7048710601719,3.084268481867901e-05
146.8100358422939,3.8161078969285425e-05
146.91535150645623,4.704574553480447e-05
147.0208183776023,5.769618639704547e-05
147.1264367816092,7.046454051073744e-05
147.23220704529115,8.568753385161066e-05
147.33812949640287,0.00010350236405289138
147.4442044636429,0.0001242358257153373
147.55043227665706,0.00014846085920931342
147.6568132660418,0.00017637904396277044
147.76334776334778,0.00020813518844907573
147.87003610108303,0.0002444660424309474
147.97687861271675,0.0002856297073224794
148.08387563268258,0.0003307748856990511
148.19102749638205,0.00037935290365553713
148.29833454018825,0.00043113138090661605
148.40579710144928,0.00048565185925563667
148.51341551849166,0.0005440246957387301
148.6211901306241,0.0006069170583803124
148.72912127814087,0.0006693055332417329
148.8372093023256,0.0007257683705106015
148.94545454545454,0.000779103877015057
149.0538573508006,0.0008324614209570968
149.16241806263656,0.0008803537927877762
149.27113702623907,0.0009177699836294916
149.38001458789202,0.0009452112606325022
149.4890510948905,0.0009600570553647366
149.59824689554418,0.0009592211809332573
149.70760233918128,0.0009455738103579741
149.81711777615214,0.0009178018460213044
149.9267935578331,0.0008686504713563786
150.03663003663004,0.0007999044477189054
150.1466275659824,0.0007193255313751048
150.25678650036684,0.0006268445118282689
150.36710719530103,0.000521180698543953
150.47759000734754,0.00040900923736611504
150.58823529411762,0.0002998614300764372
150.69904341427517,0.00020285216935338337
150.8100147275405,0.00012652633860721365
150.92114959469419,7.75299228154013e-05
151.03244837758112,6.471136260961632e-05
151.1439114391144,0.00010109079762091208
151.25553914327915,0.0001994505784240581
151.3673318551367,0.0003673443570644538
151.47928994082838,0.0006008381851970241
151.59141376757958,0.0008949844893415011
151.7037037037037,0.0012779818596111066
151.81616011860638,0.0018166811254594726
151.92878338278933,0.00256705063095117
152.04157386785448,0.0035121094151186424
152.15453194650817,0.004528819174023338
152.26765799256503,0.005432273260820349
152.38095238095235,0.0061274595684809455
152.4944154877141,0.006773876870652173
152.6080476900149,0.0077944322529546394
152.72184936614468,0.009620895608759287
152.8358208955224,0.01224830067116948
152.9499626587005,0.01496047366805157
153.0642750373692,0.016630495485555775
153.1787584143605,0.016565797622359303
153.29341317365268,0.015367169536731605
153.40823970037454,0.01502528881828647
153.5232383808096,0.01772287315232742
153.6384096024006,0.023863982378927194
153.75375375375376,0.030948972019995594
153.86927122464311,0.034695782029674486
153.98496240601503,0.03220451619256606
154.10082768999246,0.02503208719557886
154.2168674698795,0.019330786338706146
154.33308214016577,0.02195885604263098
154.4494720965309,0.03476911563762748
154.56603773584905,0.051543811223034655
154.68277945619334,0.06114776820700561
154.79969765684052,0.05584776475903773
154.91679273827532,0.038567015263863795
155.0340651021953,0.02256490388086501
155.15151515151516,0.02248154635198255
155.2691432903715,0.04255722078136094
155.38694992412746,0.07146004715809758
155.50493545937738,0.0894463911410715
155.62310030395136,0.08338093267471744
155.74144486692012,0.05768890020502687
155.8599695585997,0.032038294348038635
155.97867479055597,0.026731085963331014
156.09756097560975,0.046828568782217195
156.21662852784135,0.07811230242798992
156.33587786259542,0.0985018579394958
156.45530939648586,0.09528822318665776
156.5749235474006,0.07407859217013758
156.69472073450652,0.05285200015689884
156.8147013782542,0.046899552905537586
156.93486590038313,0.05763892385065678
157.05521472392638,0.07409036969014694
157.17574827321565,0.08399612135422255
157.29646697388634,0.08362681242888909
157.4173712528824,0.07828406181574747
157.53846153846155,0.07507352320443127
157.65973826020013,0.07599676457613712
157.78120184899845,0.07759643371355021
157.9028527370856,0.07619967545239893
158.02469135802468,0.07243833138357048
158.14671814671814,0.07032821671693817
158.26893353941267,0.0726056858325629
158.39133797370457,0.0776899244856341
158.5139318885449,0.08118962244861307
158.63671572424477,0.08009244113551453
158.7596899224806,0.07534787123445287
158.88285492629947,0.0704558272285919
159.0062111801242,0.06800309540978908
159.12975912975912,0.06780778901738005
159.25349922239502,0.06792182929463939
159.37743190661476,0.06689890242109978
159.50155763239874,0.06498833135332963
159.62587685113016,0.06327989723618582
159.7503900156006,0.0621366365767428
159.87509758001562,0.06084905632434075
160.0,0.058643848600406695
160.12509773260362,0.05562399293558773
160.2503912363067,0.05260853291306232
160.37588097102582,0.05026614165890492
160.5015673981191,0.048581507937659904
160.62745098039213,0.04703700513235654
160.7535321821036,0.04519520493918778
160.87981146897093,0.04312078647039318
161.0062893081761,0.04114610416089461
161.13296616837135,0.03935721432563447
161.25984251968504,0.03760467845921223
161.38691883372735,0.03581612428731162
161.51419558359618,0.034048316850994284
161.64167324388316,0.03243728561364918
161.7693522906793,0.03111999692380184
161.89723320158103,0.030070882475914332
162.0253164556962,0.02916018422115498
162.15360253365006,0.028360526980793384
162.28209191759112,0.027740100287423988
162.41078509119745,0.027365484626972015
162.53968253968253,0.02726289912485003
162.66878474980143,0.027395566964897616
162.79809220985692,0.027742846056438793
162.92760540970565,0.02836610229461762
163.05732484076432,0.02930493652707621
163.18725099601593,0.030528892491401508
163.31738437001593,0.03200729927162583
163.44772545889865,0.03371808909402043
163.57827476038338,0.035651641603226036
163.709032773781,0.03779810203375955
163.84,0.040089323870237316
163.97117694155327,0.042472932268280555
164.1025641025641,0.044936158124852105
164.23416198877305,0.04737751227577253
164.3659711075441,0.04969596673686806
164.49799196787149,0.051868719354407136
164.63022508038586,0.05378456671732573
164.76267095736122,0.055322803079330615
164.89533011272144,0.05646376770374295
165.02820306204674,0.05712808906517736
165.16129032258064,0.05725680066711223
165.29459241323647,0.056893732191076206
165.4281098546042,0.05599420853111583
165.56184316895713,0.05451565948704254
165.6957928802589,0.05253682368635843
165.82995951417004,0.05009686690307657
165.9643435980551,0.047225213985939554
166.09894566098947,0.0440193696020442
166.23376623376623,0.04056312709205893
166.36880584890332,0.0369463818140768
166.5040650406504,0.033273018017051306
166.63954434499593,0.029607992976396845
166.77524429967426,0.02600873965893844
166.9111654441728,0.0225435463628385
167.047308319739,0.019276811938170064
167.18367346938777,0.01625865393994374
167.3202614379085,0.013510165240262178
167.45707277187245,0.0110431402707357
167.59410801963992,0.008874069747391276
167.7313677313677,0.007009299424187704
167.86885245901638,0.005437932128111795
168.00656275635768,0.004134176607644426
168.14449917898193,0.0030705804229344907
168.28266228430567,0.0022216353913753917
168.42105263157896,0.0015593414246597823
168.559670781893,0.0010595231024087954
168.6985172981878,0.0006964851843910877
168.83759274525966,0.00044136869147314874
168.97689768976898,0.00027259976020088
169.11643270024774,0.00017114160610423452
169.25619834710741,0.00011715811894456875
169.39619520264682,9.562385293038313e-05
169.53642384105962,9.633089779108923e-05
169.67688483844242,0.00011058205047044517
169.81757877280262,0.00012964783229447036
169.95850622406635,0.00014948729820620925
170.09966777408638,0.00016952751516682924
170.24106400665005,0.0001848486329827058
170.3826955074875,0.00019280063554220754
170.52456286427974,0.0001975801395876294
170.66666666666666,0.00019981586274601222
170.8090075062552,0.00019540285662193933
170.9515859766277,0.00018462280867444583
171.09440267335003,0.0001718672264783535
171.23745819397996,0.0001586531242655518
171.3807531380753,0.00014458960518430955
171.52428810720266,0.00013091133613981506
171.66806370494552,0.00011688481037859917
171.81208053691276,0.00010126224952871938
171.95633921074725,8.682279626134449e-05
172.10084033613444,7.508698088796374e-05
172.24558452481077,6.494162965684129e-05
172.3905723905724,5.592889483273433e-05
172.5358045492839,4.647347889620923e-05
172.681281618887,3.698005238105544e-05
172.82700421940928,3.0595956876482415e-05
172.97297297297297,2.6264996652539213e-05
173.11918850380385,2.14481625723018e-05
173.26565143824024,1.723613764855246e-05
173.41236240474177,1.4080827449812235e-05
173.55932203389833,1.1188111299084376e-05
173.70653095843934,9.097819236958907e-06
173.85398981324278,7.606184824916242e-06
174.0016992353441,6.029916322192781e-06
174.14965986394557,4.739534259019567e-06
174.2978723404255,3.808984991165612e-06
174.44633730834755,2.979774825110228e-06
174.59505541346974,2.3231360864479717e-06
174.74402730375425,1.8718423340173587e-06
174.8932536293766,1.551541622807101e-06
175.04273504273505,1.251508889274028e-06
175.1924721984602,1.0184613894012794e-06
175.34246575342465,9.229869362857757e-07
175.49271636675235,6.95479204550558e-07
175.6432246998285,3.97852677381874e-07
175.79399141630904,3.564353780739892e-07
175.94501718213058,3.414967890654981e-07
176.0963026655202,2.0516146714441596e-07
176.24784853700515,1.9418048313002352e-07
176.3996554694229,2.3473363402698206e-07
176.55172413793102,1.3137158813270704e-07
176.70405522001724,6.832402849926081e-08
176.85664939550952,8.83522385767054e-08
177.00950734658602,8.551202159655152e-08
177.16262975778545,6.735310209558969e-08
177.3160173160173,5.790470718302859e-08
177.46967071057193,5.63684055641887e-08
177.62359063313096,5.328300438273957e-08
177.77777777777777,2.5072498362419396e-08
177.93223284100782,7.874176386732878e-09
178.08695652173913,1.0028390681682131e-08
178.24194952132288,1.4443892029803459e-08
178.397212543554,8.033899899213626e-09
178.55274629468178,1.0631385534866496e-08
178.70855148342056,1.8570885945316908e-08
178.86462882096066,1.0199739978304396e-08
179.02097902097898,4.107936265305935e-09
179.17760279965006,1.1613748732622875e-08
179.33450087565674,6.873412788672384e-09
179.4916739702016,8.213694945170121e-10
179.64912280701753,2.6438936430720772e-11
179.80684811237927,3.004566153390194e-09
179.96485061511424,6.925720916259803e-09
180.12313104661388,1.8473063844655163e-08
180.28169014084506,9.316174029609163e-09
180.44052863436124,1.1027381181859081e-10
180.59964726631395,7.655958393813108e-10
180.75904677846424,2.6405465305067143e-09
180.91872791519435,2.054881964300302e-10
181.07869142351902,5.209660140486063e-09
181.23893805309734,1.541262112054963e-09
181.39946855624444,1.264433876527043e-09
181.56028368794324,7.315495919945257e-10
181.72138420585628,6.548487490733389e-09
181.88277087033748,2.108304097904757e-09
182.04444444444445,8.359766871799577e-10
182.20640569395016,3.6033691967496656e-09
182.3686553873553,2.125145856799297e-09
182.53119429590015,5.416049964815825e-11
182.69402319357712,1.6774848967759316e-09
182.85714285714286,2.206363123393119e-09
183.0205540661305,4.680449626235145e-09
183.18425760286226,1.1615214764567087e-08
183.34825425246197,1.0542655173179843e-08
183.51254480286738,6.487767237747659e-09
183.67713004484304,2.9534618246356365e-09
183.84201077199282,4.916884359467685e-10
184.00718778077265,1.7454006838345549e-09
184.1726618705036,5.389098229237653e-10
184.33843384338437,1.908925618811699e-10
184.5045045045045,2.465311612152264e-10
184.67087466185754,3.638179060261221e-09
184.83754512635377,5.582309615412117e-09
185.0045167118338,5.338853937942374e-10
185.17179023508135,4.996369592433547e-09
185.33936651583707,3.5779537736737602e-09
185.5072463768116,5.092087530909114e-09
185.675430643699,2.6360831856826716e-09
185.84392014519057,6.00598274692898e-10
186.01271571298818,2.28793919662263e-09
186.1818181818182,1.4863424220478455e-09
186.3512283894449,1.8698031689703758e-10
186.52094717668484,5.54135097941298e-09
186.69097538742025,8.047272287462556e-09
186.86131386861314,3.5905118605668092e-09
187.03196347031962,7.814141398338052e-10
187.20292504570384,1.3961318428624853e-09
187.37419945105214,1.5555018551401434e-09
187.54578754578753,9.20595402498287e-09
187.71769019248396,4.586264993070083e-09
187.88990825688072,1.9019900462254826e-09
188.06244260789717,5.670202300918403e-09
188.23529411764707,1.8035450025214604e-09
188.40846366145354,6.274691306752348e-09
188.5819521178637,3.8281616881140125e-09
188.75576036866357,2.624670658779261e-09
188.92988929889296,5.940367057642069e-09
189.10433979686056,5.828372544037689e-09
189.27911275415894,4.818736269445506e-10
189.45420906567992,1.9640202516842862e-09
189.62962962962962,6.942896042032252e-09
189.80537534754404,3.0792186160538308e-09
189.98144712430428,2.186615228830423e-09
190.15784586815226,3.0744328976984525e-09
190.3345724907063,4.5440051220832185e-09
190.51162790697674,2.412065909640931e-09
190.68901303538178,7.650920084828352e-09
190.8667287977633,2.0644921916506834e-09
191.044776119403,1.479722986446928e-09
191.22315592903828,2.0162019815095544e-09
191.4018691588785,1.772871926349419e-09
191.5809167446211,3.654240661299412e-09
191.76029962546815,1.132268472301289e-09
191.94001874414244,1.3304155584309748e-09
192.12007504690433,3.6754142724032844e-09
192.3004694835681,3.302805685862974e-09
192.48120300751881,9.540193386184458e-09
192.66227657572907,1.0736524682392276e-08
192.8436911487759,1.4253034312897396e-08
193.02544769085767,6.022402738717042e-09
193.2075471698113,7.704501091449442e-10
193.38999055712932,4.64158102249306e-09
193.57277882797732,1.4772463557413447e-09
193.75591296121098,5.044280186236013e-09
193.93939393939394,7.853665272633439e-09
194.12322274881518,3.4474497088042743e-09
194.30740037950665,7.102280113455759e-11
194.49192782526114,2.7454319682822106e-09
194.67680608365018,2.443464661840953e-09
194.86203615604185,5.078844883182636e-10
195.04761904761907,3.5530390063638857e-10
195.23355576739752,4.4381572340656094e-11
195.4198473282443,1.5550479723014729e-09
195.6064947468959,4.535055898030399e-09
195.79349904397705,3.957691891280124e-09
195.9808612440191,6.195499592793507e-09
196.1685823754789,6.923189438824134e-09
196.35666347075744,5.503032016303966e-09
196.5451055662188,9.994175412523283e-09
196.73390970220942,1.5445951094867224e-09
196.92307692307693,4.851931629292447e-10
197.1126082771896,7.94125515173959e-09
197.30250481695566,1.1630141246194741e-08
197.4927675988428,1.1350298136580296e-10
197.68339768339766,1.6325925042313316e-09
197.8743961352657,8.620124962070853e-10
198.06576402321085,1.1743417536770524e-09
198.25750242013552,3.301658287526065e-10
198.44961240310076,2.9506102886193275e-09
198.64209505334625,2.6027590871790044e-09
198.83495145631065,3.5414522639078206e-09
199.02818270165207,2.3207312984194536e-09
199.22178988326846,3.3611361752485606e-09
199.4157740993184,4.89258332400377e-10
199.61013645224173,4.2281485471901685e-09
199.8048780487805,4.9762633081597345e-09
200.0,3.4008346063509434e-09
200.19550342130987,9.96040800079852e-10
200.3913894324853,7.188069025128615e-10
200.58765915768853,3.6318205986069106e-10
200.78431372549022,2.1859109247826288e-09
200.9813542688911,3.750203329679523e-09
201.17878192534383,1.308769140189362e-09
201.37659783677483,4.928924230377085e-09
201.5748031496063,7.3527973562471795e-09
201.77339901477833,5.668460629597073e-10
201.9723865877712,1.981341788727871e-09
202.1717670286278,1.3891516367248047e-10
202.3715415019763,1.3801021809640067e-10
202.57171117705244,1.7947814916028402e-09
202.77227722772278,4.851640278125101e-09
202.97324083250743,5.199947746696908e-09
203.17460317460316,6.082326946845127e-10
203.37636544190661,4.570227184824232e-10
203.57852882703776,4.4648183275793354e-09
203.78109452736314,4.831345126886122e-09
203.98406374501994,5.510427860171424e-11
204.1874376869392,1.967744518929567e-09
204.39121756487026,1.6110088450855984e-09
204.5954045954046,1.2804836973656682e-09
204.79999999999998,7.679074182044403e-09
205.005005005005,4.786859489420752e-09
205.21042084168334,1.7746177644613798e-09
205.41624874623875,7.110175276930542e-09
205.62248995983938,6.742783766113528e-10
205.8291457286432,5.780022443788291e-09
206.03621730382292,2.7538809007540867e-09
206.24370594159112,7.662891522571649e-10
206.4516129032258,4.283445072425442e-10
206.65993945509584,1.1721375137741868e-09
206.86868686868684,2.9763685662896435e-09
207.07785642062692,2.172727521873253e-09
207.28744939271257,1.080818413681095e-09
207.49746707193518,2.5878525597449634e-09
207.7079107505071,3.0229069500159908e-09
207.9187817258883,3.6812646243164605e-09
208.130081300813,8.055283917447864e-10
208.34181078331636,1.275011810689061e-09
208.55397148676167,1.6298674877723944e-09
208.7665647298675,2.408775111446444e-09
208.9795918367347,2.0319351377143165e-09
209.19305413687437,8.259615782455242e-09
209.40695296523518,2.1726388058688457e-09
209.6212896622313,3.2863721770939775e-09
209.83606557377047,9.275433474050539e-10
210.05128205128204,2.4336959850609187e-09
210.26694045174537,4.778479169811868e-09
210.48304213771837,6.563858036916029e-09
210.69958847736626,1.828843020270173e-09
210.91658084449023,3.3118137231220236e-09
211.1340206185567,7.908932298643994e-10
211.3519091847265,1.128657877843151e-09
211.5702479338843,3.6749076610245347e-09
211.78903826266804,4.570686446245384e-09
212.00828157349895,2.961529613788425e-09
212.22797927461139,1.8438717761414548e-09
212.448132780083,5.632195562420454e-09
212.668743509865,2.440205875239665e-09
212.88981288981287,3.4664446418248064e-10
213.11134235171693,2.3767747870348275e-09
213.33333333333334,1.863675456982258e-09
213.555787278415,1.3274309496238455e-09
213.7787056367432,8.58792982057162e-10
214.00208986415882,1.6439112084995733e-09
214.22594142259413,3.1190484652923144e-09
214.4502617801047,1.565964924036848e-09
214.67505241090146,1.1352697875277222e-09
214.900314795383,7.930885685151043e-09
215.12605042016807,4.626755071672751e-09
215.35226077812828,1.694175910685901e-09
215.57894736842104,4.841942206460535e-09
215.80611169652263,4.699008981749259e-10
216.03375527426158,9.947883725179965e-10
216.26187961985215,3.105489307933407e-09
216.49048625792813,9.23302706260604e-10
216.7195767195767,4.573865039034989e-09
216.9491525423729,3.986324778779723e-09
217.17921527041358,1.390936649703968e-10
217.40976645435242,2.306445965202524e-09
217.64080765143464,4.928233826587486e-09
217.87234042553192,8.865457284187737e-10
218.10436634717786,8.67401308261445e-10
218.33688699360337,5.882380782433168e-09
218.5699039487727,1.9635730573115365e-09
218.80341880341882,3.2529459192545907e-10
219.0374331550802,4.236836278679718e-10
219.27194860813702,1.5549578842643057e-09
219.5069667738478,1.9289271502769046e-10
219.74248927038627,7.209235855321669e-10
219.97851772287862,5.764017000130346e-10
220.21505376344086,7.825911280591442e-10
220.45209903121636,1.8802229114587945e-09
220.68965517241378,1.5223266519966068e-09
220.92772384034518,2.9201487961245858e-09
221.16630669546436,4.7344194512301095e-09
221.4054054054054,5.6352299786487056e-11
221.64502164502164,1.2361068388415066e-09
221.88515709642468,2.508527805330692e-09
222.12581344902384,7.455879324431278e-10
222.36699239956567,4.1947097565630965e-09
222.6086956521739,1.0915596936234424e-08
222.85092491838955,7.7582064979744e-09
223.09368191721134,5.314059793727256e-09
223.3369683751363,8.812499212522527e-09
223.58078602620085,3.2548482623198756e-08
223.82513661202185,3.3965229702543966e-08
224.07002188183807,2.835312347911449e-08
224.31544359255204,4.691663102007952e-08
224.56140350877192,7.70118876200591e-08
224.80790340285398,1.1197457233803848e-07
225.05494505494505,1.858714694444099e-07
225.30253025302528,2.751229758149122e-07
225.55066079295153,3.502327094927603e-07
225.79933847850054,4.737247498341986e-07
226.0485651214128,6.40273735039873e-07
226.29834254143645,8.475974842358829e-07
226.54867256637166,1.2105521651769635e-06
226.79955703211516,1.7207811878668945e-06
227.0509977827051,2.3181546769664955e-06
227.30299667036624,3.1450085402451928e-06
227.55555555555554,4.4378027315808875e-06
227.80867630700777,6.294849262821791e-06
228.06236080178175,8.747672037792314e-06
228.31661092530658,1.188523521858616e-05
228.57142857142856,1.5970180875920888e-05
228.82681564245812,2.1746274562295027e-05
229.082774049217,3.0348646520109904e-05
229.33930571108624,4.192645897719734e-05
229.59641255605382,5.637370380222415e-05
229.8540965207632,7.534192830519729e-05
230.1123595505618,0.00010105273513726806
230.37120359955006,0.00013569326014735208
230.6306306306306,0.00018169819739047183
230.89064261555805,0.00024251271309000836
231.1512415349887,0.000324080641456509
231.41242937853107,0.00043230153029235203
231.67420814479635,0.0005731724737397587
231.9365798414496,0.0007538350775999924
232.19954648526078,0.00098570741414189
232.46311010215663,0.0012936625210895004
232.7272727272727,0.0016985320100137305
232.9920364050057,0.002210826225603947
233.25740318906605,0.002866893484700426
233.52337514253134,0.0037178224376793966
233.78995433789953,0.004807208412604967
234.05714285714288,0.006190098938457496
234.32494279176203,0.007940615000128206
234.59335624284074,0.010171419749970694
234.8623853211009,0.013005807676139397
235.13203214695753,0.016561794404873
235.4022988505747,0.021031091984137076
235.67318757192174,0.026646075877702444
235.9447004608295,0.03366487255945433
236.2168396770473,0.04242937469277873
236.48960739030022,0.053319811841374645
236.76300578034682,0.06681158340610495
237.03703703703707,0.08347744458554728
237.3117033603708,0.10401005855015401
237.58700696055683,0.12930385634731761
237.862950058072,0.1602064735552091
238.13953488372093,0.19778212924454994
238.41676367869616,0.2435225780201423
238.69463869463866,0.2988029260838749
238.97316219369893,0.3652604829412065
239.25233644859816,0.44491738965910893
239.53216374269007,0.5397700221772698
239.81264637002343,0.6522325031071011
240.0937866354044,0.7846462787053741
240.37558685446012,0.9394575373507804
240.65804935370153,1.1196425319935126
240.94117647058823,1.3274549716246737
241.2249705535924,1.5652316016332857
241.50943396226415,1.8351877942085113
241.79456906729635,2.138426768922248
242.080378250591,2.4762604859899415
242.3668639053254,2.8480672055454277
242.65402843601896,3.2519943213175098
242.94187425860022,3.6866146585021475
243.23040380047507,4.146204565560326
243.51961950059456,4.623655771606235
243.80952380952382,5.112189802253746
244.1001191895113,5.60040661007856
244.39140811455846,6.075801708780918
244.68339307048984,6.524541490604053
244.97607655502392,6.931298820971581
245.2694610778443,7.281605018443638
245.56354916067144,7.557445983731961
245.85834333733493,7.745045910302138
246.15384615384616,7.835343053324942
246.4500601684717,7.816534674285946
246.7469879518072,7.685904036050545
247.04463208685164,7.447269351218626
247.34299516908212,7.107572912950326
247.6420798065296,6.684694231901714
247.9418886198547,6.199051103674685
248.24242424242422,5.680499757683725
248.54368932038832,5.167259049808741
248.8456865127582,4.6914416470565765
249.14841849148416,4.291869941958927
249.45188794153472,4.005610484398373
249.75609756097558,3.857611530533112
250.06105006105005,3.8692086096270564
250.36674816625916,4.046427310371218
250.6731946144431,4.385573029775641
250.98039215686276,4.871603692071722
251.2883435582822,5.4672290112757365
251.5970515970516,6.134820715413571
251.90651906519062,6.8330936160731985
252.21674876847288,7.516225746401225
252.52774352651045,8.154093760857165
252.8395061728395,8.729687029318937
253.15203955500616,9.25140861459094
253.46534653465346,9.749908796718442
253.7794299876084,10.266922283251535
254.09429280397023,10.878796195237353
254.40993788819875,11.669926244188488
254.726368159204,12.705890878118412
255.04358655043586,14.068913454199937
255.36159600997507,15.823501098463032
255.6803995006242,17.966673397492706
255.99999999999997,20.473691518593238
256.3204005006258,23.276217738677744
256.64160401002505,26.212427638008823
256.9636135508155,29.097292293611833
257.286432160804,31.73271285038988
257.61006289308176,33.91216633565592
257.9345088161209,35.5089013718493
258.2597730138714,36.460094703826584
258.5858585858586,36.84607667568287
258.91276864728195,36.94300899590503
259.24050632911394,36.88332228322277
259.5690747782003,36.55163239224884
259.8984771573604,35.95625431748848
260.22871664548916,35.324877428635375
260.55979643765903,34.91205517217447
260.89171974522293,34.903747420566894
261.2244897959184,35.37728484106322
261.5581098339719,36.35088871800736
261.89258312020456,37.789949750966336
262.2279129321382,39.46612195974864
262.56410256410254,41.0934338384893
262.9011553273428,42.52139330451575
263.2390745501285,43.429999388056885
263.5778635778636,43.450149237558065
263.91752577319585,42.95698921411054
264.258064516129,42.77779522401204
264.59948320413434,43.1000014205821
264.9417852522639,43.54046435008222
265.2849740932642,43.872957116006944
265.6290531776913,44.029494701628565
265.974025974026,43.87755542246433
266.3198959687906,43.32860514021715
266.66666666666663,42.36652717377947
267.01434159061273,41.00505685085161
267.3629242819843,39.299543853930544
267.7124183006536,37.31960091167129
268.0628272251309,35.235428517546666
268.41415465268676,33.33377574922886
268.76640419947506,31.72913550885585
269.119579500657,30.272362542321595
269.47368421052636,28.916020548487797
269.82872200263506,27.815032098394877
270.1846965699208,27.00458878638092
270.5416116248349,26.384898450328105
270.8994708994709,25.92571188340455
271.25827814569533,25.616475462231637
271.6180371352785,25.384114175574894
271.97875166002655,25.194067153124966
272.3404255319149,25.055686854633795
272.70306258322233,24.930947332982644
273.06666666666666,24.765923547908717
273.4312416555407,24.558961627664488
273.7967914438503,24.41804706258196
274.1633199464525,24.517625788858954
274.5308310991957,24.85403759441411
274.8993288590604,25.219526973008865
275.26881720430106,25.48528463120889
275.6393001345895,25.624913360563536
276.010781671159,25.56341952751431
276.3832658569501,25.243298048704386
276.7567567567567,24.661658179318604
277.1312584573748,23.802828882251685
277.50677506775065,22.66337483590899
277.88331071913166,21.26832295681739
278.2608695652174,19.650623565518156
278.6394557823129,17.862319447229137
279.01907356948226,15.962321285824803
279.39972714870396,14.010249862721762
279.78142076502735,12.075380780722513
280.1641586867305,10.213495084163883
280.54794520547944,8.466844115638288
280.93278463648835,6.878105714181905
281.31868131868134,5.471435665329624
281.70563961485556,4.254175351376915
282.0936639118457,3.232202596916849
282.48275862068965,2.3987934121534105
282.8729281767956,1.7358567288859275
283.2641770401106,1.226216633242866
283.6565096952908,0.8485517496962893
284.0499306518724,0.5780278953137997
284.44444444444446,0.3938122406588848
284.84005563282335,0.27650824538212126
285.2367688022284,0.20757829414956683
285.63458856345886,0.17258031004359328
286.0335195530726,0.15986004070702647
286.43356643356645,0.1598950472045976
286.8347338935574,0.16607646265357814
287.23702664796633,0.17381293700454778
287.6404494382022,0.18008316178062955
288.0450070323488,0.18333922001015773
288.4507042253521,0.1829029578413301
288.85754583921016,0.17872006877808688
289.2655367231638,0.17123085873599186
289.6746817538897,0.16110809972731796
290.08498583569406,0.1490501362968856
290.49645390070924,0.13577305186807606
290.9090909090909,0.12202668962473055
291.32290184921766,0.10830608017736032
291.73789173789174,0.0949223594326531
292.15406562054204,0.08232285271910043
292.57142857142856,0.07076405706741389
292.9899856938483,0.060225267756646966
293.4097421203438,0.05081999159484353
293.83070301291247,0.04259289071348559
294.2528735632184,0.03537693045741004
294.67625899280574,0.029161217142106236
295.1008645533141,0.0239440791510473
295.52669552669556,0.019523456451952286
295.9537572254335,0.015796991704296645
296.3820549927641,0.01274290844122021
296.81159420289856,0.010219348892481042
297.2423802612482,0.00812942895487354
297.6744186046512,0.006450687307331332
298.1077147016012,0.005096599560475671
298.54227405247815,0.003995936815514092
298.978102189781,0.003127338350251057
299.41520467836256,0.002438770827895389
299.8535871156662,0.0018859722410960356
300.2932551319648,0.001456454464612866
300.73421439060206,0.0011214816577900326
301.17647058823525,0.0008549796458527022
301.620029455081,0.0006512624673246376
302.06489675516224,0.0004964396932100857
302.5110782865583,0.0003745454054351372
302.95857988165676,0.00028119567206585526
303.4074074074074,0.00021116485208158792
303.85756676557867,0.00015780302935728348
304.30906389301634,0.00011782584836917754
304.7619047619047,8.744217587128301e-05
305.2160953800298,6.407583618013552e-05
305.6716417910448,4.7236721423066434e-05
306.1285500747384,3.4777183777861706e-05
306.58682634730536,2.4875918518665253e-05
307.0464767616192,1.785392115928364e-05
307.5075075075075,1.3233286521453892e-05
307.96992481203006,9.669944793935146e-06
308.433734939759,6.831648516933248e-06
308.8989441930618,4.88301303141015e-06
309.3655589123867,3.5530911138549364e-06
309.83358547655064,2.505116805941995e-06
310.3030303030303,1.7166169204453966e-06
310.7738998482549,1.226968381327702e-06
311.2462006079027,8.942990796109323e-07
311.7199391171994,6.087050119881778e-07
312.1951219512195,4.1507799260000077e-07
312.67175572519085,2.938998933286616e-07
313.1498470948012,1.8978435330440584e-07
313.6294027565084,1.3250192749718526e-07
314.11042944785277,1.1044958666197545e-07
314.5929339477727,6.425554117270248e-08
315.0769230769231,2.9765647564568837e-08
315.5624036979969,2.9657725630760794e-08
316.04938271604937,3.0653685805936517e-08
316.53786707882534,1.2008012442510591e-08
317.0278637770898,3.0816140997369447e-09
317.5193798449612,3.4696459975184514e-09
318.0124223602484,4.357633383625295e-09
318.50699844479004,4.406199702939238e-09
319.0031152647975,4.193872281411839e-09
319.5007800312012,1.2197356258336016e-09
320.0,1.7980575494833328e-09
320.5007824726134,1.018159687274529e-09
321.0031347962382,3.293599120408735e-10
321.5070643642072,4.3145856731215975e-10
322.0125786163522,7.943913813091659e-11
322.5196850393701,1.6361541594274237e-10
323.02839116719235,1.7858098529181104e-09
323.5387045813586,7.901078559273317e-10
324.0506329113924,8.248355215811148e-10
324.56418383518223,1.2937115887809862e-10
325.07936507936506,7.175853670416208e-10
325.59618441971384,1.075823636506658e-09
326.11464968152865,6.354723569192281e-10
326.63476874003186,4.6062583120214585e-10
327.15654952076676,8.829034809565463e-11
327.68,5.509731893793536e-10
328.2051282051282,1.4037557038216646e-10
328.7319422150882,8.091306137260682e-10
329.2604501607717,1.097788484664471e-09
329.7906602254429,3.1959975668460637e-10
330.3225806451613,9.51145462545769e-10
330.8562197092084,2.7782861014417647e-10
331.3915857605178,2.591074961870476e-10
331.9286871961102,7.566300603732998e-10
332.46753246753246,3.004586862572796e-10
333.0081300813008,1.1726137402424426e-09
333.5504885993485,6.580063396563134e-11
334.094616639478,1.694589975826153e-10
334.640522875817,1.4415116175299658e-09
335.18821603927984,1.5509134199672926e-09
335.73770491803276,1.9561614821587557e-09
336.28899835796386,5.860452067655168e-10
336.8421052631579,1.552887461826357e-10
337.3970345963756,2.5880038640847185e-10
337.95379537953795,3.154199295865189e-10
338.51239669421483,9.073130054532703e-11
339.07284768211923,3.3962931271104503e-10
339.63515754560524,4.9051137186174844e-11
340.19933554817277,4.07999772427281e-10
340.765391014975,8.679750994589916e-10
341.3333333333333,1.1360404111846909e-10
341.9031719532554,1.653153321268315e-09
342.4749163879599,2.112176440437249e-10
343.04857621440533,1.670044183814225e-11
343.6241610738255,2.000530532577773e-10
344.2016806722689,2.052851054434961e-10
344.7811447811448,7.030109002632122e-10
345.362563237774,8.312257373166265e-11
345.94594594594594,7.772990035935476e-10
346.5313028764805,9.478133682373057e-11
347.11864406779665,5.471903984960419e-10
347.70797962648555,3.7287142493386863e-10
348.29931972789115,7.311083065790814e-11
348.8926746166951,4.887121900018452e-10
349.4880546075085,6.006648841458907e-13
350.0854700854701,4.3410309789979415e-10
350.6849315068493,9.76404519525956e-10
351.286449399657,9.803423027605163e-11
351.89003436426117,2.4151132340312693e-10
352.4956970740103,1.2101469869294047e-09
353.10344827586204,2.8691001340340663e-09
353.71329879101904,7.38248026633781e-11
354.3252595155709,3.416488921628273e-10
354.93934142114387,4.095498634644205e-11
355.55555555555554,6.681451534194246e-10
356.17391304347825,3.728109167887516e-10
356.794425087108,2.4623545358346286e-10
357.4171029668411,3.2159280058467094e-10
358.04195804195797,6.810302048383109e-11
358.6690017513135,1.1968202738662204e-09
359.29824561403507,2.7210729744212725e-10
359.9297012302285,1.1223139647581629e-10
360.5633802816901,3.9331222214140876e-10
361.1992945326279,4.745676946709261e-10
361.8374558303887,3.742666518618562e-11
362.4778761061947,7.812362717467142e-10
363.1205673758865,4.830040285726566e-10
363.76554174067496,3.2423854143096706e-11
364.4128113879003,1.104772624498839e-09
365.0623885918003,1.012009310275052e-09
365.7142857142857,1.5537313009987096e-10
366.3685152057245,1.1435204843579287e-09
367.02508960573476,2.832584904691497e-10
367.68402154398564,1.8904197266538257e-11
368.3453237410072,5.530375462382659e-10
369.009009009009,2.1518604462618697e-10
369.67509025270755,2.636130539867582e-10
370.3435804701627,5.846248425934467e-10
371.0144927536232,1.2089059693984488e-09
371.68784029038113,1.9619010153260937e-10
372.3636363636364,2.380414246449693e-11
373.0418943533697,3.79590667408456e-10
373.7226277372263,1.330615016307357e-09
374.4058500914077,8.259179066087822e-10
375.09157509157507,6.64664187840108e-11
375.77981651376143,4.121626218283626e-10
376.47058823529414,1.0114776471252545e-09
377.1639042357274,1.7840864637812885e-10
377.8597785977859,1.9930910636250365e-10
378.5582255083179,1.0802337635225255e-10
379.25925925925924,5.346187419201354e-10
379.96289424860856,6.204203035538597e-11
380.6691449814126,6.399322299339923e-10
381.37802607076355,5.832756272226694e-10
382.089552238806,1.6462111612641007e-10
382.803738317757,2.1131611355857465e-10
383.5205992509363,7.030146264846716e-10
384.24015009380867,1.8833665362470918e-10
384.96240601503763,1.8258506791340414e-09
385.6873822975518,9.879539293081147e-10
386.4150943396226,1.5699073031063425e-10
387.14555765595463,1.2210031869590993e-10
387.8787878787879,8.827165174989238e-11
388.6148007590133,6.161489433795751e-10
389.35361216730035,5.011041096780825e-10
390.09523809523813,1.150017850184234e-09
390.8396946564886,1.0197981387026497e-10
391.5869980879541,6.107290390468148e-10
392.3371647509578,5.804587553224727e-10
393.0902111324376,4.911465075108052e-10
393.84615384615387,2.80587229941469e-11
394.6050096339113,3.231937388690832e-11
395.3667953667953,1.5882855479565732e-10
396.1315280464217,1.103640303309918e-10
396.8992248062015,4.4560917238589717e-10
397.6699029126213,1.681586682343552e-09
398.4435797665369,5.561449880006937e-10
399.22027290448347,6.916461902709207e-10
400.0,1.0072779249803948e-10
400.7827788649706,4.984040755109831e-10
401.56862745098044,4.3947537280428783e-10
402.35756385068765,8.841919531517821e-10
403.1496062992126,2.8586880205765003e-10
403.9447731755424,7.778930478239798e-10
404.7430830039526,5.155018090222157e-10
405.54455445544556,2.8474294699627745e-10
406.3492063492063,1.175728972628532e-10
407.1570576540755,2.2278500932198775e-10
407.9681274900399,4.086691194861867e-11
408.7824351297405,2.174345962603003e-10
409.59999999999997,1.1245972441190917e-11
410.4208416833667,2.195960399325874e-11
411.24497991967877,3.001428619938952e-12
412.07243460764585,5.003129511084063e-10
412.9032258064516,1.4701985881883112e-09
413.7373737373737,4.205100379853997e-10
414.57489878542515,2.0071660280397992e-10
415.4158215010142,3.2658978106384534e-13
416.260162601626,2.804914576819796e-10
417.10794297352334,6.375845295931062e-10
417.9591836734694,3.4741416245230934e-10
418.81390593047036,4.356447731310017e-10
419.67213114754094,2.621216002121732e-11
420.53388090349074,9.185612970992158e-10
421.3991769547325,7.400847571866031e-10
422.2680412371134,7.66608664482898e-11
423.1404958677686,1.8367978569145424e-10
424.0165631469979,5.901652368136418e-10
424.896265560166,5.616059888694122e-10
425.77962577962575,1.446467820913869e-10
426.6666666666667,4.3002328584029565e-10
427.5574112734864,4.55522778082113e-10
428.45188284518827,2.7190771874214746e-10
429.3501048218029,4.928581983100466e-12
430.25210084033614,9.541041483215956e-11
431.1578947368421,1.766390325121491e-10
432.06751054852316,3.209063737356048e-10
432.98097251585625,3.0190493352750805e-10
433.8983050847458,1.6442798964610198e-10
434.81953290870484,2.1672421619376732e-10
435.74468085106383,1.5314829194974682e-10
436.67377398720674,2.90461621723812e-10
437.60683760683764,6.143323252183059e-10
438.54389721627405,1.1532842119777777e-11
439.48497854077254,2.7323736704060156e-10
440.4301075268817,2.9437584926053537e-10
441.37931034482756,3.274410522547159e-10
442.3326133909287,7.307973963216291e-11
443.2900432900433,1.309643866482849e-10
444.2516268980477,3.2163102581721625e-11
445.2173913043478,2.599622202747393e-10
446.1873638344227,2.9636100121222627e-10
447.1615720524017,1.354176719034435e-10
448.14004376367615,2.429384334822968e-10
449.12280701754383,2.410130639474643e-10
450.1098901098901,9.139428115317242e-11
451.10132158590307,1.264158761890418e-10
452.0971302428256,4.234272919061021e-10
453.0973451327433,8.31593136384997e-11
454.1019955654102,7.460257609630654e-11
455.1111111111111,1.181886207287773e-10
456.1247216035635,6.883218457595373e-11
457.1428571428571,8.542543636569031e-10
458.165548098434,9.51279617938634e-10
459.19282511210764,5.881159747004483e-11
460.2247191011236,2.437304518682852e-10
461.2612612612612,5.861375246974305e-10
462.3024830699774,1.1068793249672277e-10
463.3484162895927,6.009281467526925e-10
464.39909297052156,1.1301804585401494e-09
465.4545454545454,1.6122920572745698e-10
466.5148063781321,4.4461172235018834e-10
467.57990867579906,3.1429019082352236e-13
468.64988558352405,3.545824672351887e-10
469.7247706422018,1.8554698268737987e-10
470.8045977011494,6.576447747704935e-10
471.889400921659,4.848731025420074e-11
472.97921478060044,6.418696571950344e-10
474.07407407407413,1.4906018148593092e-10
475.17401392111367,1.1778062275173747e-10
476.27906976744185,4.0734322331271813e-10
477.3892773892773,7.499614759194074e-10
478.5046728971963,7.273198598986218e-10
479.62529274004686,2.162265458622524e-10
480.75117370892025,1.5933023626598273e-10
481.88235294117646,6.065050257279382e-10
483.0188679245283,2.074021289325934e-10
484.160756501182,5.931227337949927e-11
485.3080568720379,7.700972391748909e-10
486.46080760095015,1.1964340695604107e-09
487.61904761904765,3.2715500489086885e-11
488.7828162291169,1.1494734836063306e-09
489.95215311004785,1.6126657960528234e-09
491.1270983213429,2.890744230723578e-10
492.3076923076923,1.5683232141338558e-09
493.4939759036144,1.0306249102214826e-09
494.68599033816423,3.349676001458845e-10
495.8837772397094,4.573337029363998e-09
497.08737864077665,5.699589667451081e-10
498.29683698296833,2.6032558984903666e-10
499.51219512195115,6.793686375645131e-09
500.7334963325183,1.0191199451956979e-10
501.9607843137255,1.3392902080690124e-09
503.1941031941032,9.773760477882762e-09
504.43349753694577,1.19777986993966e-10
505.679012345679,2.46386471640665e-09
506.9306930693069,1.9974759072609876e-08
508.18858560794047,1.125089988375521e-09
509.452736318408,9.580083910318971e-09
510.72319201995015,2.3779932481107938e-08
511.99999999999994,3.0737654466628883e-09
513.2832080200501,2.20567251538985e-08
514.572864321608,3.016452257710403e-08
515.8690176322418,5.742057719568752e-09
517.1717171717172,4.5458746312591794e-08
518.4810126582279,4.6932454722356684e-08
519.7969543147208,1.5930659060195736e-08
521.1195928753181,1.01906674349897e-07
522.4489795918367,5.236482052083249e-08
523.7851662404091,4.022894266592073e-08
525.1282051282051,1.9115620492886598e-07
526.478149100257,6.65865306432728e-08
527.8350515463917,9.918452569803053e-08
529.1989664082687,3.7015738815280324e-07
530.5699481865284,6.956493156878357e-08
531.948051948052,2.545308627727308e-07
533.3333333333333,6.433535916835134e-07
534.7258485639686,5.070321363025344e-08
536.1256544502618,5.616542360449432e-07
537.5328083989501,1.1030812414845269e-06
538.9473684210527,1.3483202430794891e-08
540.3693931398416,1.2198784895369003e-06
541.7989417989418,1.6314078727256526e-06
543.236074270557,8.12882885237469e-09
544.6808510638298,2.4883097357935227e-06
546.1333333333333,2.3494158909187285e-06
547.5935828877006,1.464748941056011e-07
549.0616621983914,4.746712198297709e-06
550.5376344086021,3.045058031715886e-06
552.021563342318,6.644533756501305e-07
553.5135135135134,8.56234967000425e-06
555.0135501355013,3.809032395021858e-06
556.5217391304348,2.1953195057795417e-06
558.0381471389645,1.4657084303901376e-05
559.5628415300547,4.515915227534378e-06
561.0958904109589,6.210169169336255e-06
562.6373626373627,2.4010972082061874e-05
564.1873278236914,4.571761598668474e-06
565.7458563535912,1.5020450026796158e-05
567.3130193905816,3.811488123974808e-05
568.8888888888889,3.5815796558865675e-06
570.4735376044569,3.2026392981207805e-05
572.0670391061452,6.0596677749241705e-05
573.6694677871149,1.4390540396236076e-06
575.2808988764044,6.424718938077878e-05
576.9014084507043,9.188186493229e-05
578.5310734463276,6.066091520692013e-07
580.1699716713881,0.00012470662702839723
581.8181818181818,0.0001288365049941162
583.4757834757835,6.897209298428463e-06
585.1428571428571,0.00023982051319527097
586.8194842406876,0.0001618268633145338
588.5057471264367,3.2215640092405155e-05
590.2017291066282,0.00044378944307604996
591.907514450867,0.00018227722290006912
593.6231884057971,0.00010931788895199479
595.3488372093024,0.0007629383013543165
597.0845481049563,0.0001820325132999706
598.8304093567251,0.00031836411108323903
600.5865102639297,0.0012010471503878107
602.3529411764705,0.00015130515397243107
604.1297935103245,0.0008157610470355926
605.9171597633135,0.001743416630250469
607.7151335311573,7.699392810911278e-05
609.5238095238094,0.0018172835686939167
611.3432835820896,0.0023823776368443843
613.1736526946107,6.2634189447767065e-06
615.015015015015,0.0035622975584693956
616.867469879518,0.003036895290741248
618.7311178247734,0.00018241681917332073
620.6060606060606,0.006349499372770785
622.4924012158054,0.003438931705241783
624.390243902439,0.0011192061951285795
626.2996941896024,0.010615099474888172
628.2208588957055,0.0031540249028490096
630.1538461538462,0.0035860286954367106
632.0987654320987,0.016683734301704
634.0557275541796,0.0020699708101174497
636.0248447204968,0.008958434183662621
638.006230529595,0.023665610936087055
640.0,0.0009328575019227758
642.0062695924764,0.02067370099167298
644.0251572327044,0.028019549828734027
646.0567823343847,0.0007978861900513713
648.1012658227849,0.046425341728594686
650.1587301587301,0.02440460266525347
652.2292993630573,0.0011160552192926033
654.3130990415335,0.09771118152855036
656.4102564102564,0.012025561744469723
658.5209003215434,0.0009770610936333409
660.6451612903226,0.18076151655569656
662.7831715210356,0.006637705884901239
664.9350649350649,0.016160254851745964
667.100977198697,0.2761342425174946
669.281045751634,0.04959194062690623
671.4754098360655,0.13279254803149199
673.6842105263158,0.32706243304748156
675.9075907590759,0.2011124030290144
678.1456953642385,0.611105912517006
680.3986710963455,0.3044072626024523
682.6666666666666,0.5258165779593573
684.9498327759198,2.0014620364240634
687.248322147651,0.4751307951129368
689.5622895622896,1.2332004560489438
691.8918918918919,5.260457658223615
694.2372881355933,2.158539480491479
696.5986394557823,3.605638122531385
698.976109215017,12.047584065292803
701.3698630136986,9.06768270769648
703.7800687285223,12.375097170347175
706.2068965517241,25.170837071940866
708.6505190311418,28.608346740517952
711.1111111111111,41.045123590602444
713.588850174216,53.98884475550997
716.0839160839159,79.19007549513651
718.5964912280701,126.96333453817273
721.1267605633802,134.03776796955432
723.6749116607774,200.9932617521875
726.241134751773,332.6598703049933
728.8256227758006,330.6112128386328
731.4285714285714,454.19267664061834
734.0501792114695,746.9533876908181
736.6906474820144,815.1384067763677
739.3501805054151,1118.2103225751678
742.0289855072464,1748.154270530201
744.7272727272727,2049.0144818827707
747.4452554744526,2503.35192945682
750.1831501831501,3179.3047476669144
752.9411764705883,3655.5268504494265
755.7195571955718,4383.884214414311
758.5185185185185,4923.471880705172
761.3382899628252,6266.719412802645
764.179104477612,8921.399072623673
767.0411985018726,9728.946447073582
769.9248120300753,13738.260900777708
772.8301886792452,23679.333191769776
775.7575757575758,18789.055376983695
778.7072243346007,5375.791616572583
781.6793893129772,3262.2727787033205
784.6743295019156,7045.038453851645
787.6923076923077,9981.387184232102
790.7335907335906,11488.873947099952
793.798449612403,13779.407819376076
796.8871595330738,15075.279419473209
800.0,15301.12198832619
803.1372549019609,14543.610525145623
806.2992125984252,12742.400919768152
809.4861660079052,11446.773146319469
812.6984126984127,8694.242844723853
815.9362549800798,4919.3860024226415
819.1999999999999,6479.754635746398
822.4899598393575,17907.509927667812
825.8064516129032,21531.607550781664
829.1497975708503,12247.36998524442
832.520325203252,8255.10517443358
835.9183673469388,7320.106067759404
839.3442622950819,4595.6888960212855
842.798353909465,3114.862295975898
846.2809917355372,2720.580283575255
849.792531120332,1932.9000365850181
853.3333333333334,1420.60995865059
856.9037656903765,1142.0580192062575
860.5042016806723,831.3073485869584
864.1350210970463,603.0981687743015
867.7966101694916,372.73209115892746
871.4893617021277,226.21617196983817
875.2136752136753,168.75183020804508
878.9699570815451,81.87514385638354
882.7586206896551,47.392690929430756
886.5800865800866,52.32648263457174
890.4347826086956,20.783526830503742
894.3231441048034,8.681791646274558
898.2456140350877,15.671263032936608
902.2026431718061,5.246320025657187
906.1946902654867,0.9946167550056579
910.2222222222222,3.8798864041371504
914.2857142857142,1.2711808779473195
918.3856502242153,0.3444067934807114
922.5225225225224,0.8183212222239671
926.6968325791854,0.3453216129478037
930.9090909090908,0.39925672540326235
935.1598173515981,0.1513266786856493
939.4495412844036,0.13026693092334993
943.778801843318,0.30957411464285034
948.1481481481483,0.020625779096877548
952.5581395348837,0.09392698650726669
957.0093457943926,0.18860458413737066
961.5023474178405,0.0007092508574196861
966.0377358490566,0.08880331827125292
970.6161137440758,0.09937372555830214
975.2380952380953,0.0019120998143825182
979.9043062200957,0.0776002696441308
984.6153846153846,0.04642756095452732
989.3719806763285,0.006948428747044156
994.1747572815533,0.05961512425981447
999.0243902439023,0.018736664633930582
1003.921568627451,0.011166737345013866
1008.8669950738915,0.0408557626474347
1013.8613861386139,0.005964755288395405
1018.905472636816,0.012922553574131562
1023.9999999999999,0.02530128413813569
1029.145728643216,0.0011589647782733763
1034.3434343434344,0.012277701297209401
1039.5939086294416,0.014201565668834095
1044.8979591836735,7.563403399444402e-05
1050.2564102564102,0.010138039559834633
1055.6701030927834,0.007169949769265781
1061.139896373057,0.00033599070009032505
1066.6666666666665,0.007489279637728583
1072.2513089005236,0.0031927060255758136
1077.8947368421054,0.0007936568537437181
1083.5978835978835,0.005035037062644956
1089.3617021276596,0.001200914160069945
1095.1871657754011,0.0010388026275258743
1101.0752688172042,0.0031057664582066547
1107.0270270270269,0.00034676409333466444
1113.0434782608695,0.001031255073466485
1119.1256830601094,0.001766253460007946
1125.2747252747254,5.749140489420055e-05
1131.4917127071824,0.000864724055260278
1137.7777777777778,0.0009255109270685676
1144.1340782122904,2.176180196805974e-06
1150.5617977528088,0.0006433073136675781
1157.0621468926552,0.0004452098113469553
1163.6363636363635,1.7152906420071756e-05
1170.2857142857142,0.00043598151473920926
1177.0114942528735,0.00019450348483741195
1183.815028901734,3.700193614146871e-05
1190.6976744186047,0.000273594497844339
1197.6608187134502,7.581788650591228e-05
1204.705882352941,4.468726617608094e-05
1211.834319526627,0.00016090947409811535
1219.0476190476188,2.5347750313827626e-05
1226.3473053892214,4.173380240645416e-05
1233.734939759036,8.925672546934394e-05
1241.2121212121212,6.6211182031241844e-06
1248.780487804878,3.3428534236346614e-05
1256.441717791411,4.692974273371112e-05
1264.1975308641975,1.079222493449238e-06
1272.0496894409937,2.416703212575355e-05
1280.0,2.347663087991746e-05
1288.0503144654087,1.3681871622603964e-07
1296.2025316455697,1.628669129087862e-05
1304.4585987261146,1.1126605558568252e-05
1312.8205128205127,3.763713537427834e-07
1321.2903225806451,1.0322147712221698e-05
1329.8701298701299,4.982416530521463e-06
1338.562091503268,6.669342728214251e-07
1347.3684210526317,6.272333848914409e-06
1356.291390728477,2.057913086207392e-06
1365.3333333333333,7.629341761196172e-07
1374.496644295302,3.6395283577810443e-06
1383.7837837837837,7.688023426024347e-07
1393.1972789115646,7.076187267322139e-07
1402.7397260273972,2.004053110969339e-06
1412.4137931034481,2.486247285346086e-07
1422.2222222222222,5.634239030669225e-07
1432.1678321678319,1.0599436541479953e-06
1442.2535211267605,6.270784464655716e-08
1452.482269503546,4.062970675419444e-07
1462.857142857143,5.392479770277433e-07
1473.3812949640287,9.082735783386426e-09
1484.0579710144928,2.7467306885040665e-07
1494.890510948905,2.5595230173400407e-07
1505.8823529411766,1.8451705805063851e-09
1517.037037037037,1.7413517279214617e-07
1528.358208955224,1.1261977377447794e-07
1539.8496240601505,4.858438464354328e-09
1551.5151515151515,1.0066730443957103e-07
1563.3587786259543,4.7327169448087545e-08
1575.3846153846155,6.755493708655011e-09
1587.596899224806,5.780273580036382e-08
1600.0,1.680673886886121e-08
1612.5984251968505,6.1679302767706544e-09
1625.3968253968253,3.117818189322403e-08
1638.3999999999999,5.925282835213975e-09
1651.6129032258063,5.4171215031252295e-09
1665.040650406504,1.579847996271801e-08
1678.6885245901638,1.4399736542684346e-09
1692.5619834710744,3.263317909684114e-09
1706.6666666666667,7.763092569509268e-09
1721.0084033613446,4.257630532219348e-10
1735.5932203389832,2.252628871095062e-09
1750.4273504273506,4.075144945176732e-09
1765.5172413793102,3.4828272918301e-11
1780.8695652173913,1.3958212336975306e-09
1796.4912280701753,1.6385260006929001e-09
1812.3893805309733,2.4281707235360636e-11
1828.5714285714284,7.253134610745363e-10
1845.0450450450448,8.046960941525403e-10
1861.8181818181815,3.6443947400522374e-11
1878.8990825688072,3.592920198554354e-10
1896.2962962962965,3.9549762357993096e-10
1914.0186915887853,8.230671922093305e-11
1932.0754716981132,1.659208891551342e-10
1950.4761904761906,1.1710151741614043e-10
1969.2307692307693,3.084390305817941e-11
1988.3495145631066,8.054535225800147e-11
2007.843137254902,7.910671137994015e-11
2027.7227722772277,6.255922915141659e-11
2047.9999999999998,2.4342134246718154e-11
2068.686868686869,2.4165949979190224e-11
2089.795918367347,2.059068070199598e-11
2111.340206185567,2.00691800550746e-11
2133.333333333333,8.504625241191732e-12
2155.789473684211,2.8624195992981265e-11
2178.723404255319,1.8609752458314614e-12
2202.1505376344085,3.2831918157116367e-12
2226.086956521739,6.522689420197319e-12
2250.5494505494507,1.2294251028882614e-12
2275.5555555555557,1.9242517743612233e-12
2301.1235955056177,3.465338791987593e-12
2327.272727272727,2.3871940377862452e-12
2354.022988505747,5.394784662320094e-13
2381.3953488372094,3.789967693558708e-12
2409.411764705882,1.4612338365298188e-14
2438.0952380952376,4.15655532813562e-13
2467.469879518072,1.7053311624200499e-12
2497.560975609756,9.548600985153575e-13
2528.395061728395,1.1298571254652222e-12
2560.0,3.3907092176425157e-13
2592.4050632911394,2.75829078272926e-13
2625.6410256410254,4.361995630207462e-13
2659.7402597402597,1.2616574566227392e-12
2694.7368421052633,1.1869022871212153e-12
2730.6666666666665,9.008200573599038e-14
2767.5675675675675,4.898279787930701e-13
2805.4794520547944,2.7008724633863693e-14
2844.4444444444443,9.302433590713404e-13
2884.507042253521,1.3341925860028979e-12
2925.714285714286,1.1466573528034619e-12
2968.1159420289855,3.243661910509089e-13
3011.764705882353,4.99186632092328e-13
3056.716417910448,5.82030186143362e-13
3103.030303030303,5.144292590184288e-13
3150.769230769231,6.109621118810457e-13
3200.0,5.040924008395734e-14
3250.7936507936506,1.1807289533508293e-13
3303.2258064516127,2.9284681910192824e-15
3357.3770491803275,5.452343341401176e-14
3413.3333333333335,1.4027404985091895e-13
3471.1864406779664,3.8354869612053673e-13
3531.0344827586205,2.384124864090344e-13
3592.9824561403507,1.7372029184472563e-13
3657.142857142857,1.355944700531679e-13
3723.636363636363,1.0663413577054505e-13
3792.592592592593,2.812335589560633e-14
3864.1509433962265,1.120171404290935e-13
3938.4615384615386,7.494800856335159e-14
4015.686274509804,1.0302060501856626e-14
4095.9999999999995,1.08755361836981e-15
4179.591836734694,3.846244026164751e-15
4266.666666666666,8.963287231494578e-15
4357.446808510638,2.1336477777659273e-15
4452.173913043478,2.423273376165138e-16
4551.111111111111,2.339633652352533e-16
4654.545454545454,1.717717404213815e-17
4762.790697674419,1.9023285431051973e-17
4876.190476190475,1.8560705462538234e-17
4995.121951219512,7.990100141918221e-19
5120.0,4.177988566447768e-18
5251.282051282051,1.919925455551383e-18
5389.473684210527,1.2238908966965837e-19
5535.135135135135,5.340804455478828e-19
5688.888888888889,1.1048159438068593e-19
5851.428571428572,4.331050932468838e-21
6023.529411764706,2.0712835167850866e-20
6206.060606060606,7.731644459260426e-21
6400.0,5.268611281111017e-22
6606.451612903225,6.751146264212654e-22
6826.666666666667,7.933951214879451e-22
7062.068965517241,9.511010563070251e-23
7314.285714285714,2.1795737992370642e-22
7585.185185185186,1.0208701242086745e-22
7876.923076923077,2.2346964747784188e-23
