"Wavelength, nm",Intensity
136.44237175216523,3.417487417772902e-26
136.53333333333333,3.550728693517222e-26
136.62441627751835,4.302728008730252e-26
136.71562082777035,4.7192256927873084e-26
136.80694722778892,5.660928448934362e-26
136.89839572192514,7.266705345224691e-26
136.98996655518394,7.966413768659653e-26
137.08165997322624,1.08718500381998e-25
137.17347622237108,3.479360256492768e-26
137.26541554959786,1.0049181632573666e-24
137.35747820254863,6.1556101473072516e-24
137.4496644295302,3.851088475968672e-23
137.54197447951645,2.559555210455835e-22
137.63440860215053,1.1620145218490693e-21
137.72696704774717,5.319564901543836e-21
137.81965006729476,2.2761767238184353e-20
137.9124579124579,8.68755630478651e-20
138.0053908355795,3.0012958150314205e-19
138.09844908968307,9.00955314770219e-19
138.19163292847506,2.3252509499063656e-18
138.28494260634707,5.312891154613372e-18
138.37837837837836,1.1275096868754466e-17
138.47194050033806,2.2671979200478143e-17
138.5656292286874,4.242397023194662e-17
138.65944482058225,7.36503356302331e-17
138.75338753387533,1.1926563353064624e-16
138.84745762711862,1.750520458163368e-16
138.94165535956583,2.282657616388648e-16
139.03598099117448,2.7005570615221623e-16
139.1304347826087,2.8962177618457517e-16
139.22501699524133,2.684437094220842e-16
139.31972789115645,2.1298980844740797e-16
139.4145677331518,1.6155557414355523e-16
139.50953678474113,1.4794645235131465e-16
139.60463531015677,2.0817789436808016e-16
139.69986357435198,4.091427830262218e-16
139.79522184300342,8.39598420878974e-16
139.89071038251367,1.572426371315523e-15
139.98632946001365,2.6311675508949076e-15
140.08207934336525,3.989536348892766e-15
140.17796030116358,5.587639640647145e-15
140.27397260273972,7.413481486967467e-15
140.37011651816314,9.534376818234136e-15
140.46639231824417,1.171859072825491e-14
140.56280027453673,1.3215119826507516e-14
140.65934065934067,1.3522537101626132e-14
140.75601374570448,1.296576681678086e-14
140.85281980742778,1.1980898831594812e-14
140.949759119064,1.050990368086442e-14
141.04683195592284,8.42344269640022e-15
141.14403859407307,6.049902848068583e-15
141.24137931034483,3.9021624484895505e-15
141.33885438233264,2.1381307982866605e-15
141.4364640883978,8.000674722805421e-16
141.53420870767104,9.708320800577084e-17
141.6320885200553,7.326419529507504e-17
141.73010380622836,8.209587538906048e-16
141.8282548476454,2.39042856546547e-15
141.92654192654192,4.067975295680272e-15
142.0249653259362,5.1296971852757544e-15
142.1235253296322,5.717306760667422e-15
142.22222222222223,6.172250697007019e-15
142.32105628908963,7.005882798738406e-15
142.42002781641168,8.533614964374379e-15
142.51913709116212,1.0538041347917496e-14
142.6183844011142,1.3822803405569019e-14
142.7177700348432,1.833153651750194e-14
142.81729428172943,2.186152230671269e-14
142.91695743196092,2.6297428838172346e-14
143.0167597765363,3.4359185473801326e-14
143.11670160726763,4.3072598461637564e-14
143.21678321678323,5.040037360663157e-14
143.31700489853043,5.6354732512509584e-14
143.4173669467787,5.836498803357675e-14
143.5178696566223,5.4607833991763105e-14
143.61851332398317,4.259282979445265e-14
143.71929824561403,2.480938636235644e-14
143.8202247191011,8.888607136615459e-15
143.92129304286718,2.861452463946476e-15
144.0225035161744,1.7500186149187117e-14
144.12385643912737,5.508732510854606e-14
144.22535211267606,1.365290387747457e-13
144.32699083861874,2.6318940668477724e-13
144.42877291960508,4.211425472711717e-13
144.530698659139,7.25107070702789e-13
144.6327683615819,1.1031180214441157e-12
144.73498233215545,1.375429982780119e-12
144.83734087694484,2.0307262234449514e-12
144.9398443029016,3.012433892875681e-12
145.04249291784703,3.3877782208296653e-12
145.14528703047483,4.473960659568644e-12
145.24822695035462,7.326256774530908e-12
145.35131298793468,8.751755053297086e-12
145.45454545454544,1.0312392706071083e-11
145.55792466240226,1.8274878202407293e-11
145.66145092460883,2.4414905930896454e-11
145.76512455516016,2.503383856951747e-11
145.86894586894587,4.297270308849414e-11
145.9729151817534,6.687711829342461e-11
146.07703281027102,6.610691537002988e-11
146.18129907209135,9.995019814501421e-11
146.28571428571428,1.9706603298247866e-10
146.39027877055037,2.2550756046908378e-10
146.49499284692416,2.605418220692514e-10
146.59985683607732,4.897544014197622e-10
146.7048710601719,5.730504593034108e-10
146.8100358422939,4.5421674218004357e-10
146.91535150645623,7.701679371541441e-10
147.0208183776023,1.2168921526140911e-09
147.1264367816092,9.527263370739312e-10
147.23220704529115,1.4116633991070779e-09
147.33812949640287,3.758749793302811e-09
147.4442044636429,5.049885633779498e-09
147.55043227665706,5.2604389007550965e-09
147.6568132660418,8.953683741628971e-09
147.76334776334778,8.887585530597601e-09
147.87003610108303,1.1722630092259839e-08
147.97687861271675,1.8395116178324246e-08
148.08387563268258,2.8073643338350453e-08
148.19102749638205,3.998129127418958e-08
148.29833454018825,8.197819087785525e-08
148.40579710144928,9.971317706837791e-08
148.51341551849166,6.256176047173301e-08
148.6211901306241,6.399367317345053e-08
148.72912127814087,1.4725821957828687e-07
148.8372093023256,2.0596566619744427e-07
148.94545454545454,1.8520994391904822e-07
149.0538573508006,2.3463326029475568e-07
149.16241806263656,4.1730796154001774e-07
149.27113702623907,5.016011620449605e-07
149.38001458789202,5.044790031079797e-07
149.4890510948905,7.282344693925052e-07
149.59824689554418,1.1484868345911233e-06
149.70760233918128,1.3854246473156052e-06
149.81711777615214,1.507634352523649e-06
149.9267935578331,1.8901450250602896e-06
150.03663003663004,2.6017761017579037e-06
150.1466275659824,3.4806650850684994e-06
150.25678650036684,4.522763456835044e-06
150.36710719530103,5.768744434404759e-06
150.47759000734754,7.235951187537124e-06
150.58823529411762,9.146863464203887e-06
150.69904341427517,1.1650371682417762e-05
150.8100147275405,1.4490371534913004e-05
150.92114959469419,1.7642689050214203e-05
151.03244837758112,2.189536977784772e-05
151.1439114391144,2.764833788145047e-05
151.25553914327915,3.3944042681072265e-05
151.3673318551367,3.987238729308766e-05
151.47928994082838,4.5324435644598875e-05
151.59141376757958,4.97791224509326e-05
151.7037037037037,5.3273062372222163e-05
151.81616011860638,5.7317558313882675e-05
151.92878338278933,6.173923340237261e-05
152.04157386785448,6.466861970159386e-05
152.15453194650817,6.770004109217134e-05
152.26765799256503,7.488343150717723e-05
152.38095238095235,8.822116895725997e-05
152.4944154877141,0.00010986360406353167
152.6080476900149,0.000144061070481107
152.72184936614468,0.00019354386635805562
152.8358208955224,0.00025949705026817496
152.9499626587005,0.0003465282867891639
153.0642750373692,0.0004591722845640057
153.1787584143605,0.0005901367995984411
153.29341317365268,0.0007243108771770638
153.40823970037454,0.0008566053083066738
153.5232383808096,0.0009836666018376392
153.6384096024006,0.001086380256888475
153.75375375375376,0.0011505812856452164
153.86927122464311,0.0011807827828168192
153.98496240601503,0.001174542114669451
154.10082768999246,0.0011244245984986098
154.2168674698795,0.0010411932830877047
154.33308214016577,0.0009395033264775716
154.4494720965309,0.0008281974018907592
154.56603773584905,0.000721736602960617
154.68277945619334,0.0006278288987893892
154.79969765684052,0.0005391863050106598
154.91679273827532,0.00044749741507372896
155.0340651021953,0.0003486710638353305
155.15151515151516,0.00024879722403656836
155.2691432903715,0.00017266408670343303
155.38694992412746,0.00016616955949456832
155.50493545937738,0.00030178068164301317
155.62310030395136,0.0006645298239719232
155.74144486692012,0.001327328899218767
155.8599695585997,0.00234622813480702
155.97867479055597,0.003737732293608787
156.09756097560975,0.005443131605536211
156.21662852784135,0.007334420043101283
156.33587786259542,0.009232811268055342
156.45530939648586,0.010923010083275633
156.5749235474006,0.01221293456739524
156.69472073450652,0.013006121558843535
156.8147013782542,0.013304117282671066
156.93486590038313,0.013177817441273368
157.05521472392638,0.012791179271819681
157.17574827321565,0.01239941098318171
157.29646697388634,0.012234999623695626
157.4173712528824,0.01242232122535932
157.53846153846155,0.012988725162173
157.65973826020013,0.013841906301404383
157.78120184899845,0.014778358782784535
157.9028527370856,0.015600123783191677
158.02469135802468,0.016162528609949742
158.14671814671814,0.01638138469920218
158.26893353941267,0.016317749593336317
158.39133797370457,0.016154971850958932
158.5139318885449,0.016085872077328416
158.63671572424477,0.016286604409380824
158.7596899224806,0.016849168543995343
158.88285492629947,0.017740122382810662
159.0062111801242,0.01890710147965709
159.12975912975912,0.02023741663106113
159.25349922239502,0.021503947647745554
159.37743190661476,0.02261603693015068
159.50155763239874,0.02367071802541982
159.62587685113016,0.024689748838213735
159.7503900156006,0.025683184337454312
159.87509758001562,0.026795564179454414
160.0,0.028081074300930424
160.12509773260362,0.029433904105730123
160.2503912363067,0.030798160239734335
160.37588097102582,0.03214690490118012
160.5015673981191,0.033388260341465005
160.62745098039213,0.03448175486610756
160.7535321821036,0.03548735851515064
160.87981146897093,0.036456422067317924
161.0062893081761,0.03739170203547961
161.13296616837135,0.03829914265664568
161.25984251968504,0.039167343184803624
161.38691883372735,0.03990493618569327
161.51419558359618,0.04044372884935344
161.64167324388316,0.04082488171924421
161.7693522906793,0.04103526637823284
161.89723320158103,0.04098799064912649
162.0253164556962,0.0407074866754677
162.15360253365006,0.04025729469780301
162.28209191759112,0.03960749447359614
162.41078509119745,0.03870661440075911
162.53968253968253,0.037532879219021584
162.66878474980143,0.036113589419447416
162.79809220985692,0.03449844322473138
162.92760540970565,0.03269969660387805
163.05732484076432,0.03075850950876677
163.18725099601593,0.028725758808718107
163.31738437001593,0.02659727987994821
163.44772545889865,0.024419221568947592
163.57827476038338,0.022255568394585937
163.709032773781,0.020111507835263758
163.84,0.018036029080971242
163.97117694155327,0.016074090665244522
164.1025641025641,0.014209343902002255
164.23416198877305,0.012469637222682265
164.3659711075441,0.010876439583014217
164.49799196787149,0.009407088244262974
164.63022508038586,0.008089333219347258
164.76267095736122,0.006937656432228091
164.89533011272144,0.005904034277430279
165.02820306204674,0.0049812225322457574
165.16129032258064,0.004194453069801857
165.29459241323647,0.0035219557640495235
165.4281098546042,0.00293059777013391
165.56184316895713,0.0024242129824506883
165.6957928802589,0.002004718583742107
165.82995951417004,0.0016496407285679243
165.9643435980551,0.001348636718278022
166.09894566098947,0.0011009174975717658
166.23376623376623,0.0008941829170831654
166.36880584890332,0.0007224532826000926
166.5040650406504,0.0005829847616064994
166.63954434499593,0.0004656872135693454
166.77524429967426,0.000369748495449691
166.9111654441728,0.00029601626718832633
167.047308319739,0.00023608184228461043
167.18367346938777,0.00018604073411790037
167.3202614379085,0.00014614930697938003
167.45707277187245,0.00011465471990939614
167.59410801963992,8.991520082209574e-05
167.7313677313677,6.942367499101525e-05
167.86885245901638,5.302575727853964e-05
168.00656275635768,4.2039586479026654e-05
168.14449917898193,3.338137592517763e-05
168.28266228430567,2.4934515263040848e-05
168.42105263157896,1.850147760023954e-05
168.559670781893,1.4150156789444153e-05
168.6985172981878,1.0962589441235975e-05
168.83759274525966,8.671339758582265e-06
168.97689768976898,6.56747278666093e-06
169.11643270024774,4.748400838177289e-06
169.25619834710741,3.692847297552528e-06
169.39619520264682,2.8572906883301114e-06
169.53642384105962,1.9224117599003185e-06
169.67688483844242,1.3259704874958295e-06
169.81757877280262,1.1348109051278255e-06
169.95850622406635,9.696651847354994e-07
170.09966777408638,6.342531814767377e-07
170.24106400665005,3.8795371879940134e-07
170.3826955074875,3.4453287344173665e-07
170.52456286427974,3.2188994302536126e-07
170.66666666666666,2.2335690936722562e-07
170.8090075062552,1.7491398537251675e-07
170.9515859766277,1.383534357913554e-07
171.09440267335003,1.1258895740755668e-07
171.23745819397996,1.0096303522685202e-07
171.3807531380753,6.117104203930739e-08
171.52428810720266,3.6464000689494264e-08
171.66806370494552,4.1424652649258977e-08
171.81208053691276,2.4287208740971126e-08
171.95633921074725,8.556098743069497e-09
172.10084033613444,5.648218108695371e-09
172.24558452481077,7.282674627932518e-09
172.3905723905724,1.134304134758175e-08
172.5358045492839,1.4226931531042e-08
172.681281618887,5.932709903961631e-09
172.82700421940928,9.967119727408232e-09
172.97297297297297,2.3401317950758348e-09
173.11918850380385,8.149350711504631e-10
173.26565143824024,5.846886196049604e-09
173.41236240474177,4.2652031983245795e-09
173.55932203389833,9.911081186490846e-10
173.70653095843934,4.046459602536538e-10
173.85398981324278,2.864255014261209e-09
174.0016992353441,5.801056323642233e-09
174.14965986394557,3.2839893344493603e-09
174.2978723404255,5.845717293187372e-10
174.44633730834755,2.325478988806698e-09
174.59505541346974,3.798403582015954e-09
174.74402730375425,1.9584543116663164e-10
174.8932536293766,1.1562808128592788e-09
175.04273504273505,1.6654073718969774e-09
175.1924721984602,3.5660462851426696e-09
175.34246575342465,8.360828552786843e-09
175.49271636675235,1.495504106696657e-10
175.6432246998285,1.28112753060783e-08
175.79399141630904,7.82481756844551e-09
175.94501718213058,2.80772520051414e-09
176.0963026655202,3.08581815080639e-10
176.24784853700515,4.4019650866933985e-09
176.3996554694229,1.3439960329862041e-08
176.55172413793102,3.172461579129024e-09
176.70405522001724,5.584598004286667e-09
176.85664939550952,1.504489096846011e-09
177.00950734658602,2.6083873121490448e-08
177.16262975778545,1.1841432159687272e-08
177.3160173160173,2.90852213039736e-09
177.46967071057193,1.0035993124287637e-09
177.62359063313096,6.914886650264762e-09
177.77777777777777,3.2121180458966536e-09
177.93223284100782,3.180790568506866e-09
178.08695652173913,1.7021918599243156e-09
178.24194952132288,1.0192004437655162e-09
178.397212543554,3.0916915125863754e-09
178.55274629468178,6.9931177198325705e-09
178.70855148342056,3.409721314073534e-09
178.86462882096066,1.4911561325903219e-09
179.02097902097898,7.113488325808335e-10
179.17760279965006,8.240080400909294e-10
179.33450087565674,8.025716950878729e-10
179.4916739702016,2.2275087390900137e-09
179.64912280701753,3.3520771496043465e-09
179.80684811237927,6.502290752757365e-10
179.96485061511424,6.684736253335481e-10
180.12313104661388,2.094471648319129e-09
180.28169014084506,8.58184520765655e-10
180.44052863436124,3.1761790139704963e-09
180.59964726631395,1.7561025002727222e-09
180.75904677846424,2.287404494211182e-10
180.91872791519435,5.925145150987564e-10
181.07869142351902,8.328010926190342e-10
181.23893805309734,6.103520676995448e-09
181.39946855624444,1.693748199475032e-08
181.56028368794324,1.8341812258031445e-09
181.72138420585628,4.1401752566149954e-09
181.88277087033748,2.857956481218582e-13
182.04444444444445,6.21166222462614e-09
182.20640569395016,1.530378380387207e-09
182.3686553873553,2.543092910838173e-09
182.53119429590015,5.366372972790407e-09
182.69402319357712,1.5469409898136824e-09
182.85714285714286,4.859678294643961e-09
183.0205540661305,5.392932005943005e-09
183.18425760286226,4.507602629526868e-09
183.34825425246197,2.308144927889504e-10
183.51254480286738,5.154804361681267e-09
183.67713004484304,6.414967818698455e-10
183.84201077199282,9.017619216799064e-11
184.00718778077265,2.04944271608683e-09
184.1726618705036,3.4156123118785637e-09
184.33843384338437,5.706834105174438e-09
184.5045045045045,3.737641716310666e-09
184.67087466185754,2.1252141507090005e-09
184.83754512635377,3.196740835275986e-09
185.0045167118338,4.216695404870494e-09
185.17179023508135,3.785113996333387e-09
185.33936651583707,4.68090304945458e-09
185.5072463768116,4.446751906482034e-09
185.675430643699,2.1835148688217164e-09
185.84392014519057,1.1176977187422046e-09
186.01271571298818,4.432734945944882e-10
186.1818181818182,4.068266605485628e-09
186.3512283894449,1.0634095287947543e-09
186.52094717668484,3.4949279741092304e-10
186.69097538742025,2.147275010272868e-11
186.86131386861314,6.55798995883722e-10
187.03196347031962,4.199858543877061e-10
187.20292504570384,1.5832768946774457e-10
187.37419945105214,1.0583895420450307e-09
187.54578754578753,3.5129028906972702e-09
187.71769019248396,8.323168626021124e-10
187.88990825688072,3.5336510214702657e-09
188.06244260789717,4.883032755261942e-10
188.23529411764707,3.5869164780744123e-09
188.40846366145354,2.9324177618581037e-09
188.5819521178637,1.0048511539356503e-09
188.75576036866357,1.6517554652513132e-09
188.92988929889296,5.909537000235809e-09
189.10433979686056,3.4621078253376587e-09
189.27911275415894,4.895696944901519e-09
189.45420906567992,6.3951528398306e-09
189.62962962962962,5.926121334638551e-09
189.80537534754404,9.519528732956921e-09
189.98144712430428,3.3274620190337567e-10
190.15784586815226,3.440577155479121e-09
190.3345724907063,6.437091847048638e-09
190.51162790697674,1.9639768302466477e-09
190.68901303538178,2.629315227764539e-09
190.8667287977633,1.9157443925301434e-09
191.044776119403,2.5258974534811765e-09
191.22315592903828,1.9837075012907773e-09
191.4018691588785,8.485846590813036e-10
191.5809167446211,1.4913246013390859e-09
191.76029962546815,4.978685448709827e-09
191.94001874414244,1.0012349217282357e-08
192.12007504690433,8.362106604497273e-09
192.3004694835681,4.5635417159012925e-10
192.48120300751881,5.611605956293283e-10
192.66227657572907,2.288740947358258e-09
192.8436911487759,3.2752308128914724e-09
193.02544769085767,9.026261227963602e-10
193.2075471698113,1.493724070287562e-09
193.38999055712932,5.485950691204509e-09
193.57277882797732,6.702928860474657e-09
193.75591296121098,1.0165741508201153e-08
193.93939393939394,4.4224365272156235e-09
194.12322274881518,2.6169896088884866e-09
194.30740037950665,4.479321908351364e-09
194.49192782526114,3.276598619044178e-09
194.67680608365018,4.782781669086487e-09
194.86203615604185,4.149571951887343e-09
195.04761904761907,9.45042419643658e-09
195.23355576739752,3.853321690895614e-09
195.4198473282443,8.243687073154246e-09
195.6064947468959,4.928160931317405e-09
195.79349904397705,7.028872262449013e-10
195.9808612440191,1.2678907545991365e-09
196.1685823754789,4.354014678573513e-09
196.35666347075744,5.427437675647031e-10
196.5451055662188,1.4215776637197176e-09
196.73390970220942,2.6540240934018904e-09
196.92307692307693,2.1371106444239735e-09
197.1126082771896,4.682235672955207e-10
197.30250481695566,1.1636358030497455e-09
197.4927675988428,6.050327498849667e-09
197.68339768339766,3.598825905368799e-09
197.8743961352657,1.0868474863240648e-09
198.06576402321085,4.134199550822292e-09
198.25750242013552,3.545469687914165e-09
198.44961240310076,3.898071291490299e-09
198.64209505334625,5.520494717319356e-09
198.83495145631065,8.952007230301256e-10
199.02818270165207,2.7815507942025368e-09
199.22178988326846,5.27188833293021e-09
199.4157740993184,2.3945737703911236e-09
199.61013645224173,3.704558291209591e-09
199.8048780487805,2.070765421644876e-09
200.0,1.1090425135658234e-09
200.19550342130987,2.2815019239674163e-11
200.3913894324853,4.0897462644664786e-10
200.58765915768853,1.0719335293108647e-08
200.78431372549022,2.334353552526966e-09
200.9813542688911,4.6495052529596784e-09
201.17878192534383,5.103199573644626e-09
201.37659783677483,2.056385557617112e-09
201.5748031496063,2.497851125001119e-09
201.77339901477833,2.1399725064433346e-10
201.9723865877712,1.0023381196547635e-08
202.1717670286278,2.1021247469730137e-09
202.3715415019763,2.12854331051565e-10
202.57171117705244,1.587840801298605e-09
202.77227722772278,2.3012593910794492e-10
202.97324083250743,1.0167198865499105e-08
203.17460317460316,2.764019414622826e-09
203.37636544190661,6.048049136976535e-09
203.57852882703776,3.5839646834485162e-09
203.78109452736314,1.3430008536559353e-09
203.98406374501994,3.619593723311212e-10
204.1874376869392,1.1306046148479406e-09
204.39121756487026,1.4558760419568203e-10
204.5954045954046,3.808830182896887e-10
204.79999999999998,4.887057111231546e-10
205.005005005005,1.134383303017917e-09
205.21042084168334,1.2144994741195154e-09
205.41624874623875,5.52919238792118e-09
205.62248995983938,5.0136091772565555e-09
205.8291457286432,1.4760150274285257e-09
206.03621730382292,1.3196337556656893e-09
206.24370594159112,1.6287458346115193e-09
206.4516129032258,2.4162511066780497e-09
206.65993945509584,6.616624860290571e-09
206.86868686868684,2.120647129119593e-09
207.07785642062692,3.545575216752001e-09
207.28744939271257,7.024938143664974e-10
207.49746707193518,2.276728326198402e-09
207.7079107505071,4.081927445864942e-09
207.9187817258883,3.973054313777615e-09
208.130081300813,9.082218909379e-10
208.34181078331636,1.7583674409129768e-09
208.55397148676167,3.052052271404783e-09
208.7665647298675,1.2899892793874148e-09
208.9795918367347,5.519383500993592e-09
209.19305413687437,1.0131553246863167e-08
209.40695296523518,4.833591288235337e-09
209.6212896622313,1.420900381581904e-09
209.83606557377047,3.804501334970692e-09
210.05128205128204,1.3819665502323276e-09
210.26694045174537,3.637060858653338e-10
210.48304213771837,1.8621354563405927e-09
210.69958847736626,2.4226902444779744e-09
210.91658084449023,5.287679214536662e-10
211.1340206185567,1.3304695952403223e-10
211.3519091847265,3.946701432999577e-10
211.5702479338843,1.8072791580644803e-09
211.78903826266804,7.036919360603833e-09
212.00828157349895,2.3382484496009753e-09
212.22797927461139,3.6093125880802844e-10
212.448132780083,5.01540573162468e-10
212.668743509865,3.6536773046785043e-10
212.88981288981287,1.4314198918010418e-09
213.11134235171693,1.611681770636804e-10
213.33333333333334,9.833782627221353e-10
213.555787278415,2.7749214223984585e-09
213.7787056367432,8.606917856736887e-09
214.00208986415882,7.491322598493637e-09
214.22594142259413,1.963354036867809e-09
214.4502617801047,1.568232040099066e-11
214.67505241090146,1.8823019471010977e-10
214.900314795383,2.591413073038749e-10
215.12605042016807,8.76595252324156e-10
215.35226077812828,5.748604570365374e-09
215.57894736842104,6.800505770079258e-09
215.80611169652263,1.5611265037545266e-09
216.03375527426158,9.850168322250097e-10
216.26187961985215,5.0456039861353665e-09
216.49048625792813,3.7068300438863405e-09
216.7195767195767,5.1882286541880566e-11
216.9491525423729,2.854193774740057e-09
217.17921527041358,3.016701761905498e-09
217.40976645435242,2.6483807006833266e-09
217.64080765143464,9.048266902633463e-10
217.87234042553192,7.313496498092221e-10
218.10436634717786,6.714899502787124e-10
218.33688699360337,1.8294787861111522e-09
218.5699039487727,5.545402763628043e-10
218.80341880341882,6.848433543231953e-10
219.0374331550802,2.606930886819605e-10
219.27194860813702,1.254127322707113e-10
219.5069667738478,1.8531913026861883e-09
219.74248927038627,2.717772542032717e-09
219.97851772287862,3.0188427093319464e-09
220.21505376344086,1.2644009707533985e-09
220.45209903121636,4.642758743922954e-10
220.68965517241378,2.0333578150457737e-09
220.92772384034518,2.936256301042704e-09
221.16630669546436,3.03737588766317e-09
221.4054054054054,2.7912413220386425e-09
221.64502164502164,2.6091509640272897e-09
221.88515709642468,5.204507619361974e-10
222.12581344902384,5.683305412549937e-10
222.36699239956567,1.5914017950564724e-09
222.6086956521739,3.980139691809141e-09
222.85092491838955,3.2023872730597036e-09
223.09368191721134,4.8441803543548725e-09
223.3369683751363,5.266804551221138e-10
223.58078602620085,2.5666487651386092e-09
223.82513661202185,8.643490605796559e-10
224.07002188183807,1.8607477199185796e-10
224.31544359255204,3.0547886616397017e-09
224.56140350877192,3.3982234300782257e-09
224.80790340285398,1.4629202973316167e-09
225.05494505494505,2.3383879276905972e-09
225.30253025302528,2.40607896851598e-10
225.55066079295153,4.530952132658202e-09
225.79933847850054,3.1633282150294645e-11
226.0485651214128,5.615206027971528e-09
226.29834254143645,1.3930539382590402e-09
226.54867256637166,4.83653798130028e-10
226.79955703211516,3.4611318051056083e-09
227.0509977827051,3.4078417390481236e-09
227.30299667036624,1.2895119523279245e-09
227.55555555555554,2.4209286322432982e-09
227.80867630700777,1.9785899206259685e-09
228.06236080178175,6.306571803850302e-10
228.31661092530658,2.0199290871778243e-09
228.57142857142856,1.7297993985632296e-10
228.82681564245812,1.7429059333318062e-09
229.082774049217,3.2393638770330813e-10
229.33930571108624,1.7649835006522043e-10
229.59641255605382,4.80557802625719e-10
229.8540965207632,1.925790475816266e-09
230.1123595505618,2.935898230271672e-09
230.37120359955006,2.52524284356893e-10
230.6306306306306,3.318370130832589e-09
230.89064261555805,9.494203671054797e-09
231.1512415349887,3.785934586406353e-10
231.41242937853107,1.117810415929262e-09
231.67420814479635,3.483347240536358e-09
231.9365798414496,1.5234478926254858e-09
232.19954648526078,2.4647661189066116e-09
232.46311010215663,4.629766911165867e-09
232.7272727272727,8.994753915847786e-09
232.9920364050057,5.46968861776537e-09
233.25740318906605,2.0047168676588592e-09
233.52337514253134,2.0361861070474615e-09
233.78995433789953,2.904419290899823e-09
234.05714285714288,2.0161552057143243e-08
234.32494279176203,2.367176456693008e-08
234.59335624284074,2.6357608086595226e-08
234.8623853211009,4.658699246058362e-08
235.13203214695753,7.915718441352412e-08
235.4022988505747,9.071676337353752e-08
235.67318757192174,1.2700518950285354e-07
235.9447004608295,2.265011610755817e-07
236.2168396770473,3.462846331892478e-07
236.48960739030022,4.210387392394312e-07
236.76300578034682,5.447608379827534e-07
237.03703703703707,7.815397973131504e-07
237.3117033603708,1.048354506448633e-06
237.58700696055683,1.5276777851632897e-06
237.862950058072,2.3347865160907463e-06
238.13953488372093,3.190038731619349e-06
238.41676367869616,4.480648828656398e-06
238.69463869463866,6.531250142172495e-06
238.97316219369893,8.833950425093771e-06
239.25233644859816,1.202289689387958e-05
239.53216374269007,1.707000467786965e-05
239.81264637002343,2.406921812715714e-05
240.0937866354044,3.337823449621586e-05
240.37558685446012,4.506609782260685e-05
240.65804935370153,6.150627397059438e-05
240.94117647058823,8.556552870819318e-05
241.2249705535924,0.0001156548453562593
241.50943396226415,0.000156381326777505
241.79456906729635,0.0002145590674039453
242.080378250591,0.00028785820448759146
242.3668639053254,0.0003862084280369813
242.65402843601896,0.0005240696501750692
242.94187425860022,0.0007021454209986918
243.23040380047507,0.0009361465532397031
243.51961950059456,0.0012461772469638522
243.80952380952382,0.0016484702131336001
244.1001191895113,0.0021754946019972242
244.39140811455846,0.0028515590879940283
244.68339307048984,0.003732678877556231
244.97607655502392,0.004886428444303364
245.2694610778443,0.0063236192382990575
245.56354916067144,0.008153343173017684
245.85834333733493,0.01052099814956785
246.15384615384616,0.013451310531185662
246.4500601684717,0.01710548015200104
246.7469879518072,0.021699896004428412
247.04463208685164,0.02733904653362617
247.34299516908212,0.034258234539630956
247.6420798065296,0.042679326939184
247.9418886198547,0.052868126344267595
248.24242424242422,0.06514525473754358
248.54368932038832,0.07953302981568179
248.8456865127582,0.09647689423564745
249.14841849148416,0.1164996773639939
249.45188794153472,0.13929051291484462
249.75609756097558,0.1651780725204008
250.06105006105005,0.19465435439189907
250.36674816625916,0.2271558959278078
250.6731946144431,0.26259077444707174
250.98039215686276,0.3006360862332158
251.2883435582822,0.34046988890320856
251.5970515970516,0.38143640678843505
251.90651906519062,0.42166622975866525
252.21674876847288,0.4605386909091016
252.52774352651045,0.4974720273071494
252.8395061728395,0.528814647804552
253.15203955500616,0.5540254321176545
253.46534653465346,0.5728143928538683
253.7794299876084,0.5807890781639341
254.09429280397023,0.578272055968023
254.40993788819875,0.5672060224117855
254.726368159204,0.5492503945396523
255.04358655043586,0.5320908207634696
255.36159600997507,0.522852836307845
255.6803995006242,0.5308673943881411
255.99999999999997,0.5674774090147593
256.3204005006258,0.6400767915098587
256.64160401002505,0.768507081942926
256.9636135508155,0.9781076459627921
257.286432160804,1.2914420058720464
257.61006289308176,1.7437067459216922
257.9345088161209,2.36152540893856
258.2597730138714,3.1599680468956577
258.5858585858586,4.131188586072505
258.91276864728195,5.204463597009834
259.24050632911394,6.355681779605136
259.5690747782003,7.681151760460757
259.8984771573604,9.25201397710888
260.22871664548916,11.053247823754523
260.55979643765903,13.029907989217076
260.89171974522293,15.087362387365681
261.2244897959184,17.134217088303902
261.5581098339719,19.075749207202673
261.89258312020456,20.79666995848695
262.2279129321382,22.259707064176666
262.56410256410254,23.462712142606737
262.9011553273428,24.365261403811658
263.2390745501285,25.00733457808664
263.5778635778636,25.461648851028382
263.91752577319585,25.69877252381243
264.258064516129,25.7288171669688
264.59948320413434,25.714857752419643
264.9417852522639,25.818500771480966
265.2849740932642,26.103757219944914
265.6290531776913,26.591624686341166
265.974025974026,27.276716383098936
266.3198959687906,28.128231965895186
266.66666666666663,29.11603129472807
267.01434159061273,30.223728951687963
267.3629242819843,31.423724599443837
267.7124183006536,32.66093165432234
268.0628272251309,33.88175710914023
268.41415465268676,35.00757055384297
268.76640419947506,35.88787053358714
269.119579500657,36.38296342806987
269.47368421052636,36.4461741972106
269.82872200263506,36.066891935467964
270.1846965699208,35.244689410302286
270.5416116248349,34.01416155314539
270.8994708994709,32.40943858009888
271.25827814569533,30.47774328027939
271.6180371352785,28.307604064071178
271.97875166002655,25.981470793930058
272.3404255319149,23.57645296828852
272.70306258322233,21.185461847854718
273.06666666666666,18.886052422920486
273.4312416555407,16.736870972070413
273.7967914438503,14.74585584542602
274.1633199464525,12.846935833180046
274.5308310991957,11.022295354781631
274.8993288590604,9.344017949573331
275.26881720430106,7.8451297868121035
275.6393001345895,6.513482014828843
276.010781671159,5.361695380400113
276.3832658569501,4.388371565925935
276.7567567567567,3.565644074232575
277.1312584573748,2.880016426908932
277.50677506775065,2.317596937292873
277.88331071913166,1.8538858858801706
278.2608695652174,1.4741879979957933
278.6394557823129,1.1674239164902183
279.01907356948226,0.9192097462620994
279.39972714870396,0.7200410673081398
279.78142076502735,0.5624575410811876
280.1641586867305,0.43799541224621236
280.54794520547944,0.3402769370456491
280.93278463648835,0.2639666583705586
281.31868131868134,0.20436016263312448
281.70563961485556,0.1580640065014008
282.0936639118457,0.12196545490977721
282.48275862068965,0.09378280080187965
282.8729281767956,0.07206152461269119
283.2641770401106,0.05517036756897173
283.6565096952908,0.04202973985639599
284.0499306518724,0.03205098725167833
284.44444444444446,0.02433835831298259
284.84005563282335,0.018338483224473023
285.2367688022284,0.013855523960953537
285.63458856345886,0.010429563663055808
286.0335195530726,0.007757716086159372
286.43356643356645,0.005789738095329
286.8347338935574,0.004317539243763464
287.23702664796633,0.003173071091652366
287.6404494382022,0.002333154317004815
288.0450070323488,0.0017136496667570585
288.4507042253521,0.001239690071623231
288.85754583921016,0.0008982373738801995
289.2655367231638,0.0006513640679805285
289.6746817538897,0.00046551876261536387
290.08498583569406,0.0003330232985204794
290.49645390070924,0.00023815167526617648
290.9090909090909,0.0001674756739546186
291.32290184921766,0.00011705578721260256
291.73789173789174,8.211680168310225e-05
292.15406562054204,5.798333961308052e-05
292.57142857142856,4.031165935483276e-05
292.9899856938483,2.7221777515522346e-05
293.4097421203438,1.909284119250327e-05
293.83070301291247,1.3554649504450705e-05
294.2528735632184,8.80983000088615e-06
294.67625899280574,5.9184378046414575e-06
295.1008645533141,4.32905061598796e-06
295.52669552669556,2.8263236347516747e-06
295.9537572254335,1.7848731944528003e-06
296.3820549927641,1.2646745714492209e-06
296.81159420289856,8.343228338657857e-07
297.2423802612482,5.262541171901465e-07
297.6744186046512,3.454664650976974e-07
298.1077147016012,2.1339517757222528e-07
298.54227405247815,1.5883897266531824e-07
298.978102189781,1.2922976368881695e-07
299.41520467836256,6.833362252359498e-08
299.8535871156662,3.0823759522888855e-08
300.2932551319648,2.378963250907138e-08
300.73421439060206,1.9356080653262365e-08
301.17647058823525,1.0980465254964118e-08
301.620029455081,3.776263515804726e-09
302.06489675516224,2.8519847819990264e-09
302.5110782865583,1.41232760559216e-09
302.95857988165676,4.256737540404653e-10
303.4074074074074,3.351203440166456e-09
303.85756676557867,4.3328939673136975e-09
304.30906389301634,1.508087462925201e-10
304.7619047619047,9.963371846883976e-10
305.2160953800298,1.5405717150445357e-09
305.6716417910448,1.414718299147297e-10
306.1285500747384,9.468159404933636e-10
306.58682634730536,3.0669502029324406e-09
307.0464767616192,5.545661738441673e-10
307.5075075075075,7.669932149503419e-10
307.96992481203006,1.3945508480801167e-10
308.433734939759,1.3195663957598373e-09
308.8989441930618,1.5021460274413677e-09
309.3655589123867,2.165169457275534e-09
309.83358547655064,2.717538449922293e-10
310.3030303030303,1.3147350958364096e-09
310.7738998482549,2.2646833505727638e-09
311.2462006079027,9.506228873904592e-10
311.7199391171994,1.6440728128095398e-09
312.1951219512195,2.9985285088492786e-09
312.67175572519085,4.774699808707754e-10
313.1498470948012,2.906623935243325e-10
313.6294027565084,7.347032095679076e-10
314.11042944785277,3.8813283864860915e-10
314.5929339477727,3.5586434471026703e-11
315.0769230769231,1.035266989861781e-10
315.5624036979969,6.41808990966783e-11
316.04938271604937,6.922270085226494e-11
316.53786707882534,5.402116400676203e-10
317.0278637770898,2.361339514641536e-09
317.5193798449612,1.3069469766608788e-09
318.0124223602484,3.6021887370242755e-10
318.50699844479004,3.032300051375913e-10
319.0031152647975,5.685631509827665e-10
319.5007800312012,2.94285000231672e-09
320.0,1.3687842803289593e-09
320.5007824726134,4.658947920358201e-10
321.0031347962382,8.443620518665043e-12
321.5070643642072,1.1376448881692608e-09
322.0125786163522,1.885505259124113e-11
322.5196850393701,1.449846987525455e-09
323.02839116719235,5.619081677638476e-10
323.5387045813586,5.084032611340953e-10
324.0506329113924,4.811651496215158e-10
324.56418383518223,1.9267298016390087e-09
325.07936507936506,9.341070278445123e-10
325.59618441971384,2.3077472590270417e-10
326.11464968152865,5.598185846511824e-10
326.63476874003186,3.9563767273064025e-10
327.15654952076676,1.094625005526167e-09
327.68,3.5400121489164403e-11
328.2051282051282,3.1523818519787465e-10
328.7319422150882,2.341236250644163e-10
329.2604501607717,6.366100066429971e-10
329.7906602254429,1.3929602021028139e-09
330.3225806451613,5.973002191844604e-10
330.8562197092084,3.287082402242053e-10
331.3915857605178,7.693960409038495e-10
331.9286871961102,6.686793466736068e-10
332.46753246753246,1.624242198835217e-09
333.0081300813008,7.598672295182932e-10
333.5504885993485,7.163908930845396e-10
334.094616639478,1.9660763307249264e-10
334.640522875817,2.078267522545602e-10
335.18821603927984,6.789650882236409e-11
335.73770491803276,5.4032065824152126e-11
336.28899835796386,8.462462849872594e-10
336.8421052631579,1.5963773945957594e-09
337.3970345963756,8.873974083466388e-10
337.95379537953795,7.190036738541808e-10
338.51239669421483,1.0072079580705368e-10
339.07284768211923,1.0286725212191718e-09
339.63515754560524,1.1337184520319322e-09
340.19933554817277,2.4197176155088613e-10
340.765391014975,3.5724617452542255e-10
341.3333333333333,7.017955020174013e-10
341.9031719532554,2.435571773554866e-11
342.4749163879599,1.0171381319593406e-11
343.04857621440533,1.0171164133727684e-09
343.6241610738255,2.6870082729465313e-11
344.2016806722689,1.7946335577158695e-09
344.7811447811448,5.614229859014544e-10
345.362563237774,1.0228030674018527e-10
345.94594594594594,5.630311594131646e-10
346.5313028764805,1.8060403194606858e-09
347.11864406779665,3.7885434795197435e-10
347.70797962648555,2.908334594464932e-10
348.29931972789115,2.520198046655938e-11
348.8926746166951,2.456341329081443e-10
349.4880546075085,1.0003065370358871e-10
350.0854700854701,3.0387760646457856e-10
350.6849315068493,1.8086310541599708e-09
351.286449399657,1.1339956268831764e-09
351.89003436426117,4.4086674194603344e-10
352.4956970740103,1.298056203907304e-09
353.10344827586204,1.5368116273475953e-09
353.71329879101904,6.149576911981848e-10
354.3252595155709,1.3584025113592666e-09
354.93934142114387,5.480928758059738e-11
355.55555555555554,4.272515845479057e-10
356.17391304347825,1.0304454134411913e-10
356.794425087108,3.425350031994809e-10
357.4171029668411,2.0974681938198206e-09
358.04195804195797,4.486133459339893e-10
358.6690017513135,5.841359397526149e-10
359.29824561403507,3.2205552025892994e-10
359.9297012302285,3.3756286048121996e-10
360.5633802816901,2.787602700465275e-10
361.1992945326279,6.891982360215821e-10
361.8374558303887,3.3090252050930495e-10
362.4778761061947,2.4100973602468925e-10
363.1205673758865,3.761545714432552e-10
363.76554174067496,5.612551689427598e-11
364.4128113879003,2.411705650789824e-11
365.0623885918003,3.872218622865182e-10
365.7142857142857,5.432817715176128e-11
366.3685152057245,1.0673570395243796e-09
367.02508960573476,4.043404434588132e-10
367.68402154398564,6.481546689948939e-10
368.3453237410072,1.171418882114399e-09
369.009009009009,5.18508963181204e-10
369.67509025270755,4.4505754543501194e-10
370.3435804701627,2.4552224781323865e-10
371.0144927536232,2.46562384859108e-10
371.68784029038113,1.9698837605750531e-10
372.3636363636364,4.2175321007260055e-10
373.0418943533697,2.95042154559146e-10
373.7226277372263,1.026104955478552e-09
374.4058500914077,5.268961693020751e-10
375.09157509157507,9.977397328068665e-10
375.77981651376143,9.471327604455684e-10
376.47058823529414,6.293224036254134e-10
377.1639042357274,3.143002205255196e-10
377.8597785977859,2.4907095730037602e-11
378.5582255083179,1.5379883036643642e-11
379.25925925925924,3.694340136104229e-10
379.96289424860856,7.057048967914517e-10
380.6691449814126,3.4877219259122176e-10
381.37802607076355,4.0887636248859046e-10
382.089552238806,7.119967084542132e-11
382.803738317757,5.01681728897463e-10
383.5205992509363,2.7083542823974847e-10
384.24015009380867,3.0952493382921915e-10
384.96240601503763,8.998349753322426e-10
385.6873822975518,4.943115397695066e-10
386.4150943396226,3.9937001585242725e-10
387.14555765595463,2.1459833486947565e-09
387.8787878787879,9.595099275534632e-10
388.6148007590133,1.5693006215672919e-10
389.35361216730035,6.354507327120503e-10
390.09523809523813,9.215382958319012e-10
390.8396946564886,8.313067447682926e-11
391.5869980879541,2.0813317873583844e-10
392.3371647509578,3.073681295780631e-10
393.0902111324376,5.859799355161808e-10
393.84615384615387,6.367561738144828e-10
394.6050096339113,2.2529074392636966e-12
395.3667953667953,3.296919064223727e-10
396.1315280464217,4.80162360955041e-10
396.8992248062015,9.920890169438193e-11
397.6699029126213,2.844078732905573e-10
398.4435797665369,8.823782897913696e-13
399.22027290448347,3.3510569326014614e-10
400.0,1.9866601460563524e-10
400.7827788649706,3.37052657884053e-10
401.56862745098044,2.6487384994712287e-10
402.35756385068765,4.132090652442196e-11
403.1496062992126,3.791331270244331e-11
403.9447731755424,1.5347913562882825e-10
404.7430830039526,7.87736260285476e-10
405.54455445544556,1.833980903381022e-10
406.3492063492063,4.02646921121482e-10
407.1570576540755,8.402477272956302e-10
407.9681274900399,5.628752092601672e-10
408.7824351297405,2.6650458418549036e-10
409.59999999999997,9.194409258905965e-10
410.4208416833667,6.72676518346147e-10
411.24497991967877,5.810915695016369e-12
412.07243460764585,5.254066468338968e-10
412.9032258064516,2.5712113137900816e-10
413.7373737373737,6.611862890346518e-11
414.57489878542515,2.2812326901651607e-11
415.4158215010142,4.028781479275897e-10
416.260162601626,4.70057807187031e-10
417.10794297352334,4.2311658427040397e-10
417.9591836734694,4.574809028768513e-10
418.81390593047036,1.0983526627884893e-10
419.67213114754094,2.2927518981031405e-10
420.53388090349074,4.590842523396581e-10
421.3991769547325,9.368984243704707e-10
422.2680412371134,3.507781499891037e-10
423.1404958677686,3.182805361513193e-10
424.0165631469979,7.525073013831635e-10
424.896265560166,4.555273564116038e-10
425.77962577962575,3.807437775383296e-10
426.6666666666667,7.063876401009594e-10
427.5574112734864,1.3975583193261848e-10
428.45188284518827,1.1176926223708278e-10
429.3501048218029,1.4851130007328708e-10
430.25210084033614,3.299853078753517e-10
431.1578947368421,2.3082421655885993e-10
432.06751054852316,9.627438557320782e-11
432.98097251585625,4.2905612632049326e-10
433.8983050847458,1.5139412262736386e-09
434.81953290870484,4.099063845796672e-10
435.74468085106383,1.5822019586964017e-10
436.67377398720674,3.50365377806349e-10
437.60683760683764,5.71562051397995e-10
438.54389721627405,2.4183599923649408e-11
439.48497854077254,6.029346339928529e-11
440.4301075268817,9.920750998727593e-11
441.37931034482756,6.781171877705849e-11
442.3326133909287,1.5224075607037547e-10
443.2900432900433,2.061150114062425e-10
444.2516268980477,2.840180727290146e-10
445.2173913043478,5.878080729089141e-10
446.1873638344227,2.2837456141380085e-10
447.1615720524017,6.988521466585746e-11
448.14004376367615,3.0840135353229054e-12
449.12280701754383,2.0762535549382297e-10
450.1098901098901,3.950330856103327e-11
451.10132158590307,1.9580229622298326e-11
452.0971302428256,1.20882906098189e-10
453.0973451327433,1.299849816967328e-10
454.1019955654102,1.1144335675450338e-09
455.1111111111111,6.928244389419028e-10
456.1247216035635,1.3650098610753948e-10
457.1428571428571,2.598017581919927e-10
458.165548098434,1.498659955493749e-10
459.19282511210764,4.1025336473859304e-10
460.2247191011236,4.50323815991686e-10
461.2612612612612,9.082462439924134e-11
462.3024830699774,1.3120436325926908e-10
463.3484162895927,3.546194239429745e-10
464.39909297052156,3.113077285244887e-10
465.4545454545454,4.753848478680425e-11
466.5148063781321,5.41349456665174e-11
467.57990867579906,1.4216958210933582e-11
468.64988558352405,1.8408885163536118e-11
469.7247706422018,3.5462762928756826e-11
470.8045977011494,2.004322442225826e-10
471.889400921659,1.9023590205137834e-10
472.97921478060044,4.697514133842079e-10
474.07407407407413,4.697358160334517e-10
475.17401392111367,2.6192853037533983e-10
476.27906976744185,2.5235412164037413e-10
477.3892773892773,1.0783177645533268e-10
478.5046728971963,2.200576498908174e-10
479.62529274004686,2.917726539295806e-10
480.75117370892025,1.0984099098026338e-10
481.88235294117646,7.94849159794725e-11
483.0188679245283,3.937475372945073e-11
484.160756501182,1.706223079085095e-10
485.3080568720379,6.27930594915107e-11
486.46080760095015,2.969012960769275e-10
487.61904761904765,9.072608215095134e-11
488.7828162291169,3.9756133385211177e-10
489.95215311004785,1.7331716751554443e-10
491.1270983213429,1.7694822865668807e-10
492.3076923076923,1.1184706719553424e-10
493.4939759036144,3.4353015781896343e-11
494.68599033816423,1.7822191947853457e-10
495.8837772397094,1.9728796816075996e-10
497.08737864077665,2.91615456973285e-10
498.29683698296833,3.221128582400568e-11
499.51219512195115,1.3988508821266548e-10
500.7334963325183,7.2895433926679e-11
501.9607843137255,1.9882780546021227e-10
503.1941031941032,5.235869279330278e-10
504.43349753694577,1.9452348465752991e-10
505.679012345679,3.1416520422692415e-11
506.9306930693069,5.673218876003917e-11
508.18858560794047,2.1359665932623529e-10
509.452736318408,9.738084794815939e-11
510.72319201995015,3.9920404207089266e-10
511.99999999999994,9.872731460420286e-11
513.2832080200501,2.50821653480899e-10
514.572864321608,8.036418648722893e-10
515.8690176322418,1.524707524303395e-10
517.1717171717172,1.6369032358174487e-10
518.4810126582279,3.3422671269364823e-10
519.7969543147208,3.463983590098129e-10
521.1195928753181,5.28141886737725e-10
522.4489795918367,5.345092316887904e-10
523.7851662404091,9.724225640449811e-11
525.1282051282051,1.402441213802569e-10
526.478149100257,4.70417956568535e-10
527.8350515463917,1.0799316863264354e-10
529.1989664082687,2.06606914254945e-10
530.5699481865284,2.916235431743191e-09
531.948051948052,1.0274053262458606e-10
533.3333333333333,1.2844046170077107e-09
534.7258485639686,4.364470830520747e-09
536.1256544502618,1.7906614628083712e-10
537.5328083989501,3.4490578642828112e-09
538.9473684210527,1.021717206710372e-08
540.3693931398416,5.3274280601758376e-11
541.7989417989418,1.183157056688025e-08
543.236074270557,1.6368075732347524e-08
544.6808510638298,2.054795203190682e-10
546.1333333333333,2.6802172667411146e-08
547.5935828877006,3.418663571461281e-08
549.0616621983914,4.867874369179036e-10
550.5376344086021,6.397623527925978e-08
552.021563342318,7.052776081690277e-08
553.5135135135134,6.410997832810922e-09
555.0135501355013,1.5359369639924424e-07
556.5217391304348,1.1704896757981014e-07
558.0381471389645,2.8470703017038404e-08
559.5628415300547,3.242072488310611e-07
561.0958904109589,2.0011854811486394e-07
562.6373626373627,9.835250749490517e-08
564.1873278236914,7.265100654076513e-07
565.7458563535912,2.6170029846737345e-07
567.3130193905816,2.882841050955661e-07
568.8888888888889,1.4053383989594188e-06
570.4735376044569,3.4018264072053124e-07
572.0670391061452,7.297721704994603e-07
573.6694677871149,2.586874953484376e-06
575.2808988764044,4.500918185391992e-07
576.9014084507043,1.6935248928610052e-06
578.5310734463276,4.802006790266101e-06
580.1699716713881,5.385955200768761e-07
581.8181818181818,3.752672786726606e-06
583.4757834757835,8.788934405549942e-06
585.1428571428571,6.190697362884556e-07
586.8194842406876,8.194953096430791e-06
588.5057471264367,1.6021258476148916e-05
590.2017291066282,5.976463808908619e-07
591.907514450867,1.7576698429003636e-05
593.6231884057971,2.9284287670211324e-05
595.3488372093024,4.3929868381913063e-07
597.0845481049563,3.824481303640417e-05
598.8304093567251,5.2993993065347076e-05
600.5865102639297,2.156690285204804e-07
602.3529411764705,8.28802233771667e-05
604.1297935103245,9.265197792462221e-05
605.9171597633135,1.7655316332910555e-06
607.7151335311573,0.0001762032174603865
609.5238095238094,0.00015491707385615887
611.3432835820896,1.2599910273929505e-05
613.1736526946107,0.00036436604041045767
615.015015015015,0.00024394066730626303
616.867469879518,5.724862263353256e-05
618.7311178247734,0.0007285144817983084
620.6060606060606,0.00035026863468152553
622.4924012158054,0.00019986104319054117
624.390243902439,0.001395622385444028
626.2996941896024,0.0004446359878171643
628.2208588957055,0.0005903214356573079
630.1538461538462,0.00254180315551968
632.0987654320987,0.0004699221680959837
634.0557275541796,0.0015385129318365688
636.0248447204968,0.004369622445566384
638.006230529595,0.0003621335912620997
640.0,0.003619130057243265
642.0062695924764,0.007044665756595313
644.0251572327044,0.00013059119559067966
646.0567823343847,0.007822205091024896
648.1012658227849,0.010555160187231873
650.1587301587301,3.434541329495339e-05
652.2292993630573,0.01570507496531976
654.3130990415335,0.014491899263024695
656.4102564102564,0.00089277883764202
658.5209003215434,0.029572876514493574
660.6451612903226,0.017824650538027648
662.7831715210356,0.004487075341092299
664.9350649350649,0.05257651766548641
667.100977198697,0.018875794436008248
669.281045751634,0.013992121575782692
671.4754098360655,0.08849636874779294
673.6842105263158,0.016015552098587283
675.9075907590759,0.03472148270441121
678.1456953642385,0.1401017657481827
680.3986710963455,0.009770845667696296
682.6666666666666,0.07738851932153067
684.9498327759198,0.20344503172514203
687.248322147651,0.00616236877931122
689.5622895622896,0.17148069752198916
691.8918918918919,0.2556201949032338
694.2372881355933,0.016688899865659742
696.5986394557823,0.40593248026807327
698.976109215017,0.2388455097429715
701.3698630136986,0.04272645752285307
703.7800687285223,1.0311417683900461
706.2068965517241,0.08781841191102417
708.6505190311418,0.07922544052472508
711.1111111111111,2.724519139792461
713.588850174216,0.08949991169132536
716.0839160839159,0.42382535662724097
718.5964912280701,6.6660597210407895
721.1267605633802,1.845711054759043
723.6749116607774,2.9157555672680235
726.241134751773,14.234101772695453
728.8256227758006,11.008187833103863
731.4285714285714,18.570113584776728
734.0501792114695,35.528161423249145
736.6906474820144,56.84162160707053
739.3501805054151,106.15913501571467
742.0289855072464,123.28200217444103
744.7272727272727,195.29318353093674
747.4452554744526,326.6649531108878
750.1831501831501,281.53614373745546
752.9411764705883,495.64925456865063
755.7195571955718,993.8364589932123
758.5185185185185,1000.9122879950362
761.3382899628252,1794.6766397701322
764.179104477612,3578.111158064606
767.0411985018726,3894.3729713198686
769.9248120300753,6028.810103198631
772.8301886792452,11619.156952364976
775.7575757575758,9287.382145537285
778.7072243346007,8817.086916437864
781.6793893129772,14776.753835172687
784.6743295019156,16813.782317137444
787.6923076923077,19856.3305572033
790.7335907335906,23158.44142353539
793.798449612403,24601.307172823857
796.8871595330738,25509.230168745195
800.0,25378.636435433713
803.1372549019609,24143.4243522457
806.2992125984252,22433.40629624671
809.4861660079052,19091.6346955419
812.6984126984127,16041.614631656756
815.9362549800798,14026.07062742868
819.1999999999999,8380.706174977306
822.4899598393575,7631.891131614843
825.8064516129032,8917.62299014633
829.1497975708503,4540.80013251192
832.520325203252,2843.9684986105026
835.9183673469388,2478.474464089355
839.3442622950819,1182.8933922548133
842.798353909465,612.5386815825617
846.2809917355372,577.295625028023
849.792531120332,243.86928581786538
853.3333333333334,107.7689140540779
856.9037656903765,142.618795695625
860.5042016806723,66.79178331352942
864.1350210970463,31.088986989480734
867.7966101694916,37.723688622563316
871.4893617021277,15.638179183243516
875.2136752136753,6.2534100628547336
878.9699570815451,5.667662322410406
882.7586206896551,2.2361264325883647
886.5800865800866,2.515339064745753
890.4347826086956,0.6695346518826613
894.3231441048034,0.29163683054542167
898.2456140350877,1.471243981868256
902.2026431718061,0.07036604313895894
906.1946902654867,0.10004892875783683
910.2222222222222,0.7578146922831472
914.2857142857142,0.014388533223508089
918.3856502242153,0.1369127219768607
922.5225225225224,0.37244730126778486
926.6968325791854,0.003719825358322035
930.9090909090908,0.144029818596147
935.1598173515981,0.1867167413924199
939.4495412844036,0.0003962185328938541
943.778801843318,0.11958853450294293
948.1481481481483,0.09217443253136258
952.5581395348837,0.0027002352872870254
957.0093457943926,0.08722488335763444
961.5023474178405,0.04303244992324686
966.0377358490566,0.006229559772088362
970.6161137440758,0.05829247867632843
975.2380952380953,0.018268101371307337
979.9043062200957,0.008280190230992166
984.6153846153846,0.036273765738490504
989.3719806763285,0.006708082422108946
994.1747572815533,0.008384948944301094
999.0243902439023,0.02113155500096168
1003.921568627451,0.0019474680043290076
1008.8669950738915,0.007170556111737294
1013.8613861386139,0.011525148625074116
1018.905472636816,0.0003517650938506246
1023.9999999999999,0.005429122217488744
1029.145728643216,0.005870085365143324
1034.3434343434344,1.2841703310551146e-05
1039.5939086294416,0.003731648888346624
1044.8979591836735,0.0027808131735680614
1050.2564102564102,4.7413354214670834e-05
1055.6701030927834,0.002363671660652291
1061.139896373057,0.0012171528014143457
1066.6666666666665,0.00011961500911644211
1072.2513089005236,0.0013926317710072028
1077.8947368421054,0.0004878666651912314
1083.5978835978835,0.00014458232796631058
1089.3617021276596,0.000769063754472139
1095.1871657754011,0.0001768311422901256
1101.0752688172042,0.00012881343269744458
1107.0270270270269,0.0004006624921816436
1113.0434782608695,5.655538378585406e-05
1119.1256830601094,9.591762010434481e-05
1125.2747252747254,0.00019831757903880347
1131.4917127071824,1.5264439232469045e-05
1137.7777777777778,6.317584481206934e-05
1144.1340782122904,9.395992804532333e-05
1150.5617977528088,3.20046917059836e-06
1157.0621468926552,3.8300957183178966e-05
1163.6363636363635,4.2926905578725264e-05
1170.2857142857142,3.9465005914012996e-07
1177.0114942528735,2.1764428920424643e-05
1183.815028901734,1.908675826813268e-05
1190.6976744186047,2.48269294216092e-08
1197.6608187134502,1.1824727895760387e-05
1204.705882352941,8.365350799650877e-06
1211.834319526627,8.771341814661065e-08
1219.0476190476188,6.236450639809593e-06
1226.3473053892214,3.613439624274527e-06
1233.734939759036,1.359579054067391e-07
1241.2121212121212,3.2529454838605746e-06
1248.780487804878,1.5372884222454852e-06
1256.441717791411,1.3938360066994504e-07
1264.1975308641975,1.653060560812725e-06
1272.0496894409937,6.497460846975067e-07
1280.0,1.1604213399898388e-07
1288.0503144654087,8.368317465176929e-07
1296.2025316455697,2.641834423379046e-07
1304.4585987261146,8.692409091495943e-08
1312.8205128205127,4.2206002813166847e-07
1321.2903225806451,9.943855656398627e-08
1329.8701298701299,6.108096413091449e-08
1338.562091503268,2.030074121070946e-07
1347.3684210526317,3.377330335796355e-08
1356.291390728477,3.916908659258296e-08
1365.3333333333333,9.468303610411374e-08
1374.496644295302,1.0428291290185457e-08
1383.7837837837837,2.4048492937485143e-08
1393.1972789115646,4.239587463140844e-08
1402.7397260273972,2.534509698589851e-09
1412.4137931034481,1.4546571504022202e-08
1422.2222222222222,1.6388035777368046e-08
1432.1678321678319,4.0523815747069356e-10
1442.2535211267605,6.963014575837702e-09
1452.482269503546,6.664798490958945e-09
1462.857142857143,4.620297547822551e-11
1473.3812949640287,3.4623519543200016e-09
1484.0579710144928,2.624239200997683e-09
1494.890510948905,7.257255383536095e-12
1505.8823529411766,1.594448623700369e-09
1517.037037037037,7.914227647439138e-10
1528.358208955224,1.1536341585332795e-11
1539.8496240601505,6.282896474715541e-10
1551.5151515151515,2.9195273008145544e-10
1563.3587786259543,2.071951791419477e-12
1575.3846153846155,3.5495508843184483e-10
1587.596899224806,6.541684740760338e-11
1600.0,2.3210324235265793e-12
1612.5984251968505,1.4643647043909387e-10
1625.3968253968253,2.5478087065234403e-11
1638.3999999999999,5.1689267704017175e-12
1651.6129032258063,6.498034174167176e-11
1665.040650406504,2.0594560931229985e-12
1678.6885245901638,4.4751012349850915e-12
1692.5619834710744,1.2775371404315503e-11
1706.6666666666667,3.859977895665103e-12
1721.0084033613446,4.565140891531193e-12
1735.5932203389832,1.534353926194087e-11
1750.4273504273506,9.306667351789172e-12
1765.5172413793102,2.1627274605359745e-12
1780.8695652173913,6.679635700710043e-12
1796.4912280701753,1.5440245634013025e-12
1812.3893805309733,4.0757723750094385e-12
1828.5714285714284,2.8946149954564903e-12
1845.0450450450448,5.299993185921868e-12
1861.8181818181815,4.982393465878168e-12
1878.8990825688072,9.35231239357328e-12
1896.2962962962965,4.590906670579646e-13
1914.0186915887853,2.10758396980468e-12
1932.0754716981132,1.4185554601935084e-12
1950.4761904761906,2.450330694443083e-13
1969.2307692307693,2.347599558355555e-12
1988.3495145631066,3.278104507375971e-12
2007.843137254902,8.958529556408631e-13
2027.7227722772277,5.1483316713596e-13
2047.9999999999998,2.6567993742289095e-12
2068.686868686869,3.545606972613414e-12
2089.795918367347,2.3366993971800048e-12
2111.340206185567,2.5559804832511994e-12
2133.333333333333,1.9075932513004263e-12
2155.789473684211,2.0781190895003682e-12
2178.723404255319,4.164551105456462e-13
2202.1505376344085,5.789875045233828e-13
2226.086956521739,2.206474562983888e-13
2250.5494505494507,1.858677735329456e-12
2275.5555555555557,2.5620589938685434e-12
2301.1235955056177,3.2655812646350026e-13
2327.272727272727,5.734107313683578e-14
2354.022988505747,9.818293249961233e-14
2381.3953488372094,1.136125300424504e-13
2409.411764705882,8.508158021712444e-13
2438.0952380952376,1.062860380212412e-12
2467.469879518072,1.2791379333974442e-12
2497.560975609756,1.2609410042696562e-12
2528.395061728395,1.1699021101539592e-12
2560.0,1.7423061602018658e-12
2592.4050632911394,1.565786639404258e-12
2625.6410256410254,1.6036558693298141e-12
2659.7402597402597,8.96447185943025e-13
2694.7368421052633,2.597665601287819e-13
2730.6666666666665,6.984438054499204e-13
2767.5675675675675,3.7051085239908625e-13
2805.4794520547944,1.8891714288754618e-13
2844.4444444444443,3.909689690644145e-13
2884.507042253521,1.4986271428932922e-13
2925.714285714286,4.822427886549549e-13
2968.1159420289855,4.273036491446947e-13
3011.764705882353,5.991024218626736e-13
3056.716417910448,2.497445957904325e-13
3103.030303030303,3.5099112267786627e-13
3150.769230769231,6.471189807700282e-13
3200.0,2.7030787271885793e-13
3250.7936507936506,7.587678168557747e-14
3303.2258064516127,9.134950394514106e-14
3357.3770491803275,2.835100167883959e-13
3413.3333333333335,5.160417259859246e-13
3471.1864406779664,1.7263908554969183e-13
3531.0344827586205,6.34944560478351e-14
3592.9824561403507,1.1286986472060467e-13
3657.142857142857,1.0308767868938695e-13
3723.636363636363,1.441096539820113e-13
3792.592592592593,8.103621231289139e-15
3864.1509433962265,6.374920260010595e-14
3938.4615384615386,5.889278619421442e-14
4015.686274509804,1.4233529534193834e-14
4095.9999999999995,1.1039300076094712e-14
4179.591836734694,1.7170585628284203e-14
4266.666666666666,1.1387564720485093e-15
4357.446808510638,9.738684503148596e-15
4452.173913043478,2.6505886981912273e-15
4551.111111111111,7.86811377139869e-16
4654.545454545454,4.196325527703181e-16
4762.790697674419,1.5080838469125434e-16
4876.190476190475,5.606501746039791e-17
4995.121951219512,2.509963401246858e-17
5120.0,1.3493828140356996e-17
5251.282051282051,4.6649986592204674e-18
5389.473684210527,1.6892859788077853e-18
5535.135135135135,1.8363553637820167e-18
5688.888888888889,2.6341149177696915e-19
5851.428571428572,2.196071323267031e-19
6023.529411764706,1.6689020210458403e-19
6206.060606060606,1.983196365898114e-20
6400.0,2.3615647504797047e-20
6606.451612903225,1.0087093333483815e-20
6826.666666666667,4.2954261236675585e-21
7062.068965517241,2.3354808737558322e-21
7314.285714285714,9.67913435321205e-22
7585.185185185186,7.796842949019131e-22
7876.923076923077,2.3457338227399794e-22
