"Wavelength, nm",Intensity
136.44237175216523,3.404384281425233e-27
136.53333333333333,4.963279284135278e-27
136.62441627751835,9.225780813863268e-27
136.71562082777035,9.134173974423543e-27
136.80694722778892,1.8794013389686302e-26
136.89839572192514,1.7010293547989034e-22
136.98996655518394,1.4955827176035193e-19
137.08165997322624,2.3932421083744517e-17
137.17347622237108,1.2243689443038547e-15
137.26541554959786,2.834334181430455e-14
137.35747820254863,3.699333299104441e-13
137.4496644295302,3.1473577134055882e-12
137.54197447951645,1.9273300885284115e-11
137.63440860215053,9.116234034269512e-11
137.72696704774717,3.5108743214791245e-10
137.81965006729476,1.1459439948381538e-09
137.9124579124579,3.265275221804098e-09
138.0053908355795,8.296943701466135e-09
138.09844908968307,1.9111441456533067e-08
138.19163292847506,4.0503481089030243e-08
138.28494260634707,8.007184277541969e-08
138.37837837837836,1.4921660667453085e-07
138.47194050033806,2.6367894484203664e-07
138.5656292286874,4.4336546427878876e-07
138.65944482058225,7.12847730093213e-07
138.75338753387533,1.104163151157302e-06
138.84745762711862,1.6591167173054529e-06
138.94165535956583,2.4242634296537972e-06
139.03598099117448,3.4395091577348065e-06
139.1304347826087,4.736934495339648e-06
139.22501699524133,6.362223271059941e-06
139.31972789115645,8.39481161668406e-06
139.4145677331518,1.0921286417969428e-05
139.50953678474113,1.3968214042066292e-05
139.60463531015677,1.7483949206905234e-05
139.69986357435198,2.14377144758017e-05
139.79522184300342,2.5943005955531497e-05
139.89071038251367,3.121009521186277e-05
139.98632946001365,3.730410364928445e-05
140.08207934336525,4.399147183583245e-05
140.17796030116358,5.096039512761828e-05
140.27397260273972,5.825255793207473e-05
140.37011651816314,6.635489023688194e-05
140.46639231824417,7.569140234852211e-05
140.56280027453673,8.603164545612384e-05
140.65934065934067,9.661027722293005e-05
140.75601374570448,0.00010699021835864713
140.85281980742778,0.0001177079691998006
140.949759119064,0.00012982908903550036
141.04683195592284,0.00014379301845678696
141.14403859407307,0.00015886300482041105
141.24137931034483,0.00017387924008248083
141.33885438233264,0.00018851502543849405
141.4364640883978,0.00020367353255040517
141.53420870767104,0.00022067202218245907
141.6320885200553,0.00024012416511124836
141.73010380622836,0.00026150518966761694
141.8282548476454,0.00028354097549455984
141.92654192654192,0.0003050631125579795
142.0249653259362,0.0003260327640776775
142.1235253296322,0.0003481792256507913
142.22222222222223,0.0003741985475948688
142.32105628908963,0.00040523844780102904
142.42002781641168,0.0004387600509104114
142.51913709116212,0.00046995417173069224
142.6183844011142,0.0004967805857813788
142.7177700348432,0.0005236325418922065
142.81729428172943,0.0005582292532949087
142.91695743196092,0.0006033117964243844
143.0167597765363,0.0006521080059269968
143.11670160726763,0.0006943032156488506
143.21678321678323,0.0007275683357226031
143.31700489853043,0.0007616270835441891
143.4173669467787,0.0008087249272021963
143.5178696566223,0.0008701287382209164
143.61851332398317,0.0009342461775608574
143.71929824561403,0.0009893138485829987
143.8202247191011,0.0010363331792930311
143.92129304286718,0.0010872833702938777
144.0225035161744,0.0011512635390900482
144.12385643912737,0.0012255307059420679
144.22535211267606,0.0013013480361905555
144.32699083861874,0.001375398681483823
144.42877291960508,0.0014514754076136297
144.530698659139,0.0015319419738446087
144.6327683615819,0.0016132020116961094
144.73498233215545,0.0016928995298061337
144.83734087694484,0.0017776953881375591
144.9398443029016,0.0018772583318917612
145.04249291784703,0.0019897192177179193
145.14528703047483,0.0020992571513366864
145.24822695035462,0.0021930552347245768
145.35131298793468,0.002277907227200503
145.45454545454544,0.0023738895549039797
145.55792466240226,0.0024910115252165465
145.66145092460883,0.0026178038048241745
145.76512455516016,0.0027358735681102396
145.86894586894587,0.0028405084687073492
145.9729151817534,0.0029414183816871427
146.07703281027102,0.003046881569789727
146.18129907209135,0.0031555058890566346
146.28571428571428,0.003264279481398445
146.39027877055037,0.003375903443863068
146.49499284692416,0.0034915282508076115
146.59985683607732,0.003602159858403082
146.7048710601719,0.003698405216049451
146.8100358422939,0.0037872147957875523
146.91535150645623,0.003886208762480233
147.0208183776023,0.003998585937147883
147.1264367816092,0.0041050175452029825
147.23220704529115,0.004188466021030601
147.33812949640287,0.004261507031323599
147.4442044636429,0.004355074219470829
147.55043227665706,0.00447485021801917
147.6568132660418,0.004585417682655903
147.76334776334778,0.004653555284945662
147.87003610108303,0.0046945183105647674
147.97687861271675,0.004757515158419744
148.08387563268258,0.004870363883272547
148.19102749638205,0.005006554141181545
148.29833454018825,0.005107043034453851
148.40579710144928,0.005141525421899549
148.51341551849166,0.005149023627590173
148.6211901306241,0.005202550305360497
148.72912127814087,0.005331017888475679
148.8372093023256,0.005488473128469158
148.94545454545454,0.005597008440554627
149.0538573508006,0.005614463949889171
149.16241806263656,0.005579235421385936
149.27113702623907,0.005595887447901721
149.38001458789202,0.005741827455823451
149.4890510948905,0.005966701728440072
149.59824689554418,0.006117186137778961
149.70760233918128,0.006095011658375412
149.81711777615214,0.005980205197113163
149.9267935578331,0.0059701919578600965
150.03663003663004,0.0061766570594365446
150.1466275659824,0.006486001422107364
150.25678650036684,0.006658656295194659
150.36710719530103,0.006585929390196455
150.47759000734754,0.006414487469958226
150.58823529411762,0.0063968052768816185
150.69904341427517,0.006637398964056174
150.8100147275405,0.006989307486972698
150.92114959469419,0.007198006901337989
151.03244837758112,0.0071547756604702145
151.1439114391144,0.006991285014106722
151.25553914327915,0.006929750093721568
151.3673318551367,0.007087117451359522
151.47928994082838,0.007403415167419879
151.59141376757958,0.007692815903288131
151.7037037037037,0.0077898983571578675
151.81616011860638,0.0076997918935173635
151.92878338278933,0.0075908000863614995
152.04157386785448,0.00763817824676509
152.15453194650817,0.007881334446648618
152.26765799256503,0.008188654777419813
152.38095238095235,0.008365704748866762
152.4944154877141,0.008351362882297162
152.6080476900149,0.00828089344576696
152.72184936614468,0.008327125130146162
152.8358208955224,0.008532299290962183
152.9499626587005,0.008795869722058331
153.0642750373692,0.00897518846320053
153.1787584143605,0.009016304090888298
153.29341317365268,0.008998909605533218
153.40823970037454,0.009028937641687995
153.5232383808096,0.009136494172872212
153.6384096024006,0.009306839002084323
153.75375375375376,0.009517661192533894
153.86927122464311,0.009715727357392347
153.98496240601503,0.009841106134903214
154.10082768999246,0.009885067179454272
154.2168674698795,0.009886590743899443
154.33308214016577,0.009904153017521214
154.4494720965309,0.009994653188866349
154.56603773584905,0.01016418846471045
154.68277945619334,0.01035155174340503
154.79969765684052,0.010502826552621693
154.91679273827532,0.010629734205435327
155.0340651021953,0.010764646001187527
155.15151515151516,0.010898412666411925
155.2691432903715,0.010992376360897749
155.38694992412746,0.011033365323839375
155.50493545937738,0.011058411956762782
155.62310030395136,0.011122451884129277
155.74144486692012,0.011248802603535488
155.8599695585997,0.011423395449318726
155.97867479055597,0.01162577637679785
156.09756097560975,0.011837814343192102
156.21662852784135,0.012028276315342722
156.33587786259542,0.012157210154671565
156.45530939648586,0.012203808487726503
156.5749235474006,0.012193637273066793
156.69472073450652,0.012196318939353218
156.8147013782542,0.012272314907220144
156.93486590038313,0.012425769252804697
157.05521472392638,0.012631021199772054
157.17574827321565,0.012867592689567265
157.29646697388634,0.013103006260339514
157.4173712528824,0.013295688834549005
157.53846153846155,0.01342913886258086
157.65973826020013,0.013507298720224862
157.78120184899845,0.013547061773489903
157.9028527370856,0.013593295520078326
158.02469135802468,0.01368865020719744
158.14671814671814,0.013835838206415686
158.26893353941267,0.014020955863213384
158.39133797370457,0.014231663415556638
158.5139318885449,0.014447841606906335
158.63671572424477,0.014652507534043258
158.7596899224806,0.014830733616867904
158.88285492629947,0.014963630911046178
159.0062111801242,0.015059527300125558
159.12975912975912,0.015148085450066
159.25349922239502,0.015236599564772569
159.37743190661476,0.015331937990451338
159.50155763239874,0.015461773323365886
159.62587685113016,0.015627742498030013
159.7503900156006,0.015806433020835467
159.87509758001562,0.015990624139784214
160.0,0.01616796412124651
160.12509773260362,0.016316066369686025
160.2503912363067,0.01644262858478956
160.37588097102582,0.01656274286739953
160.5015673981191,0.016669641740723818
160.62745098039213,0.01677054093399251
160.7535321821036,0.016883833727559073
160.87981146897093,0.01700383168732605
161.0062893081761,0.01712642224570839
161.13296616837135,0.017262507702438937
161.25984251968504,0.0174058559212958
161.38691883372735,0.017547042654859995
161.51419558359618,0.01769264233712389
161.64167324388316,0.017832998799801523
161.7693522906793,0.01794988969375617
161.89723320158103,0.01805735302554962
162.0253164556962,0.01817434497999067
162.15360253365006,0.01829176043700338
162.28209191759112,0.018408462827313034
162.41078509119745,0.01854393303815983
162.53968253968253,0.018695612805702512
162.66878474980143,0.01884063925339501
162.79809220985692,0.018979943948800638
162.92760540970565,0.019131637746814527
163.05732484076432,0.019290596076039355
163.18725099601593,0.01943355452704104
163.31738437001593,0.019556123217545712
163.44772545889865,0.019680065649694815
163.57827476038338,0.019823575819645948
163.709032773781,0.01997570562048498
163.84,0.020115277036521998
163.97117694155327,0.020248420981317905
164.1025641025641,0.02039365056096135
164.23416198877305,0.020545254272156345
164.3659711075441,0.020695489612687867
164.49799196787149,0.02085431376809579
164.63022508038586,0.021013373125777033
164.76267095736122,0.02115511556180051
164.89533011272144,0.021295645346662343
165.02820306204674,0.021443498339902414
165.16129032258064,0.02157015210272534
165.29459241323647,0.02168069627452362
165.4281098546042,0.02181526277079976
165.56184316895713,0.021962247833953015
165.6957928802589,0.022083889922054175
165.82995951417004,0.02219656301760474
165.9643435980551,0.022330167146582244
166.09894566098947,0.02247112168185929
166.23376623376623,0.02259981478197118
166.36880584890332,0.02272136724601044
166.5040650406504,0.02284561368437742
166.63954434499593,0.022969998258216422
166.77524429967426,0.02307787871183525
166.9111654441728,0.023161930751609213
167.047308319739,0.023245484241179337
167.18367346938777,0.02334797938454665
167.3202614379085,0.023457250809075746
167.45707277187245,0.02356218706645555
167.59410801963992,0.023667161229155506
167.7313677313677,0.023775237564758675
167.86885245901638,0.023892669249551156
168.00656275635768,0.024022730142838317
168.14449917898193,0.024152224489961394
168.28266228430567,0.024271566430867517
168.42105263157896,0.02437902813749104
168.559670781893,0.024466579937902137
168.6985172981878,0.024537430909896005
168.83759274525966,0.024606029986876856
168.97689768976898,0.024675075715554072
169.11643270024774,0.02474811742244607
169.25619834710741,0.024830336359597627
169.39619520264682,0.024913067673060785
169.53642384105962,0.02500163170450875
169.67688483844242,0.025115442425076316
169.81757877280262,0.02524925508573594
169.95850622406635,0.02539373154933711
170.09966777408638,0.02555069950032906
170.24106400665005,0.025700208178390756
170.3826955074875,0.025825322952913485
170.52456286427974,0.025939405794138594
170.66666666666666,0.026042814701129482
170.8090075062552,0.026121556378557793
170.9515859766277,0.026176827990689582
171.09440267335003,0.026208928429473297
171.23745819397996,0.02622499017134789
171.3807531380753,0.026246285200933035
171.52428810720266,0.026274899392852723
171.66806370494552,0.026319248449231662
171.81208053691276,0.02641084499600131
171.95633921074725,0.026536394181494796
172.10084033613444,0.02666654006100306
172.24558452481077,0.026833085245771868
172.3905723905724,0.027037751360215575
172.5358045492839,0.027211796871254197
172.681281618887,0.027357796986868282
172.82700421940928,0.02751519570007378
172.97297297297297,0.027616993760871154
173.11918850380385,0.0276235297124203
173.26565143824024,0.027616364239084812
173.41236240474177,0.027598952346236213
173.55932203389833,0.027503264080513803
173.70653095843934,0.027385897831330122
173.85398981324278,0.027317541391933396
174.0016992353441,0.02726108664562785
174.14965986394557,0.027223531026047378
174.2978723404255,0.027267348370895082
174.44633730834755,0.027390439269412595
174.59505541346974,0.027573599244197364
174.74402730375425,0.02781163442490583
174.8932536293766,0.028085110382383163
175.04273504273505,0.02839147906165794
175.1924721984602,0.028693636441082016
175.34246575342465,0.028911556279681245
175.49271636675235,0.029054629349861742
175.6432246998285,0.029154235904479787
175.79399141630904,0.029132915333863228
175.94501718213058,0.028957451235180842
176.0963026655202,0.028716458662292266
176.24784853700515,0.028448678564785047
176.3996554694229,0.02812788149310585
176.55172413793102,0.027791206357671027
176.70405522001724,0.02751508598457072
176.85664939550952,0.027343763732350614
177.00950734658602,0.02730642786798338
177.16262975778545,0.02740666438687133
177.3160173160173,0.027619538689792802
177.46967071057193,0.02796723337856379
177.62359063313096,0.028464555191576667
177.77777777777777,0.029018741018238644
177.93223284100782,0.029570368945207273
178.08695652173913,0.03011926234233205
178.24194952132288,0.030548521602732907
178.397212543554,0.030792960778913223
178.55274629468178,0.03093548185155523
178.70855148342056,0.03090362947942191
178.86462882096066,0.03061790214350644
179.02097902097898,0.030233644320129233
179.17760279965006,0.029781228377852416
179.33450087565674,0.029192330312531455
179.4916739702016,0.02862165847837776
179.64912280701753,0.028155703865325243
179.80684811237927,0.027722781012302317
179.96485061511424,0.027359496031602936
180.12313104661388,0.027075929142837647
180.28169014084506,0.02683910966924266
180.44052863436124,0.026710255482753825
180.59964726631395,0.02665048637060347
180.75904677846424,0.026592973955019125
180.91872791519435,0.02665254854848053
181.07869142351902,0.026852087107198483
181.23893805309734,0.027077158377062763
181.39946855624444,0.027408796404776357
181.56028368794324,0.02799498594611992
181.72138420585628,0.028801949988067066
181.88277087033748,0.029818878317097685
182.04444444444445,0.03116277235658873
182.20640569395016,0.032801507348079316
182.3686553873553,0.034511578730479046
182.53119429590015,0.036196987600275024
182.69402319357712,0.03779159263139814
182.85714285714286,0.038944468302405034
183.0205540661305,0.039384603762017065
183.18425760286226,0.039183819989171025
183.34825425246197,0.03839319734112989
183.51254480286738,0.03704631431118999
183.67713004484304,0.035364194709284716
183.84201077199282,0.03370413010089029
184.00718778077265,0.03242599996786669
184.1726618705036,0.031581708954461295
184.33843384338437,0.031073458079318238
184.5045045045045,0.030965945172479144
184.67087466185754,0.031014693111507348
184.83754512635377,0.030686853887919835
185.0045167118338,0.029708881367653903
185.17179023508135,0.027944720466723267
185.33936651583707,0.025422256305044726
185.5072463768116,0.022364777013826418
185.675430643699,0.018938215518504442
185.84392014519057,0.015599455260996807
186.01271571298818,0.012972785691166723
186.1818181818182,0.011219791221701036
186.3512283894449,0.010334730473125511
186.52094717668484,0.010269706694701813
186.69097538742025,0.010648227244703247
186.86131386861314,0.011098868301536802
187.03196347031962,0.01130292749252973
187.20292504570384,0.010840078864713014
187.37419945105214,0.009594968774186679
187.54578754578753,0.007778255588258754
187.71769019248396,0.005625583420794602
187.88990825688072,0.0034989770503452487
188.06244260789717,0.0018192653110894247
188.23529411764707,0.0008137231018509446
188.40846366145354,0.0005610612070206597
188.5819521178637,0.0010198809111338278
188.75576036866357,0.001952865441165459
188.92988929889296,0.0030290138874003803
189.10433979686056,0.003963973610244875
189.27911275415894,0.004529600371902612
189.45420906567992,0.0045695414612671745
189.62962962962962,0.004088005113017325
189.80537534754404,0.003272177151096646
189.98144712430428,0.0023848140270106076
190.15784586815226,0.0016573446468499265
190.3345724907063,0.0012637743773274111
190.51162790697674,0.00130339542123411
190.68901303538178,0.0017681764801388575
190.8667287977633,0.00255824687978116
191.044776119403,0.003531920772833865
191.22315592903828,0.004528391943860344
191.4018691588785,0.005386841900705165
191.5809167446211,0.005999297343151155
191.76029962546815,0.0063585122917957735
191.94001874414244,0.0065541766741384015
192.12007504690433,0.0067183457426483375
192.3004694835681,0.006963466482398116
192.48120300751881,0.007361595955452446
192.66227657572907,0.007959007775332825
192.8436911487759,0.008782115562748155
193.02544769085767,0.009826406310490072
193.2075471698113,0.011060682182231746
193.38999055712932,0.012444647975273481
193.57277882797732,0.013921697314292398
193.75591296121098,0.015419944372771268
193.93939393939394,0.016912554134071466
194.12322274881518,0.018448542333041322
194.30740037950665,0.0200812700410354
194.49192782526114,0.021826348118583357
194.67680608365018,0.023725743001775497
194.86203615604185,0.025863614738771846
195.04761904761907,0.028281612246371844
195.23355576739752,0.030967934970355077
195.4198473282443,0.03393481350728768
195.6064947468959,0.03720137501881285
195.79349904397705,0.040729249148604645
195.9808612440191,0.044495560796758094
196.1685823754789,0.04857051400622441
196.35666347075744,0.05301525609704423
196.5451055662188,0.0578104440277715
196.73390970220942,0.06297165235179618
196.92307692307693,0.06857989225006983
197.1126082771896,0.07464353334348117
197.30250481695566,0.08112430340867367
197.4927675988428,0.08811311139473398
197.68339768339766,0.09575792412145614
197.8743961352657,0.10405432966427451
198.06576402321085,0.11294872890881817
198.25750242013552,0.12255291310480138
198.44961240310076,0.13299445086563688
198.64209505334625,0.1441996649292433
198.83495145631065,0.15609750641728762
199.02818270165207,0.16885961635402968
199.22178988326846,0.18267309943705168
199.4157740993184,0.19748595075723369
199.61013645224173,0.21324057933645932
199.8048780487805,0.23012926205193546
200.0,0.24835074791368741
200.19550342130987,0.26784820276919474
200.3913894324853,0.2885549882337445
200.58765915768853,0.3106684080107669
200.78431372549022,0.33441332424168635
200.9813542688911,0.35974806016304944
201.17878192534383,0.38656881693653594
201.37659783677483,0.4150166920968862
201.5748031496063,0.4453204575578117
201.77339901477833,0.47750236499450477
201.9723865877712,0.5114934581299525
202.1717670286278,0.5473997895320433
202.3715415019763,0.585433425948274
202.57171117705244,0.625684744668363
202.77227722772278,0.668128582538832
202.97324083250743,0.7127880229665314
203.17460317460316,0.7597838530115489
203.37636544190661,0.8092572922626796
203.57852882703776,0.8612846003074739
203.78109452736314,0.9158441325822159
203.98406374501994,0.9728983437680603
204.1874376869392,1.032512960080966
204.39121756487026,1.0947995386352267
204.5954045954046,1.1597760692576842
204.79999999999998,1.227402995725224
205.005005005005,1.2976761106252288
205.21042084168334,1.370585480973842
205.41624874623875,1.4460796415043873
205.62248995983938,1.524136435594979
205.8291457286432,1.6047718985877062
206.03621730382292,1.6879325314488511
206.24370594159112,1.7734782127651327
206.4516129032258,1.8612694009653274
206.65993945509584,1.951181232967459
206.86868686868684,2.0431185934437757
207.07785642062692,2.137011775272852
207.28744939271257,2.2326296721942502
207.49746707193518,2.329565864259391
207.7079107505071,2.427589042391959
207.9187817258883,2.526703795142458
208.130081300813,2.626704119118348
208.34181078331636,2.72703056836699
208.55397148676167,2.8272636801449225
208.7665647298675,2.92734042748229
208.9795918367347,3.0270307898143156
209.19305413687437,3.1257044429290857
209.40695296523518,3.2228186369851057
209.6212896622313,3.3181163416430675
209.83606557377047,3.411293615367948
210.05128205128204,3.50185676000642
210.26694045174537,3.5892875145531504
210.48304213771837,3.6731584043206085
210.69958847736626,3.7530443776896725
210.91658084449023,3.828478750061536
211.1340206185567,3.8990862161513307
211.3519091847265,3.9645369385783935
211.5702479338843,4.02437481432939
211.78903826266804,4.078048219571488
212.00828157349895,4.125068592634991
212.22797927461139,4.165229164471418
212.448132780083,4.198520303905075
212.668743509865,4.224647541183714
212.88981288981287,4.243077392955559
213.11134235171693,4.25359289048534
213.33333333333334,4.256329491153424
213.555787278415,4.251349267475773
213.7787056367432,4.238515416542426
214.00208986415882,4.217904030771065
214.22594142259413,4.189930521785616
214.4502617801047,4.154722030525807
214.67505241090146,4.112167391828906
214.900314795383,4.062823653999158
215.12605042016807,4.007783468005167
215.35226077812828,3.947753408327931
215.57894736842104,3.882933692710904
215.80611169652263,3.8136138013735073
216.03375527426158,3.7406103543783713
216.26187961985215,3.6651187344572653
216.49048625792813,3.588490031310362
216.7195767195767,3.512077233056708
216.9491525423729,3.436544707794101
217.17921527041358,3.3619082559564077
217.40976645435242,3.289035837096983
217.64080765143464,3.220144155329408
217.87234042553192,3.1574139970133146
218.10436634717786,3.1016503959171877
218.33688699360337,3.0523751910437436
218.5699039487727,3.009495808561742
218.80341880341882,2.9747243600304927
219.0374331550802,2.95080447505389
219.27194860813702,2.9394647804165643
219.5069667738478,2.9400159778582373
219.74248927038627,2.9502875764454624
219.97851772287862,2.9698349146479863
220.21505376344086,3.0013508900756665
220.45209903121636,3.047913656845885
220.68965517241378,3.109325166440877
220.92772384034518,3.1814687917314632
221.16630669546436,3.2601326743920347
221.4054054054054,3.3459271547176246
221.64502164502164,3.443550469111574
221.88515709642468,3.555316513566993
222.12581344902384,3.676466598159747
222.36699239956567,3.7981199182874135
222.6086956521739,3.9162479037508375
222.85092491838955,4.03608450223238
223.09368191721134,4.164572395357388
223.3369683751363,4.299930064806002
223.58078602620085,4.43084527022047
223.82513661202185,4.546087162831104
224.07002188183807,4.645768072831954
224.31544359255204,4.741765296697612
224.56140350877192,4.8442467360927335
224.80790340285398,4.946925140230602
225.05494505494505,5.027215369184651
225.30253025302528,5.068595703596339
225.55066079295153,5.086261870503882
225.79933847850054,5.117031837664028
226.0485651214128,5.171621135662629
226.29834254143645,5.207622128040278
226.54867256637166,5.174611688371144
226.79955703211516,5.091992257795165
227.0509977827051,5.045693891888859
227.30299667036624,5.073504557087217
227.55555555555554,5.089100748985704
227.80867630700777,4.986972419054247
228.06236080178175,4.814441217026621
228.31661092530658,4.744212321659756
228.57142857142856,4.8251893958926315
228.82681564245812,4.863304187916294
229.082774049217,4.6834736058635285
229.33930571108624,4.44484309740165
229.59641255605382,4.477549827286818
229.8540965207632,4.763545748625139
230.1123595505618,4.846162581879995
230.37120359955006,4.483122835584683
230.6306306306306,4.165702705944334
230.89064261555805,4.532923918730702
231.1512415349887,5.2944214920435755
231.41242937853107,5.36838165818113
231.67420814479635,4.461239403695885
231.9365798414496,3.9048751182082837
232.19954648526078,5.02041425677596
232.46311010215663,6.849195969486043
232.7272727272727,6.859049956348971
232.9920364050057,4.569417908834106
233.25740318906605,3.1524884138277085
233.52337514253134,5.639570481191239
233.78995433789953,9.96816425995108
234.05714285714288,10.439007584043862
234.32494279176203,5.45648955674521
234.59335624284074,1.4488882690842526
234.8623853211009,5.624863539606074
235.13203214695753,15.2611486379696
235.4022988505747,18.800707391464137
235.67318757192174,10.518778074502434
235.9447004608295,0.6677417473135618
236.2168396770473,4.906261475916439
236.48960739030022,23.169360391462444
236.76300578034682,35.95654213150867
237.03703703703707,27.4308866476177
237.3117033603708,8.474399721731938
237.58700696055683,7.310021638165429
237.862950058072,34.226181726811795
238.13953488372093,64.2331964902874
238.41676367869616,64.53569860006057
238.69463869463866,37.07578402922043
238.97316219369893,21.29200427295926
239.25233644859816,47.65910126971136
239.53216374269007,96.71342881556991
239.81264637002343,117.84597869984273
240.0937866354044,90.16619671719772
240.37558685446012,51.41423485837209
240.65804935370153,55.4252730366938
240.94117647058823,106.42061267487854
241.2249705535924,150.7888702208769
241.50943396226415,139.0776205788337
241.79456906729635,84.6716434375773
242.080378250591,47.96338398957652
242.3668639053254,65.35032794437609
242.65402843601896,108.44385153559402
242.94187425860022,120.48785064932241
243.23040380047507,82.70210107979021
243.51961950059456,31.207349678501217
243.80952380952382,9.888742709399263
244.1001191895113,21.760196716225582
244.39140811455846,35.23935677587454
244.68339307048984,28.66452483525166
244.97607655502392,12.69600816290369
245.2694610778443,7.488520254731726
245.56354916067144,12.705092715402966
245.85834333733493,12.299505243011204
246.15384615384616,3.0669187588963864
246.4500601684717,2.7930924811214517
246.7469879518072,24.65583450126281
247.04463208685164,53.87885830993595
247.34299516908212,61.4417679735536
247.6420798065296,39.336177581649586
247.9418886198547,11.517530723162194
248.24242424242422,5.657023438196192
248.54368932038832,21.56560928508109
248.8456865127582,35.09908060968655
249.14841849148416,29.73481560649136
249.45188794153472,14.265869636811079
249.75609756097558,6.7481168477417945
250.06105006105005,9.882203019558746
250.36674816625916,11.169198415904788
250.6731946144431,4.432430217265583
250.98039215686276,0.35751900251667357
251.2883435582822,11.059450591282207
251.5970515970516,30.78709922608256
251.90651906519062,40.27488456549705
252.21674876847288,29.79816654874716
252.52774352651045,10.730209394590734
252.8395061728395,0.9922224793087095
253.15203955500616,4.315518391937929
253.46534653465346,9.661165004713983
253.7794299876084,8.787985982214147
254.09429280397023,6.647929979454927
254.40993788819875,11.745073625074228
254.726368159204,21.81762415504663
255.04358655043586,25.42898530577301
255.36159600997507,17.186411964751073
255.6803995006242,5.327284170287375
255.99999999999997,1.466380325214461
256.3204005006258,6.6776118549755035
256.64160401002505,12.173877328836033
256.9636135508155,12.016072835549728
257.286432160804,9.97087368002435
257.61006289308176,12.229274153429216
257.9345088161209,17.60964775135759
258.2597730138714,19.02772843394982
258.5858585858586,13.42663280298547
258.91276864728195,6.14570801328585
259.24050632911394,3.998130703665993
259.5690747782003,7.254114955612718
259.8984771573604,10.672543216234704
260.22871664548916,10.796553143877423
260.55979643765903,9.905902772562175
260.89171974522293,11.708272059229929
261.2244897959184,15.359806134579896
261.5581098339719,16.463707167802017
261.89258312020456,13.29794275369897
262.2279129321382,9.131959084825281
262.56410256410254,7.76556302949137
262.9011553273428,8.981349887398578
263.2390745501285,9.903882735656723
263.5778635778636,9.345042934374817
263.91752577319585,8.90934654351468
264.258064516129,10.162343279923851
264.59948320413434,12.506063155600518
264.9417852522639,14.009238930901146
265.2849740932642,13.586289380738485
265.6290531776913,12.205794457757017
265.974025974026,11.528863931159398
266.3198959687906,11.760965339443892
266.66666666666663,11.668685222268836
267.01434159061273,10.636119956793188
267.3629242819843,9.636179963197918
267.7124183006536,9.79947180289092
268.0628272251309,10.853018277941898
268.41415465268676,11.677129419837122
268.76640419947506,11.844463964078255
269.119579500657,11.852318007997129
269.47368421052636,12.094629211496901
269.82872200263506,12.424707920117164
270.1846965699208,12.555296666066836
270.5416116248349,12.391239783913912
270.8994708994709,12.081857655432568
271.25827814569533,11.878092356255218
271.6180371352785,11.8571506933328
271.97875166002655,11.842653585477096
272.3404255319149,11.696523392879257
272.70306258322233,11.54320564367198
273.06666666666666,11.620341026411545
273.4312416555407,11.964392681882034
273.7967914438503,12.317907226926424
274.1633199464525,12.442642757670304
274.5308310991957,12.43950487044419
274.8993288590604,12.519713610977075
275.26881720430106,12.635934519786124
275.6393001345895,12.64021837005989
276.010781671159,12.552316838633539
276.3832658569501,12.460151163766854
276.7567567567567,12.391719525342811
277.1312584573748,12.352226900854342
277.50677506775065,12.327100651403493
277.88331071913166,12.30307384037202
278.2608695652174,12.328096718747886
278.6394557823129,12.4443339165161
279.01907356948226,12.612497615560871
279.39972714870396,12.780455042606867
279.78142076502735,12.927976959455954
280.1641586867305,13.03013775347513
280.54794520547944,13.068128725181587
280.93278463648835,13.041655110230273
281.31868131868134,12.943999097066051
281.70563961485556,12.783219911143487
282.0936639118457,12.603722462411657
282.48275862068965,12.449311409993326
282.8729281767956,12.346222351071441
283.2641770401106,12.322042883583997
283.6565096952908,12.397014024325573
284.0499306518724,12.567372773175874
284.44444444444446,12.815425276697251
284.84005563282335,13.111507043200831
285.2367688022284,13.405854958798422
285.63458856345886,13.646394910031649
286.0335195530726,13.797333094055343
286.43356643356645,13.830445736659417
286.8347338935574,13.727140947335117
287.23702664796633,13.497338107121802
287.6404494382022,13.172680089824514
288.0450070323488,12.793351581281508
288.4507042253521,12.415222948717817
288.85754583921016,12.100215660246299
289.2655367231638,11.896805958947212
289.6746817538897,11.845044498071873
290.08498583569406,11.972909045690505
290.49645390070924,12.277461673481467
290.9090909090909,12.731845827284996
291.32290184921766,13.29657927888624
291.73789173789174,13.910935260619778
292.15406562054204,14.502240104006557
292.57142857142856,15.005808506376804
292.9899856938483,15.360890926377325
293.4097421203438,15.516713548268891
293.83070301291247,15.451978537625626
294.2528735632184,15.166002342424004
294.67625899280574,14.673170418934822
295.1008645533141,14.016940911663935
295.52669552669556,13.259259500541791
295.9537572254335,12.465566317539842
296.3820549927641,11.710646467106972
296.81159420289856,11.070751211818745
297.2423802612482,10.608961809480924
297.6744186046512,10.378197221085916
298.1077147016012,10.41834534256039
298.54227405247815,10.745293294465995
298.978102189781,11.354959461168434
299.41520467836256,12.228379820761187
299.8535871156662,13.326003846487948
300.2932551319648,14.59213356161218
300.73421439060206,15.965572569965245
301.17647058823525,17.37786261154614
301.620029455081,18.756547365353907
302.06489675516224,20.037413863232583
302.5110782865583,21.163165067217
302.95857988165676,22.082512327773973
303.4074074074074,22.760448783923326
303.85756676557867,23.176389919885985
304.30906389301634,23.318868363452776
304.7619047619047,23.191033274530934
305.2160953800298,22.807991555102348
305.6716417910448,22.190612511638083
306.1285500747384,21.36758214756911
306.58682634730536,20.372178001682816
307.0464767616192,19.23785108227808
307.5075075075075,17.999283170080396
307.96992481203006,16.68959287062059
308.433734939759,15.339174262187743
308.8989441930618,13.977012096711706
309.3655589123867,12.627646300807632
309.83358547655064,11.312151779035453
310.3030303030303,10.049970977448293
310.7738998482549,8.855346557007163
311.2462006079027,7.738933376882114
311.7199391171994,6.7101360853026675
312.1951219512195,5.773574665190117
312.67175572519085,4.930341773937697
313.1498470948012,4.180543919462795
313.6294027565084,3.520914253097899
314.11042944785277,2.9459605935273885
314.5929339477727,2.450049979572505
315.0769230769231,2.0257856965442276
315.5624036979969,1.6650756625419372
316.04938271604937,1.360862606223269
316.53786707882534,1.105981689273584
317.0278637770898,0.8935129246755315
317.5193798449612,0.7176046953967137
318.0124223602484,0.5728020698153936
318.50699844479004,0.4542856988231963
319.0031152647975,0.3580559395866004
319.5007800312012,0.2804098731310326
320.0,0.2182036768425992
320.5007824726134,0.16883824660584473
321.0031347962382,0.12987752352095402
321.5070643642072,0.09933625894603253
322.0125786163522,0.07563917991875727
322.5196850393701,0.05730662591052124
323.02839116719235,0.04317159186604102
323.5387045813586,0.03237887132890947
324.0506329113924,0.024156642096209293
324.56418383518223,0.01791283356352324
325.07936507936506,0.013223669052949688
325.59618441971384,0.00970512297326648
326.11464968152865,0.007073783359558925
326.63476874003186,0.005135531256690532
327.15654952076676,0.003708621294452231
327.68,0.0026583123962318515
328.2051282051282,0.0018960256405267573
328.7319422150882,0.0013429752684439046
329.2604501607717,0.0009439212959684922
329.7906602254429,0.0006605560516548059
330.3225806451613,0.0004574215499350233
330.8562197092084,0.00031350362496884016
331.3915857605178,0.00021506997652097308
331.9286871961102,0.0001467103815150452
332.46753246753246,9.940662784525637e-05
333.0081300813008,6.798174245351643e-05
333.5504885993485,4.643245646430729e-05
334.094616639478,3.159643576226067e-05
334.640522875817,2.169754857535349e-05
335.18821603927984,1.4454372688318951e-05
335.73770491803276,9.152162659097002e-06
336.28899835796386,5.662782132790866e-06
336.8421052631579,3.254089604634643e-06
337.3970345963756,1.641380978265466e-06
337.95379537953795,7.735925893961882e-07
338.51239669421483,3.3132487044632343e-07
339.07284768211923,1.4993962680397845e-07
339.63515754560524,1.6920792798603218e-07
340.19933554817277,2.4229586574110896e-07
340.765391014975,2.627875733606453e-07
341.3333333333333,2.4406962456178507e-07
341.9031719532554,2.2340338215619323e-07
342.4749163879599,2.0518376181584133e-07
343.04857621440533,1.9507278103219473e-07
343.6241610738255,1.9421481624947412e-07
344.2016806722689,2.0127580918665388e-07
344.7811447811448,2.3136550860426377e-07
345.362563237774,2.587068948150038e-07
345.94594594594594,2.611034363336503e-07
346.5313028764805,2.7413041679150433e-07
347.11864406779665,3.059492684707697e-07
347.70797962648555,3.2026792807890874e-07
348.29931972789115,2.9145481151104723e-07
348.8926746166951,2.683418803930758e-07
349.4880546075085,3.109325467783623e-07
350.0854700854701,3.8251386125218323e-07
350.6849315068493,4.4470874479730424e-07
351.286449399657,5.255937053959168e-07
351.89003436426117,6.133938063887088e-07
352.4956970740103,6.774329325959218e-07
353.10344827586204,7.392189719578547e-07
353.71329879101904,8.338797974653539e-07
354.3252595155709,9.325101036354675e-07
354.93934142114387,9.606292710160527e-07
355.55555555555554,9.489328955237409e-07
356.17391304347825,9.572668455978782e-07
356.794425087108,9.553464288733376e-07
357.4171029668411,9.516548699796575e-07
358.04195804195797,9.974611696079586e-07
358.6690017513135,1.1093849793341962e-06
359.29824561403507,1.2901920162684722e-06
359.9297012302285,1.5028947040421355e-06
360.5633802816901,1.6946993368574798e-06
361.1992945326279,1.8716059522924271e-06
361.8374558303887,2.112017856234443e-06
362.4778761061947,2.4405698771882512e-06
363.1205673758865,2.7083782682405274e-06
363.76554174067496,2.858072524172443e-06
364.4128113879003,3.0067150698470773e-06
365.0623885918003,3.1415306951539347e-06
365.7142857142857,3.2669461624494018e-06
366.3685152057245,3.548777423213483e-06
367.02508960573476,3.977229855378753e-06
367.68402154398564,4.3612266454947975e-06
368.3453237410072,4.710035786056952e-06
369.009009009009,5.155463757908311e-06
369.67509025270755,5.6402297089735276e-06
370.3435804701627,6.1309799363355685e-06
371.0144927536232,6.745029341316426e-06
371.68784029038113,7.353150175361491e-06
372.3636363636364,7.789121373667474e-06
373.0418943533697,8.281617471619868e-06
373.7226277372263,8.974392017035435e-06
374.4058500914077,9.698946860883015e-06
375.09157509157507,1.0436298893990133e-05
375.77981651376143,1.1338691304458951e-05
376.47058823529414,1.2430242759967176e-05
377.1639042357274,1.3596855530276229e-05
377.8597785977859,1.4720700540726458e-05
378.5582255083179,1.5781317642019567e-05
379.25925925925924,1.6928596709123574e-05
379.96289424860856,1.8356228454524705e-05
380.6691449814126,1.994571307087372e-05
381.37802607076355,2.137868864875965e-05
382.089552238806,2.2754275023581582e-05
382.803738317757,2.452247241133744e-05
383.5205992509363,2.6690679353696975e-05
384.24015009380867,2.8764935697001507e-05
384.96240601503763,3.0746144232711264e-05
385.6873822975518,3.318924891070621e-05
386.4150943396226,3.611189661143584e-05
387.14555765595463,3.925676746974248e-05
387.8787878787879,4.276428898195431e-05
388.6148007590133,4.6396354239395075e-05
389.35361216730035,4.98154598017123e-05
390.09523809523813,5.371515557433282e-05
390.8396946564886,5.857085503037559e-05
391.5869980879541,6.358906056511947e-05
392.3371647509578,6.83103959006269e-05
393.0902111324376,7.336128704649103e-05
393.84615384615387,7.926149451658492e-05
394.6050096339113,8.594398120052293e-05
395.3667953667953,9.303542689411372e-05
396.1315280464217,0.00010032580111858755
396.8992248062015,0.00010814524351264858
397.6699029126213,0.00011673731985813014
398.4435797665369,0.00012613743742422194
399.22027290448347,0.000136546473150079
400.0,0.00014743130935795018
400.7827788649706,0.0001583281733359766
401.56862745098044,0.00017033673493386137
402.35756385068765,0.0001836846516482882
403.1496062992126,0.00019722612904379667
403.9447731755424,0.0002116972398540546
404.7430830039526,0.000228209766454098
405.54455445544556,0.00024584439832716574
406.3492063492063,0.0002642736092462249
407.1570576540755,0.0002840194382554719
407.9681274900399,0.00030475786452452224
408.7824351297405,0.0003270389415329344
409.59999999999997,0.00035168600203013803
410.4208416833667,0.0003779279886560759
411.24497991967877,0.000405689833685522
412.07243460764585,0.00043578113455664956
412.9032258064516,0.00046814281840518233
413.7373737373737,0.0005031101769376943
414.57489878542515,0.0005406263222143731
415.4158215010142,0.0005800241075880107
416.260162601626,0.0006229720071455704
417.10794297352334,0.0006704422147333586
417.9591836734694,0.0007203338003355377
418.81390593047036,0.0007734019061931842
419.67213114754094,0.0008320025843771137
420.53388090349074,0.0008945714621294248
421.3991769547325,0.0009614624666147882
422.2680412371134,0.001035595907938469
423.1404958677686,0.0011148856738491923
424.0165631469979,0.0011984851391954583
424.896265560166,0.001289703058647533
425.77962577962575,0.0013882373268177242
426.6666666666667,0.0014948235996127205
427.5574112734864,0.0016102259498579185
428.45188284518827,0.0017323519303795634
429.3501048218029,0.0018661289676392423
430.25210084033614,0.0020108073955932898
431.1578947368421,0.0021603328113338465
432.06751054852316,0.002325615715217938
432.98097251585625,0.002507833540911215
433.8983050847458,0.002695470646410074
434.81953290870484,0.0029005571776716476
435.74468085106383,0.003130373654740993
436.67377398720674,0.003373490998617308
437.60683760683764,0.003630283272175826
438.54389721627405,0.003910471570649147
439.48497854077254,0.004222468260702227
440.4301075268817,0.004553870240960088
441.37931034482756,0.00489897558304607
442.3326133909287,0.005293440512222357
443.2900432900433,0.0057294581784841005
444.2516268980477,0.006174027173826876
445.2173913043478,0.006661447871380886
446.1873638344227,0.00720808253343103
447.1615720524017,0.007796324543171382
448.14004376367615,0.008425703980899101
449.12280701754383,0.009098799225342994
450.1098901098901,0.009857140354899544
451.10132158590307,0.01067977746552243
452.0971302428256,0.011515734056169114
453.0973451327433,0.012471859626544986
454.1019955654102,0.01354429565895662
455.1111111111111,0.01461680390604241
456.1247216035635,0.01580385539479936
457.1428571428571,0.01715907262073236
458.165548098434,0.018592947314657726
459.19282511210764,0.020117664565371698
460.2247191011236,0.02176510296688025
461.2612612612612,0.023655536689847278
462.3024830699774,0.025716061078558405
463.3484162895927,0.027766645033845235
464.39909297052156,0.030155600136480377
465.4545454545454,0.03290266734569838
466.5148063781321,0.035631263100696794
467.57990867579906,0.03865790264131403
468.64988558352405,0.04212570493618043
469.7247706422018,0.04587422661426243
470.8045977011494,0.04991415369505724
471.889400921659,0.054125153256869875
472.97921478060044,0.0590879532629321
474.07407407407413,0.06465980416445008
475.17401392111367,0.06996822227783128
476.27906976744185,0.07625943674831777
477.3892773892773,0.08368839398821883
478.5046728971963,0.09097386473905636
479.62529274004686,0.09910386267142894
480.75117370892025,0.10830876535406662
481.88235294117646,0.11854224986417036
483.0188679245283,0.12982174855399173
484.160756501182,0.14097495393533666
485.3080568720379,0.15465463383833541
486.46080760095015,0.17059486890760392
487.61904761904765,0.18526366418324308
488.7828162291169,0.2030043544297786
489.95215311004785,0.22413113641215765
491.1270983213429,0.24520163099873554
492.3076923076923,0.26905571728197936
493.4939759036144,0.29491980570431053
494.68599033816423,0.3252382742450512
495.8837772397094,0.35944619479420675
497.08737864077665,0.391207230811879
498.29683698296833,0.43212599435003857
499.51219512195115,0.480531423206243
500.7334963325183,0.5243236498574142
501.9607843137255,0.5782414386790516
503.1941031941032,0.6409096547740794
504.43349753694577,0.7066191247083764
505.679012345679,0.7816305063458202
506.9306930693069,0.8573897359662177
508.18858560794047,0.9530929357873528
509.452736318408,1.0624615710251095
510.72319201995015,1.1589519054275919
511.99999999999994,1.2888364179377476
513.2832080200501,1.4413130626131077
514.572864321608,1.582987299262619
515.8690176322418,1.757484851988005
517.1717171717172,1.9498644436728272
518.4810126582279,2.168975152474514
519.7969543147208,2.417434861146188
521.1195928753181,2.650680754868089
522.4489795918367,2.9686518832063635
523.7851662404091,3.329979879731949
525.1282051282051,3.6444579163266395
526.478149100257,4.074772572845112
527.8350515463917,4.565084536177122
529.1989664082687,5.05248299937714
530.5699481865284,5.639021928422142
531.948051948052,6.245686038510375
533.3333333333333,7.0042028798542635
534.7258485639686,7.847775248875215
536.1256544502618,8.602329605895575
537.5328083989501,9.683369413316244
538.9473684210527,10.888391507152518
540.3693931398416,11.968245717523178
541.7989417989418,13.415965858297323
543.236074270557,14.99917330049633
544.6808510638298,16.714399527570528
546.1333333333333,18.695432844863156
547.5935828877006,20.630447728283322
549.0616621983914,23.245635558341533
550.5376344086021,26.078099091747706
552.021563342318,28.569687000856568
553.5135135135134,32.18775426692258
555.0135501355013,36.1207283576477
556.5217391304348,39.83839096078803
558.0381471389645,44.60600864392095
559.5628415300547,49.60550899092767
561.0958904109589,55.47954165140027
562.6373626373627,61.966098017520125
564.1873278236914,68.02839141815659
565.7458563535912,76.6464268691658
567.3130193905816,85.73567024898678
568.8888888888889,93.74656529639806
570.4735376044569,105.21198650808157
572.0670391061452,117.35640521449925
573.6694677871149,129.46365010486284
575.2808988764044,144.19375180419797
576.9014084507043,159.00836872738503
578.5310734463276,177.54060525678221
580.1699716713881,197.17111063169585
581.8181818181818,214.79311377131984
583.4757834757835,240.57781117637995
585.1428571428571,267.08474464125703
586.8194842406876,290.37762057028027
588.5057471264367,322.88865007698996
590.2017291066282,356.3376116558885
591.907514450867,390.9255588904679
593.6231884057971,430.97546067778626
595.3488372093024,469.3054052278336
597.0845481049563,519.6103355280211
598.8304093567251,570.7933230756568
600.5865102639297,614.0622174251221
602.3529411764705,679.2762345487112
604.1297935103245,744.4183372014542
605.9171597633135,799.8257424873658
607.7151335311573,876.1261471708256
609.5238095238094,951.5635448948992
611.3432835820896,1030.4953075469614
613.1736526946107,1117.7892509633211
615.015015015015,1194.7497398844034
616.867469879518,1301.661648560516
618.7311178247734,1405.2879546891402
620.6060606060606,1481.9760726664963
622.4924012158054,1607.2184607649267
624.390243902439,1726.6212260392513
626.2996941896024,1816.1467417757901
628.2208588957055,1944.2714571424403
630.1538461538462,2061.654695363927
632.0987654320987,2181.1220483222364
634.0557275541796,2307.2933218988496
636.0248447204968,2396.6229358685905
638.006230529595,2542.324639718535
640.0,2670.3654587399487
642.0062695924764,2723.4081841303732
644.0251572327044,2862.6622097874188
646.0567823343847,2980.4718473106723
648.1012658227849,3018.6028168051444
650.1587301587301,3116.142362658256
652.2292993630573,3181.881125428238
654.3130990415335,3229.8744872478856
656.4102564102564,3278.461738835701
658.5209003215434,3245.7681902171544
660.6451612903226,3289.2068460104606
662.7831715210356,3298.7308134539926
664.9350649350649,3163.911433652774
667.100977198697,3155.6641274376548
669.281045751634,3122.1654375918765
671.4754098360655,2940.123081948983
673.6842105263158,2852.3066711212805
675.9075907590759,2739.692768022725
678.1456953642385,2562.8769060540644
680.3986710963455,2414.319239711685
682.6666666666666,2200.0418414313326
684.9498327759198,2050.3537524987696
687.248322147651,1911.2221248052067
689.5622895622896,1650.9138400932804
691.8918918918919,1533.5454908804875
694.2372881355933,1455.8672832379063
696.5986394557823,1226.2531590566782
698.976109215017,1137.8672640847706
701.3698630136986,1135.6604355978816
703.7800687285223,1002.6655312538403
706.2068965517241,987.1277520615445
708.6505190311418,1104.9144814021365
711.1111111111111,1133.23279567598
713.588850174216,1243.9432539777195
716.0839160839159,1472.9947463939138
718.5964912280701,1627.3256869115742
721.1267605633802,1816.524765070145
723.6749116607774,1977.2641079973537
726.241134751773,2099.848474113754
728.8256227758006,2356.3290955381494
731.4285714285714,2394.8538267469594
734.0501792114695,2507.4812029946506
736.6906474820144,3023.515455321936
739.3501805054151,2991.198868170553
742.0289855072464,2744.7501314797064
744.7272727272727,2949.824455897209
747.4452554744526,2595.2934261282876
750.1831501831501,2107.919006343506
752.9411764705883,2287.5225645833098
755.7195571955718,2198.4306929926925
758.5185185185185,1928.194200295118
761.3382899628252,1933.1012987213765
764.179104477612,1800.3161244775558
767.0411985018726,1416.410359492956
769.9248120300753,1480.8936219772045
772.8301886792452,2802.4035879720623
775.7575757575758,1724.7968711713506
778.7072243346007,2604.476267427001
781.6793893129772,4484.949218856512
784.6743295019156,3204.595954888727
787.6923076923077,2560.055668600886
790.7335907335906,2414.6758601456245
793.798449612403,2014.127305628523
796.8871595330738,1635.1939009497141
800.0,1530.8763943421868
803.1372549019609,1746.3748433961077
806.2992125984252,2052.784082498962
809.4861660079052,2260.3154820201926
812.6984126984127,3627.3370171486044
815.9362549800798,5821.471697430921
819.1999999999999,3491.8345534796667
822.4899598393575,507.3298942212608
825.8064516129032,472.3794341632816
829.1497975708503,2263.551396766603
832.520325203252,3602.2266869421605
835.9183673469388,3187.71615039367
839.3442622950819,3681.7083351432243
842.798353909465,3682.6230247395965
846.2809917355372,2477.2933889879764
849.792531120332,1934.1112654427716
853.3333333333334,1660.4609547320356
856.9037656903765,1128.591012195065
860.5042016806723,1092.6802368287063
864.1350210970463,1436.5239676498813
867.7966101694916,1693.6773096836018
871.4893617021277,2124.8433340480656
875.2136752136753,2949.2958139992857
878.9699570815451,3716.063785412304
882.7586206896551,4392.188783484542
886.5800865800866,5272.756692153902
890.4347826086956,5766.7678791979115
894.3231441048034,5841.05180138194
898.2456140350877,6101.392782782279
902.2026431718061,6027.623900039806
906.1946902654867,5521.952299196084
910.2222222222222,5263.091427625025
914.2857142857142,4884.031980390383
918.3856502242153,4195.182568304411
922.5225225225224,3716.7429463130256
926.6968325791854,3264.803196995586
930.9090909090908,2663.2469019832747
935.1598173515981,2204.404454880122
939.4495412844036,1826.3287195076557
943.778801843318,1433.7490859164586
948.1481481481483,1128.9401742299199
952.5581395348837,880.9469969722436
957.0093457943926,672.6117378392098
961.5023474178405,514.990834646793
966.0377358490566,374.5306556563811
970.6161137440758,275.8847429106587
975.2380952380953,210.06026664165987
979.9043062200957,140.9849305975884
984.6153846153846,97.8845915845702
989.3719806763285,76.48438520189731
994.1747572815533,47.833911482326094
999.0243902439023,30.251742900726043
1003.921568627451,25.106536643270825
1008.8669950738915,15.167296223982234
1013.8613861386139,8.374308128333325
1018.905472636816,7.407621611012263
1023.9999999999999,4.526023210076331
1029.145728643216,2.126245177469497
1034.3434343434344,1.8791399852855954
1039.5939086294416,1.2065261216187242
1044.8979591836735,0.5153230466403452
1050.2564102564102,0.38975839781893834
1055.6701030927834,0.2734523400417065
1061.139896373057,0.1406026908800441
1066.6666666666665,0.0768624223170039
1072.2513089005236,0.05827756340011154
1077.8947368421054,0.04657211495063056
1083.5978835978835,0.026790956424409734
1089.3617021276596,0.019360017843906913
1095.1871657754011,0.012745632999466006
1101.0752688172042,0.016374785519294565
1107.0270270270269,0.012946630718175796
1113.0434782608695,0.001491940260534671
1119.1256830601094,0.011490217090253807
1125.2747252747254,0.008883639400699585
1131.4917127071824,0.0005182764539990487
1137.7777777777778,0.009126066632924583
1144.1340782122904,0.004073204085743655
1150.5617977528088,0.0017629471675946402
1157.0621468926552,0.0077168274174768126
1163.6363636363635,0.0008938378203897994
1170.2857142857142,0.0025109416727579154
1177.0114942528735,0.005767507523260328
1183.815028901734,1.240816581239738e-05
1190.6976744186047,0.002881460521278779
1197.6608187134502,0.0032705764604737076
1204.705882352941,0.00020120901163288494
1211.834319526627,0.0030157176735815033
1219.0476190476188,0.0012518880653951123
1226.3473053892214,0.0005078375224552442
1233.734939759036,0.0026292856139299692
1241.2121212121212,0.00027088263171526366
1248.780487804878,0.0007941070414955985
1256.441717791411,0.0017599462207196766
1264.1975308641975,1.5859249158701736e-05
1272.0496894409937,0.001050070000005641
1280.0,0.0008682787538834596
1288.0503144654087,1.6223775223637444e-05
1296.2025316455697,0.001100633120817862
1304.4585987261146,0.0003131869014927372
1312.8205128205127,9.605985389287844e-05
1321.2903225806451,0.0008743033439360428
1329.8701298701299,8.39589889070952e-05
1338.562091503268,0.00021952677719716028
1347.3684210526317,0.0005323962008717158
1356.291390728477,1.1887684686081028e-05
1365.3333333333333,0.0003083308993880049
1374.496644295302,0.0002647199409668532
1383.7837837837837,2.630995973801311e-06
1393.1972789115646,0.0002980739957680656
1402.7397260273972,0.00012012804981689541
1412.4137931034481,3.336597909551135e-05
1422.2222222222222,0.0002151384514098939
1432.1678321678319,5.01986503499694e-05
1442.2535211267605,7.416681223956281e-05
1452.482269503546,0.0001298003987946255
1462.857142857143,1.3765179753867362e-05
1473.3812949640287,8.997644440206175e-05
1484.0579710144928,7.557351730905933e-05
1494.890510948905,1.9535923164823894e-06
1505.8823529411766,7.587333103375474e-05
1517.037037037037,4.4328889697378046e-05
1528.358208955224,8.124075083980958e-06
1539.8496240601505,5.27426566853447e-05
1551.5151515151515,2.2175813594599152e-05
1563.3587786259543,1.723125773653138e-05
1575.3846153846155,3.5773332639120124e-05
1587.596899224806,7.4005224266339935e-06
1600.0,1.9532248034325435e-05
1612.5984251968505,2.4832122635947826e-05
1625.3968253968253,1.4699217629160304e-06
1638.3999999999999,1.6869786191547957e-05
1651.6129032258063,1.5406708822561184e-05
1665.040650406504,1.2799604231146302e-06
1678.6885245901638,1.4005905651519215e-05
1692.5619834710744,7.226185658832473e-06
1706.6666666666667,2.3110129166640923e-06
1721.0084033613446,1.1819774575277814e-05
1735.5932203389832,2.219983302777714e-06
1750.4273504273506,2.776621653887217e-06
1765.5172413793102,8.941864156505759e-06
1780.8695652173913,4.1422737294904824e-07
1796.4912280701753,3.083489849934949e-06
1812.3893805309733,5.346576906947411e-06
1828.5714285714284,1.7847278180790213e-07
1845.0450450450448,3.369011570367581e-06
1861.8181818181815,2.3568944379222858e-06
1878.8990825688072,3.1668685881951464e-07
1896.2962962962965,3.191016748448135e-06
1914.0186915887853,7.334703761506965e-07
1932.0754716981132,5.500318294740205e-07
1950.4761904761906,2.388209134821121e-06
1969.2307692307693,1.5799844137177453e-07
1988.3495145631066,8.233195633519896e-07
2007.843137254902,1.374271630983742e-06
2027.7227722772277,2.593039448345689e-08
2047.9999999999998,9.611817183381167e-07
2068.686868686869,6.202894773984627e-07
2089.795918367347,2.5821939276796022e-08
2111.340206185567,8.311433830118836e-07
2133.333333333333,2.416708890879107e-07
2155.789473684211,9.887497479861812e-08
2178.723404255319,5.431416193016028e-07
2202.1505376344085,9.666597721349632e-08
2226.086956521739,1.9156198450555087e-07
2250.5494505494507,2.796504131429725e-07
2275.5555555555557,4.0817156208908716e-08
2301.1235955056177,2.263399806446598e-07
2327.272727272727,1.227413693279538e-07
2354.022988505747,2.0998236416270636e-08
2381.3953488372094,1.8392062443005423e-07
2409.411764705882,5.6440998844625814e-08
2438.0952380952376,2.3658510927119316e-08
2467.469879518072,1.1250846340981616e-07
2497.560975609756,2.78143729072969e-08
2528.395061728395,3.298974498013784e-08
2560.0,5.8690898068510136e-08
2592.4050632911394,1.231990454994026e-08
2625.6410256410254,3.1830400926768714e-08
2659.7402597402597,3.137206631674297e-08
2694.7368421052633,5.327673566227458e-09
2730.6666666666665,2.217212381751637e-08
2767.5675675675675,1.609921310088539e-08
2805.4794520547944,3.5120469807631158e-09
2844.4444444444443,1.537596702866938e-08
2884.507042253521,6.1980421902829486e-09
2925.714285714286,2.1636021178421647e-09
2968.1159420289855,1.4374308151220396e-08
3011.764705882353,3.2197241509539653e-09
3056.716417910448,7.847543917643458e-10
3103.030303030303,1.3404500905687141e-08
3150.769230769231,4.894285798566449e-09
3200.0,3.434011194104915e-10
3250.7936507936506,9.695059510470303e-09
3303.2258064516127,5.66026753970787e-09
3357.3770491803275,5.289474386495335e-10
3413.3333333333335,4.3536863401873315e-09
3471.1864406779664,3.4221592908632337e-09
3531.0344827586205,3.366999784278356e-10
3592.9824561403507,1.135519362229097e-09
3657.142857142857,1.4931041845261466e-09
3723.636363636363,1.7062892119648623e-10
3792.592592592593,4.808220460293622e-10
3864.1509433962265,8.629964735794005e-10
3938.4615384615386,1.8260613921788372e-10
4015.686274509804,8.860639428517785e-11
4095.9999999999995,2.0297985456751198e-10
4179.591836734694,7.234994945630482e-11
4266.666666666666,8.501161266093893e-11
4357.446808510638,1.4292304976298318e-10
4452.173913043478,4.1844987413529094e-12
4551.111111111111,7.807655662768367e-12
4654.545454545454,7.922509807574743e-12
4762.790697674419,4.307648872226215e-14
4876.190476190475,6.306588345100093e-13
4995.121951219512,5.747880837150184e-13
5120.0,5.234761724621609e-15
5251.282051282051,5.0935367969632594e-14
5389.473684210527,4.3406553954924024e-14
5535.135135135135,3.5513646967175787e-15
5688.888888888889,2.9068023338370263e-15
5851.428571428572,2.8691344785824924e-15
6023.529411764706,1.163184845638778e-15
6206.060606060606,1.8800622707303097e-16
6400.0,2.4559784557693276e-16
6606.451612903225,1.901351964059894e-16
6826.666666666667,1.4887061070453578e-17
7062.068965517241,4.692182771885945e-17
7314.285714285714,2.8646714372360774e-17
7585.185185185186,1.836415928570127e-18
7876.923076923077,1.2081872228933384e-17
