"Wavelength, nm",Intensity
136.44237175216523,4.090164814551254e-22
136.53333333333333,4.948147775181902e-22
136.62441627751835,5.912437405542907e-22
136.71562082777035,6.977530906880641e-22
136.80694722778892,8.111214156784725e-22
136.89839572192514,8.241364070979028e-22
136.98996655518394,2.3182536604768514e-20
137.08165997322624,2.194971901583144e-18
137.17347622237108,1.0489989148273873e-16
137.26541554959786,2.321173016802922e-15
137.35747820254863,2.912070580540478e-14
137.4496644295302,2.424834517353603e-13
137.54197447951645,1.501992628063691e-12
137.63440860215053,7.463820276326591e-12
137.72696704774717,3.0771539359775225e-11
137.81965006729476,1.0710325015621361e-10
137.9124579124579,3.236197509833206e-10
138.0053908355795,8.717909810331645e-10
138.09844908968307,2.100357835481745e-09
138.19163292847506,4.508527527824664e-09
138.28494260634707,8.781894125536667e-09
138.37837837837836,1.5962087148129964e-08
138.47194050033806,2.7164827027671438e-08
138.5656292286874,4.2798227357840285e-08
138.65944482058225,6.326179804973417e-08
138.75338753387533,9.084188141251126e-08
138.84745762711862,1.2798253738258488e-07
138.94165535956583,1.7305030237430676e-07
139.03598099117448,2.235746403367915e-07
139.1304347826087,2.849420893991097e-07
139.22501699524133,3.647339093523391e-07
139.31972789115645,4.535476788783554e-07
139.4145677331518,5.297359526818602e-07
139.50953678474113,5.932149143668667e-07
139.60463531015677,6.639765671693325e-07
139.69986357435198,7.290997320559043e-07
139.79522184300342,7.391598902354301e-07
139.89071038251367,6.876935238674719e-07
139.98632946001365,6.312561990149155e-07
140.08207934336525,5.899318846184326e-07
140.17796030116358,5.091402579512482e-07
140.27397260273972,3.7928860618153936e-07
140.37011651816314,2.9858212545293e-07
140.46639231824417,3.3229683892888264e-07
140.56280027453673,4.231776744001405e-07
140.65934065934067,5.778986263626356e-07
140.75601374570448,1.0078588052315497e-06
140.85281980742778,1.8600271942419142e-06
140.949759119064,2.97682963459632e-06
141.04683195592284,4.30513849658727e-06
141.14403859407307,6.334882835152662e-06
141.24137931034483,9.500140896036378e-06
141.33885438233264,1.3381256697956078e-05
141.4364640883978,1.747185544191486e-05
141.53420870767104,2.2484841130600907e-05
141.6320885200553,2.949723765158561e-05
141.73010380622836,3.804538944819051e-05
141.8282548476454,4.695959766095834e-05
141.92654192654192,5.68444789205123e-05
142.0249653259362,6.930504790394972e-05
142.1235253296322,8.405045907556917e-05
142.22222222222223,9.98430927011557e-05
142.32105628908963,0.00011769898540931807
142.42002781641168,0.00013917513535710373
142.51913709116212,0.00016270026156303872
142.6183844011142,0.00018696323676725536
142.7177700348432,0.00021578493852535322
142.81729428172943,0.0002521113051715818
142.91695743196092,0.0002905146711397598
143.0167597765363,0.0003263388701566936
143.11670160726763,0.00036775557210922094
143.21678321678323,0.0004237743179604891
143.31700489853043,0.00048560292494727217
143.4173669467787,0.000540106133165611
143.5178696566223,0.0005963571085425406
143.61851332398317,0.0006726930107500791
143.71929824561403,0.0007618458239979657
143.8202247191011,0.0008411425021976548
143.92129304286718,0.00091490430033881
144.0225035161744,0.0010085804379098124
144.12385643912737,0.0011200619493853142
144.22535211267606,0.0012203603457604554
144.32699083861874,0.001307640402799793
144.42877291960508,0.0014123475515202357
144.530698659139,0.0015381928023200514
144.6327683615819,0.0016504975939617252
144.73498233215545,0.0017409337797550611
144.83734087694484,0.0018477764512870364
144.9398443029016,0.0019847009541657822
145.04249291784703,0.0021090873107666923
145.14528703047483,0.002200673818304901
145.24822695035462,0.0023086348782087435
145.35131298793468,0.0024647524166243975
145.45454545454544,0.0026162164883411915
145.55792466240226,0.002720691257807107
145.66145092460883,0.002838570661391547
145.76512455516016,0.0030301356627026694
145.86894586894587,0.0032324436461559536
145.9729151817534,0.003366561603810741
146.07703281027102,0.003495367131309975
146.18129907209135,0.0037170522647895616
146.28571428571428,0.0039709395656524725
146.39027877055037,0.004136102913432425
146.49499284692416,0.004259622017377942
146.59985683607732,0.004472142854105215
146.7048710601719,0.00473031875271097
146.8100358422939,0.004883233830645782
146.91535150645623,0.004956634189983113
147.0208183776023,0.005110530729334259
147.1264367816092,0.005329342779478926
147.23220704529115,0.005429204317870914
147.33812949640287,0.00539447492429517
147.4442044636429,0.005428756012381465
147.55043227665706,0.005598231565531472
147.6568132660418,0.005692639913703364
147.76334776334778,0.0055841940250176934
147.87003610108303,0.005481252384506951
147.97687861271675,0.00559588311802229
148.08387563268258,0.005762261376687871
148.19102749638205,0.0057081496596378956
148.29833454018825,0.005557817197291877
148.40579710144928,0.0056502210208840865
148.51341551849166,0.005930425856144371
148.6211901306241,0.006014603904195583
148.72912127814087,0.005883466775402001
148.8372093023256,0.005962879499638166
148.94545454545454,0.006370471920634936
149.0538573508006,0.0066536012929838345
149.16241806263656,0.006558614494129163
149.27113702623907,0.006503458937678117
149.38001458789202,0.006866001518029601
149.4890510948905,0.007304751528180324
149.59824689554418,0.0073227737352016846
149.70760233918128,0.007103613820220758
149.81711777615214,0.007178915243024709
149.9267935578331,0.007532027299606229
150.03663003663004,0.007659072902476042
150.1466275659824,0.007418081283870656
150.25678650036684,0.007224979744929656
150.36710719530103,0.007339550265095674
150.47759000734754,0.007473032278403023
150.58823529411762,0.007320366817810114
150.69904341427517,0.007068416619134303
150.8100147275405,0.0070549859887805415
150.92114959469419,0.007220075747929391
151.03244837758112,0.0072607221097680565
151.1439114391144,0.007150906882671337
151.25553914327915,0.007156125315413829
151.3673318551367,0.007399228840119551
151.47928994082838,0.007699532552220433
151.59141376757958,0.007867851154579556
151.7037037037037,0.007966007070902125
151.81616011860638,0.008187602701572405
151.92878338278933,0.008575353438366143
152.04157386785448,0.008960728010279188
152.15453194650817,0.009178965279354568
152.26765799256503,0.00926534905058857
152.38095238095235,0.009384860188145003
152.4944154877141,0.009598181973934786
152.6080476900149,0.009782815639173794
152.72184936614468,0.009810507465143121
152.8358208955224,0.009708131220725372
152.9499626587005,0.009573117108573725
153.0642750373692,0.009427670794280613
153.1787584143605,0.009265326870996455
153.29341317365268,0.009144287547693659
153.40823970037454,0.009091771052376652
153.5232383808096,0.00900585198062577
153.6384096024006,0.008816713099873027
153.75375375375376,0.00866311030146881
153.86927122464311,0.008735925077280129
153.98496240601503,0.009019871398108878
154.10082768999246,0.009348186166827307
154.2168674698795,0.009633435627369567
154.33308214016577,0.009904488210754717
154.4494720965309,0.010206924460415219
154.56603773584905,0.01059606688756519
154.68277945619334,0.011130467485120591
154.79969765684052,0.011739987399518908
154.91679273827532,0.012191861957437627
155.0340651021953,0.012336595361752084
155.15151515151516,0.01231571042573976
155.2691432903715,0.012362871953117758
155.38694992412746,0.01247299752865708
155.50493545937738,0.012461927932733268
155.62310030395136,0.012264050481262804
155.74144486692012,0.011945012004900259
155.8599695585997,0.011533086792534992
155.97867479055597,0.011076375633518284
156.09756097560975,0.010734750950612607
156.21662852784135,0.010602957973996704
156.33587786259542,0.010579274450459792
156.45530939648586,0.010553312424858057
156.5749235474006,0.01058568076346156
156.69472073450652,0.01081173955997436
156.8147013782542,0.011269770444878096
156.93486590038313,0.011887549562439223
157.05521472392638,0.012594469789743714
157.17574827321565,0.013362054987344335
157.29646697388634,0.014113903815906326
157.4173712528824,0.014731757858792813
157.53846153846155,0.015210894508683483
157.65973826020013,0.015636540838383204
157.78120184899845,0.01597436338621835
157.9028527370856,0.01608585909775002
158.02469135802468,0.01593371257776378
158.14671814671814,0.015585630711823105
158.26893353941267,0.01508056321079993
158.39133797370457,0.014436999525870327
158.5139318885449,0.013727917026875175
158.63671572424477,0.013064407357767708
158.7596899224806,0.012529863144629854
158.88285492629947,0.01215256439070016
159.0062111801242,0.011955737032349388
159.12975912975912,0.012012292686816278
159.25349922239502,0.012384014322937977
159.37743190661476,0.013038118342647394
159.50155763239874,0.013900822329453642
159.62587685113016,0.014932718580455093
159.7503900156006,0.016085358499660373
159.87509758001562,0.01725808344628948
160.0,0.01834333351342834
160.12509773260362,0.019260154680338305
160.2503912363067,0.01993318137108946
160.37588097102582,0.02028205144422776
160.5015673981191,0.020248484447234576
160.62745098039213,0.01983255422264094
160.7535321821036,0.01909110657947247
160.87981146897093,0.01809568257645958
161.0062893081761,0.01692537350693532
161.13296616837135,0.01570536566460366
161.25984251968504,0.01459429094435814
161.38691883372735,0.013723557859037562
161.51419558359618,0.013189321273127096
161.64167324388316,0.013074655241142333
161.7693522906793,0.013431040502115726
161.89723320158103,0.014261404902487158
162.0253164556962,0.015526281982143338
162.15360253365006,0.01713345207130154
162.28209191759112,0.018946681893207352
162.41078509119745,0.020819151192094855
162.53968253968253,0.022578842865012723
162.66878474980143,0.024025948055322856
162.79809220985692,0.025008910024271653
162.92760540970565,0.02544441281999317
163.05732484076432,0.02526316273150437
163.18725099601593,0.02444587417447323
163.31738437001593,0.023079022793181168
163.44772545889865,0.02129890576407383
163.57827476038338,0.019270839492511363
163.709032773781,0.01723521615889626
163.84,0.01545211272711728
163.97117694155327,0.014128465658380707
164.1025641025641,0.013442693631200178
164.23416198877305,0.013529947974863616
164.3659711075441,0.014432382998803051
164.49799196787149,0.01611653648039403
164.63022508038586,0.018458671466152956
164.76267095736122,0.021223436115139396
164.89533011272144,0.024148729561574617
165.02820306204674,0.0269692709491895
165.16129032258064,0.029352980229001083
165.29459241323647,0.03098672591223634
165.4281098546042,0.03169533756508003
165.56184316895713,0.03139016414486684
165.6957928802589,0.030046836299240022
165.82995951417004,0.027783865419380768
165.9643435980551,0.024849564770185753
166.09894566098947,0.021564664342877234
166.23376623376623,0.018312725040726573
166.36880584890332,0.015498422520815701
166.5040650406504,0.013497059094820124
166.63954434499593,0.012620825369788268
166.77524429967426,0.013053858424200818
166.9111654441728,0.014829730541415098
167.047308319739,0.01784320383839137
167.18367346938777,0.021813120222095052
167.3202614379085,0.026315492756696913
167.45707277187245,0.03087708779291062
167.59410801963992,0.034967446328211825
167.7313677313677,0.03804730851657032
167.86885245901638,0.03973557757786299
168.00656275635768,0.03981103717149405
168.14449917898193,0.03815129368792092
168.28266228430567,0.034865312660387664
168.42105263157896,0.030351056121693833
168.559670781893,0.025148839508663118
168.6985172981878,0.019882999182792647
168.83759274525966,0.015259682983762572
168.97689768976898,0.011943672113548362
169.11643270024774,0.01044716499070585
169.25619834710741,0.011085753703486075
169.39619520264682,0.013927085141122186
169.53642384105962,0.018766292872254006
169.67688483844242,0.02512428457744703
169.81757877280262,0.03228042572721121
169.95850622406635,0.039383318012540997
170.09966777408638,0.045537774295867584
170.24106400665005,0.04988209194622967
170.3826955074875,0.05177048215552499
170.52456286427974,0.05089166707677117
170.66666666666666,0.047247304258965846
170.8090075062552,0.041198596581667295
170.9515859766277,0.0334975899736512
171.09440267335003,0.025143081418438
171.23745819397996,0.017255145806445094
171.3807531380753,0.01099290584893861
171.52428810720266,0.007356605103932448
171.66806370494552,0.00703010313280159
171.81208053691276,0.010332587198609505
171.95633921074725,0.017100789866722605
172.10084033613444,0.026625958396552858
172.24558452481077,0.037786731837484766
172.3905723905724,0.049174806289106476
172.5358045492839,0.059228917328288805
172.681281618887,0.0665329773725318
172.82700421940928,0.07003402247299044
172.97297297297297,0.06908558487593061
173.11918850380385,0.06361355732696007
173.26565143824024,0.0542725491207312
173.41236240474177,0.042277952485567157
173.55932203389833,0.02921070059203077
173.70653095843934,0.01698128026796388
173.85398981324278,0.0075817427912250705
174.0016992353441,0.00267232002035556
174.14965986394557,0.0033607986435753453
174.2978723404255,0.010024530545708118
174.44633730834755,0.022124147573738623
174.59505541346974,0.03828099098037968
174.74402730375425,0.05645880372446712
174.8932536293766,0.07415286869127306
175.04273504273505,0.08884949652147388
175.1924721984602,0.09845578477152675
175.34246575342465,0.10141085453479907
175.49271636675235,0.09696186437729176
175.6432246998285,0.08555213339516116
175.79399141630904,0.06871351584209948
175.94501718213058,0.048777004406388325
176.0963026655202,0.028795325370624267
176.24784853700515,0.012190232995099323
176.3996554694229,0.002068811895857761
176.55172413793102,0.0006993432346812513
176.70405522001724,0.009109407281935877
176.85664939550952,0.02677617154031885
177.00950734658602,0.051674197996337025
177.16262975778545,0.08056103328446197
177.3160173160173,0.10938165694102145
177.46967071057193,0.13393816922596538
177.62359063313096,0.1506156500148923
177.77777777777777,0.1568449956893987
177.93223284100782,0.15140874722612493
178.08695652173913,0.13476241834909036
178.24194952132288,0.10922833099877986
178.397212543554,0.078799568424674
178.55274629468178,0.04859239996071009
178.70855148342056,0.024179274067189296
178.86462882096066,0.010730008339715108
179.02097902097898,0.011947257911716472
179.17760279965006,0.02921051330765483
179.33450087565674,0.06114555625377373
179.4916739702016,0.10369740840107212
179.64912280701753,0.15086605541924525
179.80684811237927,0.1957307023658068
179.96485061511424,0.23148257069803416
180.12313104661388,0.2526952507368154
180.28169014084506,0.25630705740188864
180.44052863436124,0.2418163806259484
180.59964726631395,0.21140592204077038
180.75904677846424,0.1700696262413863
180.91872791519435,0.12499785764221948
181.07869142351902,0.084567003000269
181.23893805309734,0.05733037132341508
181.39946855624444,0.050579115269374565
181.56028368794324,0.06868883894080668
181.72138420585628,0.11183128371139495
181.88277087033748,0.17535575215668894
182.04444444444445,0.25033612449321363
182.20640569395016,0.32512874816857995
182.3686553873553,0.38742478061387065
182.53119429590015,0.4269087875931493
182.69402319357712,0.43769871837581836
182.85714285714286,0.4192385266973093
183.0205540661305,0.3760854501759283
183.18425760286226,0.31722177792030687
183.34825425246197,0.25446807858487547
183.51254480286738,0.2003725169166488
183.67713004484304,0.16645849482721622
183.84201077199282,0.1617879710827125
184.00718778077265,0.19159283788491502
184.1726618705036,0.25610265936637877
184.33843384338437,0.34974187540092483
184.5045045045045,0.4610205366544057
184.67087466185754,0.5736199314233777
184.83754512635377,0.6689690552472355
185.0045167118338,0.7299965487397683
185.17179023508135,0.7451514529204966
185.33936651583707,0.7117764997501498
185.5072463768116,0.6379381529936837
185.675430643699,0.5416064375679595
185.84392014519057,0.44685021002352115
186.01271571298818,0.37821604478566045
186.1818181818182,0.35501580877479144
186.3512283894449,0.3869499933969665
186.52094717668484,0.47215894329087205
186.69097538742025,0.5981553791797617
186.86131386861314,0.7451346884792618
187.03196347031962,0.8904514212665139
187.20292504570384,1.0128802275792557
187.37419945105214,1.0958202726887003
187.54578754578753,1.1293792290819573
187.71769019248396,1.1114012778803304
187.88990825688072,1.0475119190751523
188.06244260789717,0.950704775021379
188.23529411764707,0.8407375511179578
188.40846366145354,0.742599942433699
188.5819521178637,0.6831953559717816
188.75576036866357,0.6861684463023323
188.92988929889296,0.7656400943374823
189.10433979686056,0.9204729805500499
189.27911275415894,1.1312435367039642
189.45420906567992,1.3618288652400101
189.62962962962962,1.5662940180661098
189.80537534754404,1.6998854663446286
189.98144712430428,1.731472306105859
190.15784586815226,1.6538686855204676
190.3345724907063,1.4882212984031866
190.51162790697674,1.2804062373906757
190.68901303538178,1.0900982973554285
190.8667287977633,0.9750406267324281
191.044776119403,0.9747466862426871
191.22315592903828,1.0987388737816102
191.4018691588785,1.3231332705469938
191.5809167446211,1.5968136583676373
191.76029962546815,1.8553901648835407
191.94001874414244,2.038768231764375
192.12007504690433,2.1076061430112305
192.3004694835681,2.053970007957311
192.48120300751881,1.9024720850680648
192.66227657572907,1.701989679125605
192.8436911487759,1.5115838018145564
193.02544769085767,1.3844374053325763
193.2075471698113,1.3536708865366807
193.38999055712932,1.424380702785991
193.57277882797732,1.5743284079354636
193.75591296121098,1.7624630034099977
193.93939393939394,1.9414930093899052
194.12322274881518,2.0701186237910147
194.30740037950665,2.123136724171486
194.49192782526114,2.0974339313725388
194.67680608365018,2.010359367785716
194.86203615604185,1.891864823203276
195.04761904761907,1.7756202615772059
195.23355576739752,1.690776547580917
195.4198473282443,1.6547089750698396
195.6064947468959,1.6695477422264557
195.79349904397705,1.724109901913002
195.9808612440191,1.7991420197457213
196.1685823754789,1.8729679769529648
196.35666347075744,1.9268692722399845
196.5451055662188,1.9498694924392064
196.73390970220942,1.9405055485414806
196.92307692307693,1.9048395946277392
197.1126082771896,1.8535323126847114
197.30250481695566,1.7992983829817017
197.4927675988428,1.7536478090708456
197.68339768339766,1.7237061919619832
197.8743961352657,1.7112361633765625
198.06576402321085,1.7137885945430262
198.25750242013552,1.7262943942719295
198.44961240310076,1.742411999801913
198.64209505334625,1.756069801486367
198.83495145631065,1.7631491723045134
199.02818270165207,1.7623556642223286
199.22178988326846,1.7546880226858506
199.4157740993184,1.7423356274252102
199.61013645224173,1.7282274542456062
199.8048780487805,1.7158442071764344
200.0,1.708118796353877
200.19550342130987,1.7062092451500488
200.3913894324853,1.7098809473994638
200.58765915768853,1.7187114564772106
200.78431372549022,1.7320141198075487
200.9813542688911,1.7481586866506513
201.17878192534383,1.7653849366700982
201.37659783677483,1.7831350296290498
201.5748031496063,1.8016209711785194
201.77339901477833,1.8207354178252102
201.9723865877712,1.8404963381658583
202.1717670286278,1.8617651523472432
202.3715415019763,1.8853823039726747
202.57171117705244,1.9112703837251208
202.77227722772278,1.939217630996222
202.97324083250743,1.9697141266616789
203.17460317460316,2.0031210545733202
203.37636544190661,2.038626228941271
203.57852882703776,2.0748531134947386
203.78109452736314,2.111256252148669
203.98406374501994,2.148362141318562
204.1874376869392,2.186618361163438
204.39121756487026,2.225402656068408
204.5954045954046,2.2636082154124475
204.79999999999998,2.3010050741695514
205.005005005005,2.338193221179463
205.21042084168334,2.3751925651523838
205.41624874623875,2.4110679118023146
205.62248995983938,2.445160379966375
205.8291457286432,2.4778157856447
206.03621730382292,2.5095942013635586
206.24370594159112,2.5403507723958714
206.4516129032258,2.5692942901195126
206.65993945509584,2.5956822562453286
206.86868686868684,2.6194892242966286
207.07785642062692,2.6412843828594967
207.28744939271257,2.661241373491973
207.49746707193518,2.6788233597733986
207.7079107505071,2.6936881313692256
207.9187817258883,2.7060694806862626
208.130081300813,2.7162421229067872
208.34181078331636,2.724486932509758
208.55397148676167,2.731239707045287
208.7665647298675,2.736481232166281
208.9795918367347,2.739694804055601
209.19305413687437,2.741076804207104
209.40695296523518,2.741674961443436
209.6212896622313,2.74193836159554
209.83606557377047,2.7416551952580805
210.05128205128204,2.741238451201158
210.26694045174537,2.7413439169616725
210.48304213771837,2.741884976329903
210.69958847736626,2.742881081682841
210.91658084449023,2.745116656133887
211.1340206185567,2.7490899109141784
211.3519091847265,2.754689930319856
211.5702479338843,2.762223940834669
211.78903826266804,2.772390274839996
212.00828157349895,2.785336795839452
212.22797927461139,2.800955224616699
212.448132780083,2.8194506742647847
212.668743509865,2.8406653397862103
212.88981288981287,2.864128162520862
213.11134235171693,2.8902124472311015
213.33333333333334,2.919619403190718
213.555787278415,2.951947362764812
213.7787056367432,2.986149073179286
214.00208986415882,3.021864368691192
214.22594142259413,3.059536002771219
214.4502617801047,3.0993145722540043
214.67505241090146,3.1401434422444163
214.900314795383,3.180802276403016
215.12605042016807,3.221791321473145
215.35226077812828,3.2643091316956165
215.57894736842104,3.307160267944283
215.80611169652263,3.34749552457114
216.03375527426158,3.3851890986831905
216.26187961985215,3.422550330551283
216.49048625792813,3.459312046291709
216.7195767195767,3.492809831533881
216.9491525423729,3.522327585957859
217.17921527041358,3.549016265551371
217.40976645435242,3.574194063251978
217.64080765143464,3.5986993809048977
217.87234042553192,3.619926521557452
218.10436634717786,3.6340445397665713
218.33688699360337,3.6450389419867104
218.5699039487727,3.660397989920097
218.80341880341882,3.675247986385471
219.0374331550802,3.678968583101559
219.27194860813702,3.678026705869775
219.5069667738478,3.6871848549676987
219.74248927038627,3.701070606987281
219.97851772287862,3.7042111853330852
220.21505376344086,3.701189876309621
220.45209903121636,3.708127672473334
220.68965517241378,3.726265006425399
220.92772384034518,3.7429980846833515
221.16630669546436,3.7492340212151567
221.4054054054054,3.754315015219411
221.64502164502164,3.780726681942469
221.88515709642468,3.824010017732874
222.12581344902384,3.8461645427039888
222.36699239956567,3.8484145629342574
222.6086956521739,3.8858909725991806
222.85092491838955,3.958580183672861
223.09368191721134,3.9960454513938224
223.3369683751363,3.998768031117053
223.58078602620085,4.043632868719129
223.82513661202185,4.127204742399946
224.07002188183807,4.179210991542923
224.31544359255204,4.200183173476699
224.56140350877192,4.2300193866496105
224.80790340285398,4.282243520213541
225.05494505494505,4.371044635855386
225.30253025302528,4.439460125256705
225.55066079295153,4.391112939090554
225.79933847850054,4.36799629128972
226.0485651214128,4.565768287849533
226.29834254143645,4.6937150264149645
226.54867256637166,4.452828456951217
226.79955703211516,4.362807746133448
227.0509977827051,4.8013737739064135
227.30299667036624,4.924203195173951
227.55555555555554,4.34167561856165
227.80867630700777,4.327424969896905
228.06236080178175,5.165588221003577
228.31661092530658,5.059661985901435
228.57142857142856,4.0181054821890845
228.82681564245812,4.4376967364376965
229.082774049217,5.766000921416522
229.33930571108624,4.977800312140605
229.59641255605382,3.5099231903955674
229.8540965207632,4.99794559307671
230.1123595505618,6.711639064537313
230.37120359955006,4.51660591139764
230.6306306306306,2.9519981337567613
230.89064261555805,6.476085713690903
231.1512415349887,8.169888562365026
231.41242937853107,3.5615085912684017
231.67420814479635,2.6644156079055255
231.9365798414496,9.631854416789103
232.19954648526078,10.624327518486156
232.46311010215663,2.305321004504582
232.7272727272727,3.315042289110217
232.9920364050057,15.820061700214055
233.25740318906605,15.466985585009336
233.52337514253134,1.7991998118879453
233.78995433789953,6.218376581236253
234.05714285714288,27.403873657796304
234.32494279176203,25.821771522961647
234.59335624284074,4.785738036926264
234.8623853211009,13.623561027888169
235.13203214695753,47.75321914175464
235.4022988505747,46.9009477098703
235.67318757192174,16.165071036129813
235.9447004608295,28.28784405063818
236.2168396770473,79.58983793989944
236.48960739030022,84.05903223834262
236.76300578034682,41.39972376376887
237.03703703703707,50.99320358766921
237.3117033603708,120.10214415617153
237.58700696055683,136.3767883992526
237.862950058072,80.9846800002834
238.13953488372093,75.77764948451751
238.41676367869616,153.9074350333134
238.69463869463866,186.94976724842832
238.97316219369893,122.63159704877026
239.25233644859816,87.75314968709652
239.53216374269007,153.3116651749567
239.81264637002343,200.5623298315444
240.0937866354044,140.0383633831437
240.37558685446012,72.99736710441422
240.65804935370153,101.24481446162066
240.94117647058823,148.1867155291142
241.2249705535924,110.15969974121181
241.50943396226415,37.97961748338737
241.79456906729635,28.03188275253967
242.080378250591,55.401057309008394
242.3668639053254,45.61798217926153
242.65402843601896,10.874353725216487
242.94187425860022,1.1956800372656589
243.23040380047507,6.655293387264902
243.51961950059456,2.097451050029152
243.80952380952382,8.95396443503012
244.1001191895113,36.73667997011923
244.39140811455846,43.522191312808665
244.68339307048984,17.76361063842469
244.97607655502392,15.267072407652739
245.2694610778443,57.77430357702998
245.56354916067144,82.4441785701551
245.85834333733493,49.17693648827053
246.15384615384616,11.340362689501443
246.4500601684717,20.69084489316474
246.7469879518072,43.91059765205167
247.04463208685164,33.47117826029507
247.34299516908212,7.94013548599362
247.6420798065296,2.941742848938668
247.9418886198547,7.282858968846046
248.24242424242422,2.446718273490541
248.54368932038832,6.695085625618361
248.8456865127582,30.058182966552355
249.14841849148416,40.18584007448893
249.45188794153472,18.964064546497358
249.75609756097558,2.098280687058774
250.06105006105005,18.70947652901837
250.36674816625916,40.04171392977969
250.6731946144431,31.118295172410203
250.98039215686276,8.073539746947796
251.2883435582822,2.028176452492008
251.5970515970516,7.205676812888076
251.90651906519062,5.518622882744117
252.21674876847288,5.957620849456339
252.52774352651045,19.969555708017054
252.8395061728395,29.305230589991936
253.15203955500616,16.64838284748098
253.46534653465346,0.8835122663134065
253.7794299876084,6.246172645769505
254.09429280397023,21.3754332826816
254.40993788819875,21.906752773535853
254.726368159204,11.3145839572296
255.04358655043586,7.870863968130638
255.36159600997507,9.975942889988868
255.6803995006242,5.944594964802876
255.99999999999997,2.2860959477895317
256.3204005006258,11.237286978057769
256.64160401002505,23.602642439949715
256.9636135508155,21.77511583046161
257.286432160804,9.390964055258749
257.61006289308176,3.667258451235049
257.9345088161209,7.0576764616556495
258.2597730138714,8.78235133464686
258.5858585858586,7.5843074969151445
258.91276864728195,11.130399256132229
259.24050632911394,17.33898113287257
259.5690747782003,16.22561402097338
259.8984771573604,8.131574817084946
260.22871664548916,4.175304099475647
260.55979643765903,7.84840781278945
260.89171974522293,11.043339598890972
261.2244897959184,10.196624641058891
261.5581098339719,10.682902435494931
261.89258312020456,13.883876899830902
262.2279129321382,13.986541049343975
262.56410256410254,9.495426016392198
262.9011553273428,6.5284941213997225
263.2390745501285,8.25778410794519
263.5778635778636,10.646370375679595
263.91752577319585,10.567939510626232
264.258064516129,10.281132018530528
264.59948320413434,11.707055363521805
264.9417852522639,12.807089750653313
265.2849740932642,11.314883318567697
265.6290531776913,9.000052064085873
265.974025974026,8.965976608993156
266.3198959687906,10.487993745182008
266.66666666666663,10.788535938098665
267.01434159061273,10.217058684367322
267.3629242819843,10.860969358010589
267.7124183006536,12.016850822509682
268.0628272251309,11.692730886080778
268.41415465268676,10.545727312254872
268.76640419947506,10.333760381481431
269.119579500657,10.699353911516129
269.47368421052636,10.647673623133354
269.82872200263506,10.5719539808982
270.1846965699208,11.033966209188538
270.5416116248349,11.743052464882506
270.8994708994709,12.117800794116167
271.25827814569533,11.894389839641411
271.6180371352785,11.376877908376667
271.97875166002655,11.124708255583279
272.3404255319149,11.13351418311529
272.70306258322233,11.00817041413132
273.06666666666666,10.901553157390358
273.4312416555407,11.228607120419511
273.7967914438503,11.72469180136606
274.1633199464525,11.852861469624434
274.5308310991957,11.72187523645231
274.8993288590604,11.714479360184999
275.26881720430106,11.781897806451926
275.6393001345895,11.718988412517515
276.010781671159,11.604462126410919
276.3832658569501,11.606763741166196
276.7567567567567,11.706540669166538
277.1312584573748,11.803729982480826
277.50677506775065,11.885268073364621
277.88331071913166,11.99341741691832
278.2608695652174,12.127793872019199
278.6394557823129,12.222800004415236
279.01907356948226,12.218632339790913
279.39972714870396,12.134411615362774
279.78142076502735,12.025399188979444
280.1641586867305,11.906776602099033
280.54794520547944,11.78581926322153
280.93278463648835,11.708257450588954
281.31868131868134,11.71322157280631
281.70563961485556,11.797279160191303
282.0936639118457,11.94278962184861
282.48275862068965,12.132386127744988
282.8729281767956,12.339668376255275
283.2641770401106,12.532305937944908
283.6565096952908,12.673225695166225
284.0499306518724,12.726113222184795
284.44444444444446,12.677713222576784
284.84005563282335,12.540805966296679
285.2367688022284,12.336453430523688
285.63458856345886,12.09600049310587
286.0335195530726,11.86899289806586
286.43356643356645,11.706032839421981
286.8347338935574,11.639874295202643
287.23702664796633,11.686815991141096
287.6404494382022,11.849460330686698
288.0450070323488,12.108229676292003
288.4507042253521,12.419803092574735
288.85754583921016,12.73102576065449
289.2655367231638,12.987334313851095
289.6746817538897,13.13553215864674
290.08498583569406,13.139761940395873
290.49645390070924,12.993397716786657
290.9090909090909,12.714667887906279
291.32290184921766,12.346888690906713
291.73789173789174,11.955529924600476
292.15406562054204,11.608809209926212
292.57142857142856,11.366070538119558
292.9899856938483,11.275837030191203
293.4097421203438,11.362873940884882
293.83070301291247,11.621409950654456
294.2528735632184,12.024698032884983
294.67625899280574,12.52344092980248
295.1008645533141,13.04196623858154
295.52669552669556,13.496997066585177
295.9537572254335,13.812025059719296
296.3820549927641,13.920907855084044
296.81159420289856,13.78871045232875
297.2423802612482,13.426055159959695
297.6744186046512,12.878919567544134
298.1077147016012,12.223358521372628
298.54227405247815,11.557964007910824
298.978102189781,10.979245720021789
299.41520467836256,10.567697904862216
299.8535871156662,10.386315094005418
300.2932551319648,10.470706940621557
300.73421439060206,10.823701815476753
301.17647058823525,11.42065268527432
301.620029455081,12.205417398759126
302.06489675516224,13.086182447314078
302.5110782865583,13.950591298562706
302.95857988165676,14.682466302791836
303.4074074074074,15.175643315367982
303.85756676557867,15.360852232767309
304.30906389301634,15.223304624254467
304.7619047619047,14.795991267498014
305.2160953800298,14.149642432972552
305.6716417910448,13.37586757206758
306.1285500747384,12.56012274685715
306.58682634730536,11.768796411392039
307.0464767616192,11.050667936492902
307.5075075075075,10.440145038440932
307.96992481203006,9.96621873857378
308.433734939759,9.660760285840581
308.8989441930618,9.55446882128095
309.3655589123867,9.667240626378083
309.83358547655064,10.002494118846789
310.3030303030303,10.545813009278994
310.7738998482549,11.271898235563452
311.2462006079027,12.161250924257766
311.7199391171994,13.212273538680511
312.1951219512195,14.4392586009705
312.67175572519085,15.858138492414637
313.1498470948012,17.45901409307798
313.6294027565084,19.17724588119704
314.11042944785277,20.883500750261806
314.5929339477727,22.397656009350772
315.0769230769231,23.52809827266694
315.5624036979969,24.129054272274242
316.04938271604937,24.148495217246772
316.53786707882534,23.64892451625042
317.0278637770898,22.79423186812192
317.5193798449612,21.797626886853912
318.0124223602484,20.850544157555944
318.50699844479004,20.06238566207045
319.0031152647975,19.427518223756095
319.5007800312012,18.83441409395867
320.0,18.116670946875423
320.5007824726134,17.12160610445317
321.0031347962382,15.773260286222273
321.5070643642072,14.108217879420433
322.0125786163522,12.26684254661824
322.5196850393701,10.447358434241815
323.02839116719235,8.842872462309224
323.5387045813586,7.58075406357458
324.0506329113924,6.687093700371524
324.56418383518223,6.088769857577368
325.07936507936506,5.647938399791792
325.59618441971384,5.214988080783523
326.11464968152865,4.6802044499308
326.63476874003186,4.005638569993979
327.15654952076676,3.2291029591179274
327.68,2.44190901767386
328.2051282051282,1.7502644593427563
328.7319422150882,1.2361777347774168
329.2604501607717,0.9316541514612651
329.7906602254429,0.8127695688444645
330.3225806451613,0.8132587724844207
330.8562197092084,0.8506610074893428
331.3915857605178,0.8540576158128065
331.9286871961102,0.7839371625285402
332.46753246753246,0.6388137585738649
333.0081300813008,0.4482736827780728
333.5504885993485,0.25715996516535233
334.094616639478,0.10750973347190687
334.640522875817,0.024525096803460357
335.18821603927984,0.0107716469526128
335.73770491803276,0.048923285094317495
336.28899835796386,0.11054815418253827
336.8421052631579,0.16697887961057398
337.3970345963756,0.19822495091237255
337.95379537953795,0.19740093659526867
338.51239669421483,0.17002273204996257
339.07284768211923,0.12951093131257316
339.63515754560524,0.09118296863760376
340.19933554817277,0.06684891604084899
340.765391014975,0.061721195994639697
341.3333333333333,0.07414983738354032
341.9031719532554,0.097650827667587
342.4749163879599,0.12407070929620047
343.04857621440533,0.14647174796465914
343.6241610738255,0.160991152601041
344.2016806722689,0.1673444389285526
344.7811447811448,0.16803396117939984
345.362563237774,0.16686994003255082
345.94594594594594,0.16742122671246285
346.5313028764805,0.17198335953872065
347.11864406779665,0.18121817940359264
347.70797962648555,0.19434907811605157
348.29931972789115,0.20983313320978692
348.8926746166951,0.22604579599240276
349.4880546075085,0.24177044284332905
350.0854700854701,0.2564991621525397
350.6849315068493,0.27039384395383376
351.286449399657,0.2840563060462481
351.89003436426117,0.2982253766308272
352.4956970740103,0.3135220546876271
353.10344827586204,0.33030533790496824
353.71329879101904,0.34858187730495377
354.3252595155709,0.36817552449258
354.93934142114387,0.3889114389916175
355.55555555555554,0.4105845483177575
356.17391304347825,0.433040406826066
356.794425087108,0.4562801332613606
357.4171029668411,0.4804111719372886
358.04195804195797,0.5055318096181847
358.6690017513135,0.5317238901836192
359.29824561403507,0.5591497628131337
359.9297012302285,0.5879142607974276
360.5633802816901,0.6179608489201475
361.1992945326279,0.6492399450194285
361.8374558303887,0.6817537766712873
362.4778761061947,0.7155265639722863
363.1205673758865,0.7505925141924518
363.76554174067496,0.7869754146849225
364.4128113879003,0.8247318885587971
365.0623885918003,0.8639280552422623
365.7142857142857,0.9046076727223488
366.3685152057245,0.9467650246692727
367.02508960573476,0.9903583037525981
367.68402154398564,1.0354103618346584
368.3453237410072,1.0819217865817545
369.009009009009,1.1298224767214626
369.67509025270755,1.179112990535846
370.3435804701627,1.229858050796009
371.0144927536232,1.2821238369860417
371.68784029038113,1.3359494215007288
372.3636363636364,1.391340078457107
373.0418943533697,1.4482754227024643
373.7226277372263,1.506693707467662
374.4058500914077,1.5666003155088115
375.09157509157507,1.628059340417795
375.77981651376143,1.6910290161892376
376.47058823529414,1.755439930581441
377.1639042357274,1.8213186323498494
377.8597785977859,1.8887223504250923
378.5582255083179,1.9576427846516393
379.25925925925924,2.0280580428840618
379.96289424860856,2.100021930399166
380.6691449814126,2.1735455271687782
381.37802607076355,2.248597653572192
382.089552238806,2.3252253543850494
382.803738317757,2.4034226267885566
383.5205992509363,2.4831161119964804
384.24015009380867,2.5643034298651153
384.96240601503763,2.6470126832628362
385.6873822975518,2.7312860870048694
386.4150943396226,2.8171926933582423
387.14555765595463,2.9046999434069587
387.8787878787879,2.9936497046021726
388.6148007590133,3.0840327927943747
389.35361216730035,3.1760183070506347
390.09523809523813,3.2695499625051356
390.8396946564886,3.3644355173129403
391.5869980879541,3.4607353590133147
392.3371647509578,3.5585047615861805
393.0902111324376,3.6575668944987436
393.84615384615387,3.757856561919906
394.6050096339113,3.859563305572993
395.3667953667953,3.962790803469546
396.1315280464217,4.067396718742263
396.8992248062015,4.173353253137517
397.6699029126213,4.280852403838577
398.4435797665369,4.389912816176219
399.22027290448347,4.500417380646724
400.0,4.612452917409973
400.7827788649706,4.726177068464942
401.56862745098044,4.841592780730538
402.35756385068765,4.958698126724369
403.1496062992126,5.077584709962018
403.9447731755424,5.1982618923728126
404.7430830039526,5.320692361440433
405.54455445544556,5.444930748346051
406.3492063492063,5.571018544059166
407.1570576540755,5.699053763111603
407.9681274900399,5.829171616535706
408.7824351297405,5.961296695550314
409.59999999999997,6.095423507495851
410.4208416833667,6.231765808285055
411.24497991967877,6.370381044221434
412.07243460764585,6.511200727853442
412.9032258064516,6.654182451899101
413.7373737373737,6.799317566308992
414.57489878542515,6.946741039971794
415.4158215010142,7.096622785569853
416.260162601626,7.248996865910553
417.10794297352334,7.403824437479866
417.9591836734694,7.561293540422511
418.81390593047036,7.721750581822435
419.67213114754094,7.88519732607734
420.53388090349074,8.051719022521375
421.3991769547325,8.221811659961718
422.2680412371134,8.395660620593882
423.1404958677686,8.57331311219478
424.0165631469979,8.754994187728474
424.896265560166,8.940869930877366
425.77962577962575,9.131295089240556
426.6666666666667,9.326378500525287
427.5574112734864,9.525953381119464
428.45188284518827,9.730446291503467
429.3501048218029,9.940171048331576
430.25210084033614,10.154995409629578
431.1578947368421,10.375243083548735
432.06751054852316,10.601353030724798
432.98097251585625,10.833482325346452
433.8983050847458,11.071666259676743
434.81953290870484,11.316015657490823
435.74468085106383,11.56729888530455
436.67377398720674,11.825987732556623
437.60683760683764,12.091474662175182
438.54389721627405,12.364326463945664
439.48497854077254,12.646161926736653
440.4301075268817,12.936933366129532
441.37931034482756,13.23647525641222
442.3326133909287,13.545904917011697
443.2900432900433,13.866197171245245
444.2516268980477,14.198160818665075
445.2173913043478,14.541250660499506
446.1873638344227,14.895764243770595
447.1615720524017,15.265048055130972
448.14004376367615,15.648393172323342
449.12280701754383,16.043800242659948
450.1098901098901,16.45511066677348
451.10132158590307,16.883605442414957
452.0971302428256,17.327875372751194
453.0973451327433,17.788687877282758
454.1019955654102,18.26721050564144
455.1111111111111,18.76750333210784
456.1247216035635,19.287978526708976
457.1428571428571,19.82545154824085
458.165548098434,20.389051010891087
459.19282511210764,20.979762769742774
460.2247191011236,21.591947047883746
461.2612612612612,22.231734598509362
462.3024830699774,22.902264588594814
463.3484162895927,23.60629677151576
464.39909297052156,24.342799111359035
465.4545454545454,25.107365411089578
466.5148063781321,25.916743101215115
467.57990867579906,26.770947161023248
468.64988558352405,27.65500618410273
469.7247706422018,28.58704845699183
470.8045977011494,29.57334396769165
471.889400921659,30.606736225355146
472.97921478060044,31.691851041893788
474.07407407407413,32.826342876346246
475.17401392111367,34.032309084556566
476.27906976744185,35.308967892708125
477.3892773892773,36.62888484961323
478.5046728971963,38.03264078698447
479.62529274004686,39.5313981851311
480.75117370892025,41.09393532048733
481.88235294117646,42.744558887618595
483.0188679245283,44.49053904222826
484.160756501182,46.34877765387831
485.3080568720379,48.32276206660085
486.46080760095015,50.37026398530939
487.61904761904765,52.5664030826498
488.7828162291169,54.930952752867015
489.95215311004785,57.379648050765475
491.1270983213429,59.98433559094707
492.3076923076923,62.77781231078009
493.4939759036144,65.7344617537635
494.68599033816423,68.87983595705718
495.8837772397094,72.16703943754648
497.08737864077665,75.70823082698612
498.29683698296833,79.53813781031835
499.51219512195115,83.4779452295241
500.7334963325183,87.70402051899384
501.9607843137255,92.30042346349015
503.1941031941032,97.1086912751081
504.43349753694577,102.23709449865308
505.679012345679,107.66757906583456
506.9306930693069,113.50500763363742
508.18858560794047,119.82584260996735
509.452736318408,126.30181968186872
510.72319201995015,133.2975616853804
511.99999999999994,140.99072375672262
513.2832080200501,148.89641122214528
514.572864321608,157.35587660681284
515.8690176322418,166.46282852890752
517.1717171717172,176.13687158903952
518.4810126582279,186.5921943684023
519.7969543147208,197.31656896235168
521.1195928753181,208.9425673726337
522.4489795918367,221.81025277470505
523.7851662404091,234.75511626649657
525.1282051282051,248.68865452212694
526.478149100257,263.97205553262796
527.8350515463917,279.82466511022005
529.1989664082687,296.9073721580872
530.5699481865284,314.5901635217828
531.948051948052,333.65296686092665
533.3333333333333,354.74931721939396
534.7258485639686,375.52207021522497
536.1256544502618,398.03597952263084
537.5328083989501,423.1557767724832
538.9473684210527,448.24763786079427
540.3693931398416,475.25085197801377
541.7989417989418,503.7282508006996
543.236074270557,533.7798368742294
544.6808510638298,566.8356201129204
546.1333333333333,598.8569795265043
547.5935828877006,633.7019340692096
549.0616621983914,673.0580957836447
550.5376344086021,710.3552575132555
552.021563342318,750.6304926145001
553.5135135135134,794.3396768029509
555.0135501355013,838.3330477209117
556.5217391304348,886.2940189837404
558.0381471389645,932.6143297364757
559.5628415300547,982.5430831062422
561.0958904109589,1039.2186145624169
562.6373626373627,1089.4684060968295
564.1873278236914,1144.3037035050975
565.7458563535912,1206.0931400344991
567.3130193905816,1262.8666114206037
568.8888888888889,1324.4379874810584
570.4735376044569,1385.286141933938
572.0670391061452,1447.7762068669524
573.6694677871149,1518.4906219552838
575.2808988764044,1576.332713262808
576.9014084507043,1640.279484360349
578.5310734463276,1715.9836794736398
580.1699716713881,1774.3759574921746
581.8181818181818,1838.4564772484036
583.4757834757835,1906.7228665321418
585.1428571428571,1966.817183587945
586.8194842406876,2034.8636117139242
588.5057471264367,2085.752979337887
590.2017291066282,2140.5819237790893
591.907514450867,2211.062519377639
593.6231884057971,2246.2999182898475
595.3488372093024,2288.8284458058333
597.0845481049563,2346.1872024690356
598.8304093567251,2372.297360852233
600.5865102639297,2405.138373977362
602.3529411764705,2428.6789395694454
604.1297935103245,2443.0733521350353
605.9171597633135,2473.166646734596
607.7151335311573,2457.428559673951
609.5238095238094,2448.669111886626
611.3432835820896,2468.205040159923
613.1736526946107,2426.9483581292525
615.015015015015,2393.947728825896
616.867469879518,2379.021291058772
618.7311178247734,2324.8766320690825
620.6060606060606,2283.701755545201
622.4924012158054,2219.3487673710692
624.390243902439,2150.0094768912145
626.2996941896024,2114.55160117675
628.2208588957055,2014.163823575793
630.1538461538462,1925.7716699541888
632.0987654320987,1890.5469124658862
634.0557275541796,1785.8525468884634
636.0248447204968,1694.0313894422409
638.006230529595,1643.3570957222967
640.0,1555.3860333145788
642.0062695924764,1490.5056564882495
644.0251572327044,1424.08525424257
646.0567823343847,1355.9776896049455
648.1012658227849,1342.7021371052215
650.1587301587301,1284.9866916478147
652.2292993630573,1236.6806128141486
654.3130990415335,1278.357327382356
656.4102564102564,1256.9368810401902
658.5209003215434,1233.5257297084802
660.6451612903226,1312.5446498735894
662.7831715210356,1338.79659895185
664.9350649350649,1358.420196208415
667.100977198697,1452.7935179414633
669.281045751634,1514.7450835615218
671.4754098360655,1600.0221538260832
673.6842105263158,1685.7202212582724
675.9075907590759,1730.213524054698
678.1456953642385,1869.5582268185813
680.3986710963455,1932.476993903857
682.6666666666666,1914.48588127494
684.9498327759198,2074.6609562568633
687.248322147651,2135.3116154223485
689.5622895622896,2069.155961902017
691.8918918918919,2172.988599671146
694.2372881355933,2183.048368431419
696.5986394557823,2082.9727781697106
698.976109215017,2061.9658744474123
701.3698630136986,1975.5450416909355
703.7800687285223,1940.5595621977673
706.2068965517241,1900.7382096371614
708.6505190311418,1738.2896793704024
711.1111111111111,1749.3780285372234
713.588850174216,1691.1570575492
716.0839160839159,1415.9082342346103
718.5964912280701,1400.0639553454691
721.1267605633802,1413.2508797909877
723.6749116607774,1219.1523413003372
726.241134751773,1326.2334938181668
728.8256227758006,1580.1428406130303
731.4285714285714,1609.108177432876
734.0501792114695,1797.0297216196693
736.6906474820144,1921.576327913487
739.3501805054151,1629.540022847016
742.0289855072464,1509.8098103859882
744.7272727272727,1604.5903743383058
747.4452554744526,1826.9331165082901
750.1831501831501,2310.223551536623
752.9411764705883,2455.2197517890727
755.7195571955718,2769.998965044542
758.5185185185185,3384.083134144908
761.3382899628252,2657.226339267402
764.179104477612,1979.49515820304
767.0411985018726,2192.8315909497683
769.9248120300753,919.7531544006276
772.8301886792452,363.9454060397599
775.7575757575758,803.9448216815787
778.7072243346007,4805.51379584529
781.6793893129772,5900.570690781978
784.6743295019156,2703.749489698621
787.6923076923077,1630.4617507641733
790.7335907335906,1621.0724198338667
793.798449612403,1626.6476325790559
796.8871595330738,1809.9613389027704
800.0,1976.058352749434
803.1372549019609,1978.6873961999431
806.2992125984252,1895.2906813218026
809.4861660079052,1800.4308306014448
812.6984126984127,1712.9392536147018
815.9362549800798,1957.072933572892
819.1999999999999,2162.0842207987957
822.4899598393575,5356.355587170019
825.8064516129032,5504.200447540793
829.1497975708503,2304.764416109035
832.520325203252,1240.0933924105657
835.9183673469388,1154.4851639375718
839.3442622950819,811.2613541380158
842.798353909465,835.073719669719
846.2809917355372,1630.2396102796324
849.792531120332,2103.8207902124686
853.3333333333334,2390.899461609932
856.9037656903765,3248.892453914928
860.5042016806723,3538.2432400453877
864.1350210970463,3175.2863322192843
867.7966101694916,3113.344700285365
871.4893617021277,2711.5488465177436
875.2136752136753,1900.6973642338858
878.9699570815451,1476.8431769229262
882.7586206896551,1164.0244765858133
886.5800865800866,790.5621408236273
890.4347826086956,770.6370131519803
894.3231441048034,1045.1564676488892
898.2456140350877,1357.8995151840784
902.2026431718061,1891.5325947611498
906.1946902654867,2690.400070781126
910.2222222222222,3331.7592868390425
914.2857142857142,3917.664066625776
918.3856502242153,4646.132059345684
922.5225225225224,5015.152758216678
926.6968325791854,5122.95825681519
930.9090909090908,5356.711912476033
935.1598173515981,5279.2285194209
939.4495412844036,4927.419983713533
943.778801843318,4724.94028802322
948.1481481481483,4375.412025922721
952.5581395348837,3845.803717512748
957.0093457943926,3447.729730969464
961.5023474178405,3028.886672783424
966.0377358490566,2542.361113242918
970.6161137440758,2142.984745635474
975.2380952380953,1772.6035988815806
979.9043062200957,1423.0304257790542
984.6153846153846,1134.7931784231093
989.3719806763285,878.7879217748695
994.1747572815533,681.2577358073137
999.0243902439023,528.4975960333602
1003.921568627451,387.1405767028528
1008.8669950738915,293.8209318690467
1013.8613861386139,228.6386547259861
1018.905472636816,158.5789520439313
1023.9999999999999,114.81066631356902
1029.145728643216,88.97314474613154
1034.3434343434344,57.14387454761124
1039.5939086294416,37.463085004681304
1044.8979591836735,28.85941776999181
1050.2564102564102,17.55754628327956
1055.6701030927834,10.584160430097485
1061.139896373057,8.553450247373354
1066.6666666666665,5.50222607375774
1072.2513089005236,3.3650557506615444
1077.8947368421054,2.7160760377774955
1083.5978835978835,1.8010554757990078
1089.3617021276596,1.0428817100235899
1095.1871657754011,0.6978789350531935
1101.0752688172042,0.405624145912816
1107.0270270270269,0.19757030765512187
1113.0434782608695,0.09546282262207983
1119.1256830601094,0.04233912999345025
1125.2747252747254,0.04958761032099133
1131.4917127071824,0.03755356190232902
1137.7777777777778,0.006210081771180265
1144.1340782122904,0.0359973054012216
1150.5617977528088,0.040524813840362904
1157.0621468926552,0.009274811754769918
1163.6363636363635,0.01275697858936468
1170.2857142857142,0.017587935104325565
1177.0114942528735,0.012676713404841255
1183.815028901734,0.004345252697535102
1190.6976744186047,0.0017018592054220477
1197.6608187134502,0.008034028624598283
1204.705882352941,0.00480267822111738
1211.834319526627,0.004558135213782403
1219.0476190476188,0.001999775138087544
1226.3473053892214,0.0017539774561095105
1233.734939759036,0.009757470172238585
1241.2121212121212,0.0017791906245127735
1248.780487804878,0.00013333590162682701
1256.441717791411,0.006456232745026408
1264.1975308641975,0.002322971985013727
1272.0496894409937,0.0033220828423151686
1280.0,0.0013424180981153522
1288.0503144654087,0.0006122089489205176
1296.2025316455697,0.005203476179692032
1304.4585987261146,0.00040464520935341495
1312.8205128205127,0.00035502278187654667
1321.2903225806451,0.0028487623229081706
1329.8701298701299,0.0009131468481510206
1338.562091503268,0.002271047580168381
1347.3684210526317,0.0003905673989077932
1356.291390728477,0.0005161808719163604
1365.3333333333333,0.002845835227633601
1374.496644295302,0.0002719811804671158
1383.7837837837837,0.00050900451056875
1393.1972789115646,0.0012838455660014016
1402.7397260273972,0.0006947255456578959
1412.4137931034481,0.0011761447161167478
1422.2222222222222,8.321004973578396e-05
1432.1678321678319,0.0004953632043843326
1442.2535211267605,0.0011607552148602887
1452.482269503546,0.0002520096134688896
1462.857142857143,0.0003922459259796926
1473.3812949640287,0.00040324659343155846
1484.0579710144928,0.0005875007790215272
1494.890510948905,0.0005636658398630634
1505.8823529411766,2.6647434975206452e-05
1517.037037037037,0.00043218845261341367
1528.358208955224,0.0004528143810188821
1539.8496240601505,0.00025611349995198447
1551.5151515151515,0.00023957664397002287
1563.3587786259543,0.000123865416223021
1575.3846153846155,0.0004264816631406753
1587.596899224806,0.0002290822663052651
1600.0,5.3291307056069503e-05
1612.5984251968505,0.00028616683193259543
1625.3968253968253,0.0001751127823766006
1638.3999999999999,0.00021577283819329725
1651.6129032258063,0.00012482527041500973
1665.040650406504,6.446602960836023e-05
1678.6885245901638,0.0002650788823100599
1692.5619834710744,8.964659548645122e-05
1706.6666666666667,6.519591487899368e-05
1721.0084033613446,0.00014849907345158047
1735.5932203389832,7.954134970084524e-05
1750.4273504273506,0.00014104820555320904
1765.5172413793102,5.229432507228027e-05
1780.8695652173913,5.421636221313743e-05
1796.4912280701753,0.00014211236072612934
1812.3893805309733,4.339966813950469e-05
1828.5714285714284,5.943820746137326e-05
1845.0450450450448,6.939198038561106e-05
1861.8181818181815,5.265988008652182e-05
1878.8990825688072,8.010317394789685e-05
1896.2962962962965,2.3158708349771902e-05
1914.0186915887853,4.595554501901479e-05
1932.0754716981132,6.695214097302894e-05
1950.4761904761906,2.7924802233140838e-05
1969.2307692307693,4.1828011989095555e-05
1988.3495145631066,3.0803730762922264e-05
2007.843137254902,3.8468672831735766e-05
2027.7227722772277,4.099696200830486e-05
2047.9999999999998,1.3519634172428144e-05
2068.686868686869,3.300301773718434e-05
2089.795918367347,2.9722918239144515e-05
2111.340206185567,1.9520317689675737e-05
2133.333333333333,2.4093328487504367e-05
2155.789473684211,1.4281408473356132e-05
2178.723404255319,2.4836881052737905e-05
2202.1505376344085,1.8871832376642702e-05
2226.086956521739,9.341814241484097e-06
2250.5494505494507,1.9929510894894016e-05
2275.5555555555557,1.335437993108545e-05
2301.1235955056177,1.3102977888242618e-05
2327.272727272727,1.2670869940656638e-05
2354.022988505747,7.927174625958278e-06
2381.3953488372094,1.448075969289392e-05
2409.411764705882,8.67767457128699e-06
2438.0952380952376,6.550697929390421e-06
2467.469879518072,1.0709710444390646e-05
2497.560975609756,6.61816021405996e-06
2528.395061728395,8.052482096034587e-06
2560.0,6.551387801061123e-06
2592.4050632911394,5.109032490492639e-06
2625.6410256410254,8.083236624998015e-06
2659.7402597402597,4.599571953845833e-06
2694.7368421052633,4.507011679938756e-06
2730.6666666666665,5.759482494279862e-06
2767.5675675675675,3.7350330339369066e-06
2805.4794520547944,4.412852505213711e-06
2844.4444444444443,3.3698895722440365e-06
2884.507042253521,2.9632127477912567e-06
2925.714285714286,3.840552353982941e-06
2968.1159420289855,2.2999892504533902e-06
3011.764705882353,2.445129968158142e-06
3056.716417910448,2.7308310883215298e-06
3103.030303030303,1.9988788814587645e-06
3150.769230769231,2.1928305839764906e-06
3200.0,1.7793329386327094e-06
3250.7936507936506,1.7097629544391326e-06
3303.2258064516127,1.8628766836262096e-06
3357.3770491803275,1.3228325262055553e-06
3413.3333333333335,1.3608754839163383e-06
3471.1864406779664,1.388347550386209e-06
3531.0344827586205,1.1458225751677516e-06
3592.9824561403507,1.1206099893536069e-06
3657.142857142857,1.0231291761687656e-06
3723.636363636363,1.010235674307569e-06
3792.592592592593,9.584945857719608e-07
3864.1509433962265,8.253523116330519e-07
3938.4615384615386,8.333089691672546e-07
4015.686274509804,7.758490917189391e-07
4095.9999999999995,6.755969762096037e-07
4179.591836734694,6.556434259996058e-07
4266.666666666666,5.803238437117687e-07
4357.446808510638,3.7728573436740917e-07
4452.173913043478,1.6866682140462483e-07
4551.111111111111,5.5687123557737596e-08
4654.545454545454,1.4391844123782456e-08
4762.790697674419,4.700878719027802e-09
4876.190476190475,2.2330706199739565e-09
4995.121951219512,7.705761020584016e-10
5120.0,2.5132012559249443e-10
5251.282051282051,1.256134470839031e-10
5389.473684210527,5.5487133219138846e-11
5535.135135135135,1.4694052390942634e-11
5688.888888888889,5.232936346281413e-12
5851.428571428572,2.8095294258330126e-12
6023.529411764706,5.905430810154798e-13
6206.060606060606,6.366451724553121e-14
6400.0,4.070051807788377e-14
6606.451612903225,1.2952890201863015e-14
6826.666666666667,1.9267033255268302e-15
7062.068965517241,1.5062371876652304e-15
7314.285714285714,4.952188315844498e-16
7585.185185185186,4.0287700863623733e-16
7876.923076923077,3.2083456771523857e-16
