"Wavelength, nm",Intensity
136.44237175216523,1.868080088186079e-26
136.53333333333333,2.612565189634917e-26
136.62441627751835,2.380854304530855e-26
136.71562082777035,2.9660253317182e-26
136.80694722778892,3.6830464750092614e-26
136.89839572192514,4.5055599257975626e-26
136.98996655518394,8.862559704310162e-26
137.08165997322624,1.0038789532292668e-24
137.17347622237108,6.891017915048103e-23
137.26541554959786,1.9846970834421086e-21
137.35747820254863,2.924652125463108e-20
137.4496644295302,2.7597358603477843e-19
137.54197447951645,1.898587599771114e-18
137.63440860215053,1.0410127338059522e-17
137.72696704774717,4.8520250463009855e-17
137.81965006729476,2.0108818150546022e-16
137.9124579124579,7.590539895398795e-16
138.0053908355795,2.6218994863796818e-15
138.09844908968307,8.268898826097695e-15
138.19163292847506,2.3853581992522065e-14
138.28494260634707,6.333091394257455e-14
138.37837837837836,1.5580947667661583e-13
138.47194050033806,3.5741256365185895e-13
138.5656292286874,7.68870824970289e-13
138.65944482058225,1.5588060042216225e-12
138.75338753387533,2.9898409402453768e-12
138.84745762711862,5.44430793142007e-12
138.94165535956583,9.44592315968402e-12
139.03598099117448,1.5664190478117043e-11
139.1304347826087,2.488591595718345e-11
139.22501699524133,3.7966739375281934e-11
139.31972789115645,5.579983604745017e-11
139.4145677331518,7.927990442983283e-11
139.50953678474113,1.0917740814426826e-10
139.60463531015677,1.4597692330310845e-10
139.69986357435198,1.89870075046764e-10
139.79522184300342,2.409501186248677e-10
139.89071038251367,2.9970632737469415e-10
139.98632946001365,3.6848273108856417e-10
140.08207934336525,4.5456768039325135e-10
140.17796030116358,5.74582061726253e-10
140.27397260273972,7.601037552434543e-10
140.37011651816314,1.065421380728188e-09
140.46639231824417,1.5765396784907317e-09
140.56280027453673,2.4191616434736495e-09
140.65934065934067,3.765329335647576e-09
140.75601374570448,5.839510247100261e-09
140.85281980742778,8.92262466062577e-09
140.949759119064,1.3350498130664469e-08
141.04683195592284,1.9505304832730875e-08
141.14403859407307,2.7800233785908167e-08
141.24137931034483,3.865616546187865e-08
141.33885438233264,5.246483048237826e-08
141.4364640883978,6.953319070087558e-08
141.53420870767104,9.00215672889712e-08
141.6320885200553,1.1388780252587505e-07
141.73010380622836,1.408265139437669e-07
141.8282548476454,1.7021100279370343e-07
141.92654192654192,2.010708889557516e-07
142.0249653259362,2.32118731899893e-07
142.1235253296322,2.6181851790331243e-07
142.22222222222223,2.8849669775768305e-07
142.32105628908963,3.1051663804613427e-07
142.42002781641168,3.265203207083786e-07
142.51913709116212,3.357197318460417e-07
142.6183844011142,3.382408841768826e-07
142.7177700348432,3.3551512738871293e-07
142.81729428172943,3.307194829072148e-07
142.91695743196092,3.2928641684078097e-07
143.0167597765363,3.394448897711118e-07
143.11670160726763,3.727557611986127e-07
143.21678321678323,4.4467491577253265e-07
143.31700489853043,5.751759682876727e-07
143.4173669467787,7.894402923871147e-07
143.5178696566223,1.1186151283008729e-06
143.61851332398317,1.6006292641475597e-06
143.71929824561403,2.2810982476401576e-06
143.8202247191011,3.2143849076338615e-06
143.92129304286718,4.464732765032729e-06
144.0225035161744,6.1073763435878625e-06
144.12385643912737,8.229731582822515e-06
144.22535211267606,1.0932633371639598e-05
144.32699083861874,1.4331595436579992e-05
144.42877291960508,1.855827488441256e-05
144.530698659139,2.376215030169079e-05
144.6327683615819,3.0112800074535048e-05
144.73498233215545,3.780325521446412e-05
144.83734087694484,4.7054588034414267e-05
144.9398443029016,5.812287732931783e-05
145.04249291784703,7.13082532860685e-05
145.14528703047483,8.696474226336144e-05
145.24822695035462,0.00010551445353759066
145.35131298793468,0.0001274656508764448
145.45454545454544,0.00015342622988018573
145.55792466240226,0.00018411727468328434
145.66145092460883,0.000220391663771726
145.76512455516016,0.00026323541125454795
145.86894586894587,0.0003137525838490901
145.9729151817534,0.00037316118793750806
146.07703281027102,0.0004427570430885667
146.18129907209135,0.0005238223972810428
146.28571428571428,0.0006175723857410963
146.39027877055037,0.0007250871584865022
146.49499284692416,0.0008471086770184114
146.59985683607732,0.000983922061934427
146.7048710601719,0.00113535793765598
146.8100358422939,0.0013005417861090796
146.91535150645623,0.0014777263977532394
147.0208183776023,0.001664588498337287
147.1264367816092,0.001858130620629607
147.23220704529115,0.002054347120625221
147.33812949640287,0.0022489580281672477
147.4442044636429,0.0024379684084647807
147.55043227665706,0.0026169094716733446
147.6568132660418,0.0027811085752237927
147.76334776334778,0.002927271458819726
147.87003610108303,0.0030541321188779507
147.97687861271675,0.0031625422674809757
148.08387563268258,0.003254832190470297
148.19102749638205,0.0033347968894852005
148.29833454018825,0.00341228490387815
148.40579710144928,0.003502824254467457
148.51341551849166,0.0036150204529087266
148.6211901306241,0.0037522328204472504
148.72912127814087,0.003935307742463095
148.8372093023256,0.004197352137142251
148.94545454545454,0.004552425755776608
149.0538573508006,0.005005967964897991
149.16241806263656,0.005585015445778311
149.27113702623907,0.006316408602988942
149.38001458789202,0.0072041157167294315
149.4890510948905,0.008260352502976622
149.59824689554418,0.009511957981897076
149.70760233918128,0.010962990506795785
149.81711777615214,0.012600295589215365
149.9267935578331,0.01441911174534455
150.03663003663004,0.016408866552065908
150.1466275659824,0.01855071250498418
150.25678650036684,0.020822643421389307
150.36710719530103,0.02317122020780807
150.47759000734754,0.025540186335973773
150.58823529411762,0.02792477811690556
150.69904341427517,0.03028098130594606
150.8100147275405,0.03246840531177386
150.92114959469419,0.0344548794296713
151.03244837758112,0.0363805877135067
151.1439114391144,0.03819213606477687
151.25553914327915,0.03952740224986068
151.3673318551367,0.04029831663868543
151.47928994082838,0.04100266622020094
151.59141376757958,0.041917975321387746
151.7037037037037,0.04237823647887871
151.81616011860638,0.04177716700721264
151.92878338278933,0.04098956781536828
152.04157386785448,0.04124384558515635
152.15453194650817,0.04163443078575166
152.26765799256503,0.0401589985840207
152.38095238095235,0.03764857081687381
152.4944154877141,0.03722872924999757
152.6080476900149,0.03859068649577589
152.72184936614468,0.03732016042236998
152.8358208955224,0.03266624155007387
152.9499626587005,0.030493755674770053
153.0642750373692,0.03349322179664137
153.1787584143605,0.034567443909026184
153.29341317365268,0.028218926101822223
153.40823970037454,0.022394559680112062
153.5232383808096,0.02650444605750456
153.6384096024006,0.032794635518982644
153.75375375375376,0.027187507817123858
153.86927122464311,0.01592448634485337
153.98496240601503,0.018344440959768574
154.10082768999246,0.03158302052734219
154.2168674698795,0.031027591927945745
154.33308214016577,0.014030027671482226
154.4494720965309,0.009815187982180904
154.56603773584905,0.02879851743804547
154.68277945619334,0.038693176159307244
154.79969765684052,0.01937806024530609
154.91679273827532,0.003990512505018427
155.0340651021953,0.024059744281990224
155.15151515151516,0.04883307155888593
155.2691432903715,0.03445789165095392
155.38694992412746,0.005044933350686615
155.50493545937738,0.016136879500525867
155.62310030395136,0.05498866237472107
155.74144486692012,0.05692228454530152
155.8599695585997,0.018388011830076382
155.97867479055597,0.007320152659579063
156.09756097560975,0.046130958534268525
156.21662852784135,0.07156878764262793
156.33587786259542,0.0434808790057222
156.45530939648586,0.012219730443101623
156.5749235474006,0.030163094413114096
156.69472073450652,0.06584102511877923
156.8147013782542,0.06398877499266883
156.93486590038313,0.036370601891417095
157.05521472392638,0.031121066691853758
157.17574827321565,0.05107171395975926
157.29646697388634,0.06193832316291068
157.4173712528824,0.05530947582349348
157.53846153846155,0.05107076177158402
157.65973826020013,0.05470128412586339
157.78120184899845,0.05562045247148956
157.9028527370856,0.055228352600658066
158.02469135802468,0.061729018827677326
158.14671814671814,0.06817905766316948
158.26893353941267,0.06373950603295502
158.39133797370457,0.055927782701429195
158.5139318885449,0.058370821150713896
158.63671572424477,0.0669537237583478
158.7596899224806,0.06823974825572764
158.88285492629947,0.06217384142158328
159.0062111801242,0.058889062327139315
159.12975912975912,0.06058130576633921
159.25349922239502,0.06147814204863196
159.37743190661476,0.06003976525007791
159.50155763239874,0.05910062675318842
159.62587685113016,0.05830312570150385
159.7503900156006,0.05562647393663136
159.87509758001562,0.05268460102074782
160.0,0.051843821399579694
160.12509773260362,0.05162135879663608
160.2503912363067,0.049596206155092436
160.37588097102582,0.04654927606304932
160.5015673981191,0.04444905141993083
160.62745098039213,0.043196049434732244
160.7535321821036,0.041707359973531186
160.87981146897093,0.04000684106079481
161.0062893081761,0.03855853988617827
161.13296616837135,0.03715682890742947
161.25984251968504,0.03561560422189935
161.38691883372735,0.03435583370388698
161.51419558359618,0.03364094521115728
161.64167324388316,0.03314618679738405
161.7693522906793,0.03260836397803236
161.89723320158103,0.03220484864458914
162.0253164556962,0.03213899266977227
162.15360253365006,0.03235357567827943
162.28209191759112,0.032767901530488946
162.41078509119745,0.03343729370869265
162.53968253968253,0.03436880357053953
162.66878474980143,0.03548136690326115
162.79809220985692,0.0368018157304793
162.92760540970565,0.03840743737487949
163.05732484076432,0.040231031188851005
163.18725099601593,0.04216678348241419
163.31738437001593,0.044203566951313125
163.44772545889865,0.04632845710443459
163.57827476038338,0.04848314755636741
163.709032773781,0.0506088789482657
163.84,0.05264912736219017
163.97117694155327,0.054570052199773365
164.1025641025641,0.05634403946944941
164.23416198877305,0.05790983049015219
164.3659711075441,0.059210607014063193
164.49799196787149,0.0602184566934885
164.63022508038586,0.06095648809914908
164.76267095736122,0.061501539567781545
164.89533011272144,0.061861303110290464
165.02820306204674,0.06198708445043123
165.16129032258064,0.061932366815795385
165.29459241323647,0.06177163238100259
165.4281098546042,0.061489328305771675
165.56184316895713,0.061083326613438065
165.6957928802589,0.060572185702850175
165.82995951417004,0.0599328767155759
165.9643435980551,0.059154335442451154
166.09894566098947,0.05823203332992854
166.23376623376623,0.05711891927624142
166.36880584890332,0.05577132916088633
166.5040650406504,0.05419200777117259
166.63954434499593,0.05238510326211766
166.77524429967426,0.05031905467435058
166.9111654441728,0.04801313488995638
167.047308319739,0.04555927647588687
167.18367346938777,0.04300008145440431
167.3202614379085,0.04037240518410192
167.45707277187245,0.037755154037223154
167.59410801963992,0.035166433364642716
167.7313677313677,0.03265578387655655
167.86885245901638,0.030320045003126996
168.00656275635768,0.02814405263679066
168.14449917898193,0.02613639027298911
168.28266228430567,0.024369505754756292
168.42105263157896,0.0228066235896658
168.559670781893,0.02141274147921969
168.6985172981878,0.02019392662907214
168.83759274525966,0.01910182012241662
168.97689768976898,0.01812695510198928
169.11643270024774,0.01724701450369642
169.25619834710741,0.01637183542413232
169.39619520264682,0.015498599305627523
169.53642384105962,0.014652059341653622
169.67688483844242,0.013785671812116486
169.81757877280262,0.012887333566819223
169.95850622406635,0.01197052315607231
170.09966777408638,0.011023346154815428
170.24106400665005,0.010054335399271166
170.3826955074875,0.009082436567770035
170.52456286427974,0.008120593144145096
170.66666666666666,0.007184360085993171
170.8090075062552,0.006279330380463583
170.9515859766277,0.005416493783138778
171.09440267335003,0.004612251002492615
171.23745819397996,0.003870972847459399
171.3807531380753,0.003203564347363331
171.52428810720266,0.0026176393729162
171.66806370494552,0.0021017263849302577
171.81208053691276,0.0016549290260022766
171.95633921074725,0.0012833045728386633
172.10084033613444,0.000977180422757569
172.24558452481077,0.0007267584806992033
172.3905723905724,0.0005271273828533321
172.5358045492839,0.0003704453651841862
172.681281618887,0.00025171910505153
172.82700421940928,0.00016581438920034325
172.97297297297297,0.00010467876597195035
173.11918850380385,6.281372284874326e-05
173.26565143824024,3.530948934941088e-05
173.41236240474177,1.7688188878370376e-05
173.55932203389833,7.956722823578376e-06
173.70653095843934,3.6582667865714633e-06
173.85398981324278,2.295672470423411e-06
174.0016992353441,2.544186196511089e-06
174.14965986394557,3.4432224837528952e-06
174.2978723404255,4.89088022529874e-06
174.44633730834755,6.48996568350197e-06
174.59505541346974,7.534552326323215e-06
174.74402730375425,8.280028104498402e-06
174.8932536293766,8.605287323744896e-06
175.04273504273505,8.34982491613057e-06
175.1924721984602,8.132140623876348e-06
175.34246575342465,7.806640213640829e-06
175.49271636675235,7.190901893557443e-06
175.6432246998285,6.516389740848941e-06
175.79399141630904,5.583969592781661e-06
175.94501718213058,4.827932277178602e-06
176.0963026655202,4.520011592078342e-06
176.24784853700515,3.932042493520072e-06
176.3996554694229,3.3446087814354424e-06
176.55172413793102,3.1482313156883726e-06
176.70405522001724,2.6859265710357223e-06
176.85664939550952,2.218620565969019e-06
177.00950734658602,2.1522186251446686e-06
177.16262975778545,1.8433092259139963e-06
177.3160173160173,1.4181765504907219e-06
177.46967071057193,1.2734182839639636e-06
177.62359063313096,1.0359147479794313e-06
177.77777777777777,8.059778686598655e-07
177.93223284100782,8.518924052790608e-07
178.08695652173913,8.106927330203116e-07
178.24194952132288,6.279647861266818e-07
178.397212543554,5.48534222188555e-07
178.55274629468178,4.6455177438004975e-07
178.70855148342056,3.6576110533120555e-07
178.86462882096066,3.444047836272573e-07
179.02097902097898,3.1939472579776664e-07
179.17760279965006,2.829151343073511e-07
179.33450087565674,2.49204316455512e-07
179.4916739702016,1.6454281217264096e-07
179.64912280701753,1.2369264049204156e-07
179.80684811237927,1.1970795451431647e-07
179.96485061511424,7.876981644024582e-08
180.12313104661388,5.322045018439003e-08
180.28169014084506,8.088069452977974e-08
180.44052863436124,7.198878859893812e-08
180.59964726631395,2.6735964954742567e-08
180.75904677846424,2.2043195219869123e-08
180.91872791519435,3.317266473092044e-08
181.07869142351902,3.561431742799718e-08
181.23893805309734,2.4715117548421372e-08
181.39946855624444,9.628658156943009e-09
181.56028368794324,1.6920198065868967e-08
181.72138420585628,2.114537445925776e-08
181.88277087033748,1.0317921877287723e-08
182.04444444444445,5.878701213667878e-10
182.20640569395016,2.5387281617332698e-09
182.3686553873553,2.3396937467146166e-09
182.53119429590015,8.563090051822553e-10
182.69402319357712,4.500203637938591e-09
182.85714285714286,2.2434308849907158e-08
183.0205540661305,1.3982359285899846e-08
183.18425760286226,5.14939236259083e-10
183.34825425246197,2.896297893653081e-09
183.51254480286738,3.6922887617439202e-09
183.67713004484304,2.469685149651189e-09
183.84201077199282,1.949049045308165e-08
184.00718778077265,6.715281195977844e-09
184.1726618705036,4.472479308921304e-09
184.33843384338437,7.910212616746335e-09
184.5045045045045,3.5199939097930336e-10
184.67087466185754,1.2625678209131912e-09
184.83754512635377,6.682089643407373e-10
185.0045167118338,3.856136135098769e-09
185.17179023508135,1.872197473346035e-08
185.33936651583707,1.4878105976507703e-08
185.5072463768116,2.2103423349342083e-09
185.675430643699,9.630329150970291e-10
185.84392014519057,3.2215915197623203e-10
186.01271571298818,3.849708661192639e-09
186.1818181818182,1.4985556830134362e-08
186.3512283894449,7.11543016082429e-09
186.52094717668484,8.508368358910398e-10
186.69097538742025,6.941225881268054e-09
186.86131386861314,3.885654652490174e-09
187.03196347031962,3.6307934516400877e-09
187.20292504570384,7.542758961682345e-09
187.37419945105214,2.9533045494774637e-09
187.54578754578753,2.268463461157254e-11
187.71769019248396,1.5911056626498177e-09
187.88990825688072,1.1401769857515397e-09
188.06244260789717,1.274729330534976e-09
188.23529411764707,3.7148406225713574e-09
188.40846366145354,3.368198457251131e-11
188.5819521178637,3.594151134814394e-09
188.75576036866357,3.8982296375576104e-09
188.92988929889296,3.173419413589402e-09
189.10433979686056,3.0049302770212584e-09
189.27911275415894,4.6197662720455545e-10
189.45420906567992,2.682051055463582e-10
189.62962962962962,6.487477756963924e-10
189.80537534754404,7.311000005352482e-10
189.98144712430428,3.80915166253337e-09
190.15784586815226,5.640032140658477e-09
190.3345724907063,3.747474014191679e-09
190.51162790697674,1.4578803776049608e-09
190.68901303538178,9.588477493801348e-10
190.8667287977633,2.639062918466312e-10
191.044776119403,3.26449847785593e-09
191.22315592903828,4.319953626031807e-09
191.4018691588785,1.513434991238733e-09
191.5809167446211,4.0914143574261123e-11
191.76029962546815,6.370088102930499e-10
191.94001874414244,2.2575262940700843e-09
192.12007504690433,2.249513696730772e-09
192.3004694835681,1.950424431343288e-09
192.48120300751881,1.4869527883325587e-09
192.66227657572907,1.7573271393346542e-11
192.8436911487759,1.202175397153627e-09
193.02544769085767,5.975227102474599e-10
193.2075471698113,1.3202887908696443e-09
193.38999055712932,7.826449312819228e-09
193.57277882797732,7.620922259997194e-09
193.75591296121098,1.3491952380147104e-09
193.93939393939394,2.224286238830219e-09
194.12322274881518,2.3607957929844493e-10
194.30740037950665,4.563548515586252e-09
194.49192782526114,7.813381827698247e-09
194.67680608365018,1.0779229381822417e-09
194.86203615604185,3.602432669467951e-09
195.04761904761907,4.0239216829369274e-09
195.23355576739752,1.422090830632648e-09
195.4198473282443,8.481665358183468e-10
195.6064947468959,3.568587509686399e-10
195.79349904397705,2.5580914059629393e-09
195.9808612440191,1.9738319234940236e-09
196.1685823754789,7.371890781389666e-11
196.35666347075744,3.224228752985092e-10
196.5451055662188,7.466141920357846e-10
196.73390970220942,3.540527480118675e-09
196.92307692307693,2.9356234122402197e-09
197.1126082771896,9.669709587174067e-11
197.30250481695566,5.972160690484768e-09
197.4927675988428,3.3863295157275374e-09
197.68339768339766,2.7988319436810565e-10
197.8743961352657,2.6070941408199405e-09
198.06576402321085,5.724335927792837e-10
198.25750242013552,2.6971666666717453e-09
198.44961240310076,7.02082713900367e-09
198.64209505334625,2.46337114753027e-09
198.83495145631065,2.3410457595559943e-10
199.02818270165207,1.0405005125646339e-09
199.22178988326846,1.77944560341108e-09
199.4157740993184,1.7837707361116778e-09
199.61013645224173,1.1288788577255553e-10
199.8048780487805,2.2872035335044122e-09
200.0,3.5545907120887405e-09
200.19550342130987,2.220008544468634e-09
200.3913894324853,4.9236768144553265e-09
200.58765915768853,2.7854275137959598e-09
200.78431372549022,2.9691761513400825e-09
200.9813542688911,4.994056032808943e-09
201.17878192534383,4.77338335147823e-09
201.37659783677483,4.4418785041309965e-09
201.5748031496063,4.036782617225829e-10
201.77339901477833,6.277257879206798e-09
201.9723865877712,5.3387473278449495e-09
202.1717670286278,1.7481229155067784e-09
202.3715415019763,3.195710245775564e-10
202.57171117705244,1.6174647517762645e-09
202.77227722772278,8.668299197413216e-10
202.97324083250743,1.1459211495770924e-09
203.17460317460316,3.9657616873923074e-10
203.37636544190661,4.300725980893532e-09
203.57852882703776,6.257630611940129e-09
203.78109452736314,4.2956872935692056e-10
203.98406374501994,6.120822972092102e-10
204.1874376869392,2.557643246771983e-09
204.39121756487026,7.026721275910683e-09
204.5954045954046,8.462995082992293e-10
204.79999999999998,1.9501643134522434e-09
205.005005005005,8.031544951565365e-10
205.21042084168334,1.3341410340983703e-10
205.41624874623875,5.08710389534417e-10
205.62248995983938,4.6007495128435457e-10
205.8291457286432,1.2883787244461381e-09
206.03621730382292,1.7750496246513182e-10
206.24370594159112,4.428976836179879e-11
206.4516129032258,3.6998620436146722e-09
206.65993945509584,9.189939667789875e-09
206.86868686868684,3.034031377339351e-09
207.07785642062692,1.0213493655458068e-09
207.28744939271257,5.529770389717963e-10
207.49746707193518,4.828765789962216e-09
207.7079107505071,4.584621572723667e-09
207.9187817258883,6.16829181325028e-09
208.130081300813,3.951934650434346e-09
208.34181078331636,5.400142011254321e-10
208.55397148676167,6.635926936409775e-10
208.7665647298675,2.7977864660477354e-11
208.9795918367347,2.4473959610031594e-09
209.19305413687437,4.015554346492689e-09
209.40695296523518,2.124754519916892e-09
209.6212896622313,4.1350734630156364e-10
209.83606557377047,7.049696554047378e-10
210.05128205128204,6.764969799928005e-09
210.26694045174537,7.47347683063297e-09
210.48304213771837,5.16084120593636e-10
210.69958847736626,2.008156833025147e-09
210.91658084449023,7.255744911020665e-10
211.1340206185567,3.788612806349352e-09
211.3519091847265,1.3443259378375387e-09
211.5702479338843,5.621355767922452e-09
211.78903826266804,6.908142939123072e-09
212.00828157349895,1.650411132381544e-09
212.22797927461139,1.5170809341540873e-09
212.448132780083,7.525947143448104e-09
212.668743509865,2.7257866815541496e-09
212.88981288981287,1.3381657829889745e-09
213.11134235171693,6.293580627007265e-11
213.33333333333334,4.382961414408218e-09
213.555787278415,2.386396843825455e-09
213.7787056367432,1.448339655070957e-09
214.00208986415882,2.409467129396867e-09
214.22594142259413,2.705296715203226e-10
214.4502617801047,1.230564341314707e-09
214.67505241090146,6.65290345997359e-10
214.900314795383,2.0938750579276327e-09
215.12605042016807,1.5238620976284397e-09
215.35226077812828,4.675207602238481e-09
215.57894736842104,3.993488876467631e-11
215.80611169652263,4.691976061207166e-09
216.03375527426158,1.6175502196477863e-09
216.26187961985215,2.463258814586178e-10
216.49048625792813,4.699103511601328e-09
216.7195767195767,1.1312420329857594e-08
216.9491525423729,2.614389684833811e-09
217.17921527041358,1.3181247520243619e-09
217.40976645435242,2.050952824953944e-09
217.64080765143464,5.171915843151583e-10
217.87234042553192,2.970273060586008e-09
218.10436634717786,1.2037657199953933e-09
218.33688699360337,1.96681909492505e-09
218.5699039487727,9.783556509544092e-10
218.80341880341882,1.6816269196551365e-09
219.0374331550802,4.017204830944204e-09
219.27194860813702,1.392599021767292e-09
219.5069667738478,8.409859308808486e-10
219.74248927038627,9.019874089411755e-10
219.97851772287862,1.0539654170311717e-09
220.21505376344086,1.8313213664049353e-09
220.45209903121636,1.9487155142999792e-09
220.68965517241378,1.7814715310701792e-09
220.92772384034518,1.6550859510386033e-09
221.16630669546436,5.910027278697984e-10
221.4054054054054,9.416567715370338e-10
221.64502164502164,4.192337850998905e-09
221.88515709642468,3.302423454243926e-09
222.12581344902384,7.105207084196286e-11
222.36699239956567,2.2798138719217563e-09
222.6086956521739,1.0916050499263433e-08
222.85092491838955,1.5812445071157143e-08
223.09368191721134,5.412813480898051e-09
223.3369683751363,1.703124144147123e-09
223.58078602620085,2.0738526323790254e-09
223.82513661202185,2.0292391708521877e-09
224.07002188183807,1.853898396037231e-08
224.31544359255204,4.164878512285564e-08
224.56140350877192,8.031001870311573e-08
224.80790340285398,1.7641730606664596e-07
225.05494505494505,3.417806740082142e-07
225.30253025302528,6.36199721127224e-07
225.55066079295153,1.1791871991588266e-06
225.79933847850054,2.075437623487505e-06
226.0485651214128,3.4740714462252666e-06
226.29834254143645,5.490430837512907e-06
226.54867256637166,8.28562075307237e-06
226.79955703211516,1.2354835767851972e-05
227.0509977827051,1.8189517227547638e-05
227.30299667036624,2.622401232050037e-05
227.55555555555554,3.706167555548608e-05
227.80867630700777,5.14859777303357e-05
228.06236080178175,7.002705037962366e-05
228.31661092530658,9.311475567888041e-05
228.57142857142856,0.00012364496511729802
228.82681564245812,0.00016505716330156625
229.082774049217,0.00021933363769853078
229.33930571108624,0.00029140389975886
229.59641255605382,0.00038923195645228215
229.8540965207632,0.0005269674573812322
230.1123595505618,0.0007278462403010368
230.37120359955006,0.001022602364917464
230.6306306306306,0.0014601441876692111
230.89064261555805,0.0021141108509333093
231.1512415349887,0.003087474440541665
231.41242937853107,0.004518161834950802
231.67420814479635,0.006601779422879436
231.9365798414496,0.00961711269465213
232.19954648526078,0.013888709580414363
232.46311010215663,0.019818310129923827
232.7272727272727,0.027939389993239454
232.9920364050057,0.038877068718955944
233.25740318906605,0.05336593311350573
233.52337514253134,0.07219309547005676
233.78995433789953,0.09621150168425094
234.05714285714288,0.12641797592928486
234.32494279176203,0.16376156165871764
234.59335624284074,0.20913412867256442
234.8623853211009,0.2634174989564783
235.13203214695753,0.3275671079799312
235.4022988505747,0.40266948187056656
235.67318757192174,0.48963878996681437
235.9447004608295,0.589773742574821
236.2168396770473,0.7052026431086666
236.48960739030022,0.8389547333190552
236.76300578034682,0.9957485446897864
237.03703703703707,1.1820620116983929
237.3117033603708,1.4072904179972214
237.58700696055683,1.6846200236902165
237.862950058072,2.0305445518493075
238.13953488372093,2.466266983424826
238.41676367869616,3.0169447769403903
238.69463869463866,3.7107072704437045
238.97316219369893,4.578077891685632
239.25233644859816,5.648599210153534
239.53216374269007,6.9490845045186465
239.81264637002343,8.498250595878039
240.0937866354044,10.302128447690125
240.37558685446012,12.351159843749137
240.65804935370153,14.612508180133208
240.94117647058823,17.0298628531757
241.2249705535924,19.519685159574458
241.50943396226415,21.96959623916839
241.79456906729635,24.248449263536273
242.080378250591,26.206682449888735
242.3668639053254,27.69006880980148
242.65402843601896,28.557871394303564
242.94187425860022,28.691541990399646
243.23040380047507,28.01845011261515
243.51961950059456,26.523165534216893
243.80952380952382,24.258872443946018
244.1001191895113,21.35847947236313
244.39140811455846,18.02166551427811
244.68339307048984,14.508679777485295
244.97607655502392,11.115989519223387
245.2694610778443,8.14216320156839
245.56354916067144,5.858541277498762
245.85834333733493,4.463907481137816
246.15384615384616,4.057978970301918
246.4500601684717,4.619545230535723
246.7469879518072,5.999150587445661
247.04463208685164,7.937989141950422
247.34299516908212,10.092781268556124
247.6420798065296,12.09590921737721
247.9418886198547,13.613731330033435
248.24242424242422,14.40425585491302
248.54368932038832,14.37993654087853
248.8456865127582,13.63037899671349
249.14841849148416,12.43275768109078
249.45188794153472,11.219415754198751
249.75609756097558,10.499854641046243
250.06105006105005,10.784573396109813
250.36674816625916,12.482353490858175
250.6731946144431,15.792305091536399
250.98039215686276,20.650920631024903
251.2883435582822,26.716251377564387
251.5970515970516,33.37734491962973
251.90651906519062,39.858508305473904
252.21674876847288,45.35622116689996
252.52774352651045,49.16054389469175
252.8395061728395,50.81200256241607
253.15203955500616,50.18637378187328
253.46534653465346,47.53162477443692
253.7794299876084,43.453731539894946
254.09429280397023,38.761504098021284
254.40993788819875,34.32924753507998
254.726368159204,30.93502337097246
255.04358655043586,29.039673115452498
255.36159600997507,28.72018696892215
255.6803995006242,29.694428469270967
255.99999999999997,31.34024254392484
256.3204005006258,32.86641059652429
256.64160401002505,33.5715892668064
256.9636135508155,32.9668826296383
257.286432160804,30.90311947287832
257.61006289308176,27.66986270834773
257.9345088161209,23.84145824173308
258.2597730138714,20.095926462507254
258.5858585858586,17.06718907757324
258.91276864728195,15.136665982874133
259.24050632911394,14.353061343188404
259.5690747782003,14.502405117971499
259.8984771573604,15.176841891370099
260.22871664548916,15.867859361618743
260.55979643765903,16.153380312079264
260.89171974522293,15.829698998834408
261.2244897959184,14.935889144321008
261.5581098339719,13.753115752249183
261.89258312020456,12.711044823159765
262.2279129321382,12.213948240187515
262.56410256410254,12.511198966346695
262.9011553273428,13.63192130934701
263.2390745501285,15.334546791881035
263.5778635778636,17.23439900838312
263.91752577319585,19.084599511119656
264.258064516129,20.77173241464747
264.59948320413434,22.180549593624292
264.9417852522639,23.298164089312838
265.2849740932642,24.2983315182322
265.6290531776913,25.399416717134343
265.974025974026,26.74618708988938
266.3198959687906,28.40759396771654
266.66666666666663,30.320043178958457
267.01434159061273,32.255198802609094
267.3629242819843,33.961096521959774
267.7124183006536,35.2455605692119
268.0628272251309,35.87492115872811
268.41415465268676,35.7330511659128
268.76640419947506,35.18797462224781
269.119579500657,34.780848647381234
269.47368421052636,34.54926459793819
269.82872200263506,34.13258566199055
270.1846965699208,33.32062377396727
270.5416116248349,32.088095237182
270.8994708994709,30.413652292135893
271.25827814569533,28.3715386402931
271.6180371352785,26.155235869522738
271.97875166002655,23.956826745559646
272.3404255319149,21.946063562795405
272.70306258322233,20.270625802169107
273.06666666666666,19.034281320899506
273.4312416555407,18.288198757803126
273.7967914438503,17.973135446548095
274.1633199464525,17.95083785995388
274.5308310991957,18.196012410810795
274.8993288590604,18.824148252390767
275.26881720430106,19.90557589375885
275.6393001345895,21.427341082529708
276.010781671159,23.370460722520836
276.3832658569501,25.66600449495764
276.7567567567567,28.16480789536818
277.1312584573748,30.699362081019796
277.50677506775065,33.09582516661599
277.88331071913166,35.170201872894715
278.2608695652174,36.757396017191816
278.6394557823129,37.71747996426612
279.01907356948226,37.9474592889496
279.39972714870396,37.390868893836306
279.78142076502735,36.02985901446063
280.1641586867305,33.91343712201725
280.54794520547944,31.163084283061508
280.93278463648835,27.932109256955442
281.31868131868134,24.403452393950765
281.70563961485556,20.778385747013854
282.0936639118457,17.231292544604468
282.48275862068965,13.91016290182815
282.8729281767956,10.938720854555253
283.2641770401106,8.3899220664045
283.6565096952908,6.294834844504848
284.0499306518724,4.656223036681803
284.44444444444446,3.4401780732789025
284.84005563282335,2.5891972608964355
285.2367688022284,2.0384138834747816
285.63458856345886,1.7163078602458786
286.0335195530726,1.5533528840473139
286.43356643356645,1.4899388744852085
286.8347338935574,1.4769500277694432
287.23702664796633,1.4780621031203782
287.6404494382022,1.4684740235586167
288.0450070323488,1.4336358636394078
288.4507042253521,1.369593893670547
288.85754583921016,1.277937426104111
289.2655367231638,1.1633019984021225
289.6746817538897,1.0342058838522152
290.08498583569406,0.8991137340791121
290.49645390070924,0.7646512562772939
290.9090909090909,0.6374123939480494
291.32290184921766,0.5222131394456019
291.73789173789174,0.421168649285985
292.15406562054204,0.33554504742822583
292.57142857142856,0.2654021219439984
292.9899856938483,0.20928973779638235
293.4097421203438,0.1656402809266238
293.83070301291247,0.13268370323737494
294.2528735632184,0.10812255089029406
294.67625899280574,0.09003774709024545
295.1008645533141,0.0769371247785426
295.52669552669556,0.0673082677761619
295.9537572254335,0.05998610800464291
296.3820549927641,0.05423158000945218
296.81159420289856,0.04939866909395171
297.2423802612482,0.04506414173739634
297.6744186046512,0.041065894270827415
298.1077147016012,0.0372489435556086
298.54227405247815,0.03352711258975628
298.978102189781,0.029953707916197347
299.41520467836256,0.02654883327061178
299.8535871156662,0.02331304513870071
300.2932551319648,0.02030416681878949
300.73421439060206,0.01754129685187382
301.17647058823525,0.01501274153385724
301.620029455081,0.012751012255741377
302.06489675516224,0.010767487521364012
302.5110782865583,0.009027336269909555
302.95857988165676,0.007513608125219344
303.4074074074074,0.006218782300779865
303.85756676557867,0.005118219321483235
304.30906389301634,0.004189131249696796
304.7619047619047,0.003411521154793975
305.2160953800298,0.002763364026085216
305.6716417910448,0.0022290995924862562
306.1285500747384,0.0017926140670147248
306.58682634730536,0.0014344328160121383
307.0464767616192,0.001141729711014696
307.5075075075075,0.000904993403589006
307.96992481203006,0.0007137258481038161
308.433734939759,0.0005609456150580237
308.8989441930618,0.00044033821663463923
309.3655589123867,0.0003440294045838304
309.83358547655064,0.00026754323681874134
310.3030303030303,0.00020809973665754722
310.7738998482549,0.00016092539762029625
311.2462006079027,0.0001230649117189445
311.7199391171994,9.425625752758259e-05
312.1951219512195,7.266028230728998e-05
312.67175572519085,5.537462033396664e-05
313.1498470948012,4.15449002248645e-05
313.6294027565084,3.127646926926858e-05
314.11042944785277,2.3705413313911268e-05
314.5929339477727,1.781374798649235e-05
315.0769230769231,1.333116145990306e-05
315.5624036979969,1.0101698427791521e-05
316.04938271604937,7.59267501070829e-06
316.53786707882534,5.473001337605968e-06
317.0278637770898,3.922543461661349e-06
317.5193798449612,2.970034310858407e-06
318.0124223602484,2.244773435850314e-06
318.50699844479004,1.566022099851909e-06
319.0031152647975,1.1059113056626528e-06
319.5007800312012,8.564273860772388e-07
320.0,6.258574919748828e-07
320.5007824726134,4.158465961556625e-07
321.0031347962382,3.083335613411152e-07
321.5070643642072,2.5233289524224e-07
322.0125786163522,1.8818939819938322e-07
322.5196850393701,1.3516967509360614e-07
323.02839116719235,9.479925183093277e-08
323.5387045813586,5.3314746667889155e-08
324.0506329113924,3.178888741180585e-08
324.56418383518223,2.3728430119174846e-08
325.07936507936506,1.5894865914205626e-08
325.59618441971384,8.691622869534321e-09
326.11464968152865,1.0100611049380227e-08
326.63476874003186,1.0962473634268231e-08
327.15654952076676,7.04633078338677e-09
327.68,4.348653076288425e-09
328.2051282051282,2.163273070607837e-09
328.7319422150882,3.313405213563935e-10
329.2604501607717,4.531808185241531e-11
329.7906602254429,1.1613763427746416e-10
330.3225806451613,7.457526053175861e-10
330.8562197092084,8.464625141917315e-10
331.3915857605178,3.6846018419054973e-10
331.9286871961102,4.4491022359619526e-11
332.46753246753246,4.286520300362106e-10
333.0081300813008,5.044703012841197e-10
333.5504885993485,1.148152638865383e-09
334.094616639478,1.3990837846198939e-09
334.640522875817,1.491701760366172e-11
335.18821603927984,1.9253701407833398e-09
335.73770491803276,2.055594683432863e-09
336.28899835796386,4.5340399354901645e-10
336.8421052631579,2.320748648536029e-10
337.3970345963756,1.4211486164337702e-10
337.95379537953795,4.840302194112424e-10
338.51239669421483,2.3736313472761433e-09
339.07284768211923,7.209297443578424e-10
339.63515754560524,7.087812793831613e-10
340.19933554817277,1.859008472935538e-09
340.765391014975,1.802823127444753e-10
341.3333333333333,5.763990388949353e-10
341.9031719532554,9.864730342395601e-11
342.4749163879599,5.220809035614937e-10
343.04857621440533,3.4869776581767e-10
343.6241610738255,1.6898924832786842e-10
344.2016806722689,2.2263262269816193e-10
344.7811447811448,5.568166931908747e-10
345.362563237774,1.4153580502246496e-09
345.94594594594594,7.495044859614327e-11
346.5313028764805,9.4301215702162e-10
347.11864406779665,1.549910076825945e-10
347.70797962648555,9.699130338842128e-10
348.29931972789115,1.3691047140192742e-09
348.8926746166951,1.1771321635797942e-09
349.4880546075085,8.077820752857581e-10
350.0854700854701,4.700556656890313e-10
350.6849315068493,7.819448673705998e-11
351.286449399657,7.975459434059079e-10
351.89003436426117,1.4924553460284178e-09
352.4956970740103,6.419871752076946e-10
353.10344827586204,2.609267071990422e-09
353.71329879101904,4.5478671597592137e-10
354.3252595155709,1.3802394861758632e-10
354.93934142114387,5.403526658550957e-10
355.55555555555554,2.974677862347519e-10
356.17391304347825,6.560048684751684e-11
356.794425087108,3.6559111238598785e-10
357.4171029668411,3.2488350881918074e-10
358.04195804195797,3.275186123587789e-11
358.6690017513135,2.1275399277871847e-10
359.29824561403507,2.7690527484510275e-10
359.9297012302285,2.821193867142848e-10
360.5633802816901,6.706099300142926e-10
361.1992945326279,5.364036676468842e-11
361.8374558303887,6.398056287782362e-10
362.4778761061947,1.4130449991969012e-09
363.1205673758865,7.316585791556219e-10
363.76554174067496,3.2886284308475415e-11
364.4128113879003,1.1114210289594806e-11
365.0623885918003,1.0663668441817554e-09
365.7142857142857,4.1216504272266614e-11
366.3685152057245,2.486844945149018e-09
367.02508960573476,1.2401431753385336e-09
367.68402154398564,8.49678345695096e-13
368.3453237410072,1.099814715545136e-09
369.009009009009,1.0591798105223977e-09
369.67509025270755,3.643546591924338e-10
370.3435804701627,8.370440631193855e-10
371.0144927536232,4.995386105947308e-12
371.68784029038113,4.198964669983627e-10
372.3636363636364,6.754571122911026e-10
373.0418943533697,1.2128076275649413e-10
373.7226277372263,1.2615020144986523e-10
374.4058500914077,1.0273606755136983e-09
375.09157509157507,6.689753366677334e-10
375.77981651376143,3.823782783574887e-11
376.47058823529414,7.770131033357327e-10
377.1639042357274,1.4764290725660227e-09
377.8597785977859,9.737731853588528e-11
378.5582255083179,1.0635479437781328e-09
379.25925925925924,6.542140077926191e-10
379.96289424860856,5.151086219835352e-10
380.6691449814126,6.77010144106228e-10
381.37802607076355,1.858434818287123e-10
382.089552238806,3.15287559416001e-10
382.803738317757,2.6447833872708996e-10
383.5205992509363,1.3014222845379162e-10
384.24015009380867,1.6687212103041964e-10
384.96240601503763,1.7585251905902001e-10
385.6873822975518,2.8894475279614323e-10
386.4150943396226,3.098840793494239e-11
387.14555765595463,2.6840242377663733e-10
387.8787878787879,3.607974484954176e-11
388.6148007590133,2.066548860034083e-10
389.35361216730035,2.031521766730295e-11
390.09523809523813,3.7301081061015766e-10
390.8396946564886,5.070146917570198e-10
391.5869980879541,1.5738668585368674e-09
392.3371647509578,7.661289473061929e-10
393.0902111324376,3.5609050421384195e-10
393.84615384615387,8.74717890179232e-10
394.6050096339113,6.68865036236091e-10
395.3667953667953,5.222867989812906e-10
396.1315280464217,3.2363623402694093e-10
396.8992248062015,1.7963420630766563e-10
397.6699029126213,6.195328585589623e-10
398.4435797665369,9.442565395867799e-11
399.22027290448347,2.9450385364061615e-11
400.0,1.6000313091446469e-10
400.7827788649706,3.537397199339951e-10
401.56862745098044,3.9972533991063e-10
402.35756385068765,2.5085922986020214e-11
403.1496062992126,2.1151347111793103e-10
403.9447731755424,5.958424217143323e-10
404.7430830039526,4.350101869714849e-10
405.54455445544556,9.296937346763808e-10
406.3492063492063,1.1740234335191893e-09
407.1570576540755,5.466929953229497e-10
407.9681274900399,9.088468316902921e-11
408.7824351297405,2.9673034214036265e-10
409.59999999999997,5.90636708772404e-10
410.4208416833667,4.466214295580151e-10
411.24497991967877,1.4370059820644634e-10
412.07243460764585,2.6614454573226847e-10
412.9032258064516,6.119740893826141e-10
413.7373737373737,3.57431979856186e-10
414.57489878542515,7.439960764362076e-10
415.4158215010142,9.40620327345784e-10
416.260162601626,1.8198991588407923e-10
417.10794297352334,7.675911232723284e-11
417.9591836734694,2.2700037618153683e-11
418.81390593047036,3.635329895704727e-11
419.67213114754094,8.017989677715606e-10
420.53388090349074,8.831145357704639e-10
421.3991769547325,5.377301453997538e-10
422.2680412371134,1.2595251794049715e-09
423.1404958677686,5.817760141262173e-10
424.0165631469979,9.352893170835319e-11
424.896265560166,5.827740746716138e-10
425.77962577962575,7.358207710462213e-10
426.6666666666667,5.006584707507259e-11
427.5574112734864,1.1176720542779553e-10
428.45188284518827,4.861138250616413e-10
429.3501048218029,4.3253592934522823e-10
430.25210084033614,1.305959187085573e-09
431.1578947368421,1.0442740590158065e-09
432.06751054852316,6.375101441807827e-10
432.98097251585625,1.0192141145236963e-10
433.8983050847458,6.067695538300446e-11
434.81953290870484,9.028114833300792e-10
435.74468085106383,1.6862518737304008e-09
436.67377398720674,4.5460706364422363e-10
437.60683760683764,1.1301136503234423e-10
438.54389721627405,6.849374782865517e-10
439.48497854077254,9.545985286330365e-10
440.4301075268817,5.009295568783717e-10
441.37931034482756,7.066070773753159e-10
442.3326133909287,1.6999451949937566e-09
443.2900432900433,1.0459493953311632e-09
444.2516268980477,1.1336054851709286e-10
445.2173913043478,3.0309754169172835e-10
446.1873638344227,2.2729782624703243e-10
447.1615720524017,1.0342881251834442e-11
448.14004376367615,8.781208953312243e-11
449.12280701754383,4.1884461116199177e-10
450.1098901098901,3.852464187063118e-10
451.10132158590307,2.2598199298144736e-10
452.0971302428256,2.3553557169686514e-10
453.0973451327433,1.7114077645070365e-10
454.1019955654102,4.183800384259799e-10
455.1111111111111,4.795146277011316e-10
456.1247216035635,8.002005474048055e-10
457.1428571428571,1.666019384388495e-09
458.165548098434,4.234881915870089e-10
459.19282511210764,1.324823682026245e-10
460.2247191011236,2.789789983939409e-10
461.2612612612612,3.664133228369083e-10
462.3024830699774,4.17227965043171e-10
463.3484162895927,7.409527871081475e-11
464.39909297052156,2.9092230140078576e-11
465.4545454545454,1.1831584622386519e-09
466.5148063781321,2.750024226595758e-13
467.57990867579906,2.9257459683005514e-09
468.64988558352405,5.099856250219607e-10
469.7247706422018,4.1798354224730656e-10
470.8045977011494,6.207570752913812e-10
471.889400921659,1.094365708915328e-09
472.97921478060044,1.906868605059415e-10
474.07407407407413,3.1424801134595005e-09
475.17401392111367,1.0541822567316902e-09
476.27906976744185,5.853409264722288e-11
477.3892773892773,6.374147869008905e-09
478.5046728971963,1.1568780195944095e-09
479.62529274004686,5.862569205713667e-10
480.75117370892025,1.1166366129921693e-08
481.88235294117646,9.221062044528053e-11
483.0188679245283,1.5759491890429556e-09
484.160756501182,7.721641811090073e-09
485.3080568720379,1.8488578377238677e-10
486.46080760095015,1.939507085729797e-09
487.61904761904765,1.553028780528048e-08
488.7828162291169,5.061847561016478e-10
489.95215311004785,5.0853105353334445e-09
491.1270983213429,1.8754644613131983e-08
492.3076923076923,2.858264925337955e-10
493.4939759036144,1.4355152335359674e-08
494.68599033816423,3.4933619658615664e-08
495.8837772397094,2.4324214615474676e-09
497.08737864077665,3.5517675192834945e-08
498.29683698296833,3.5983288900796396e-08
499.51219512195115,4.713027567232997e-09
500.7334963325183,6.840748654624582e-08
501.9607843137255,4.148807472558275e-08
503.1941031941032,1.8490088546912687e-08
504.43349753694577,1.211372615157591e-07
505.679012345679,4.159193540607034e-08
506.9306930693069,4.677567750686682e-08
508.18858560794047,2.1152576399831986e-07
509.452736318408,3.528467617185972e-08
510.72319201995015,1.0753842102616767e-07
511.99999999999994,3.241756939746158e-07
513.2832080200501,3.544360584817467e-08
514.572864321608,2.6970023233782446e-07
515.8690176322418,5.159339571844272e-07
517.1717171717172,1.0279976837402532e-08
518.4810126582279,5.619993961103078e-07
519.7969543147208,7.451694219129834e-07
521.1195928753181,1.8233328202706735e-09
522.4489795918367,1.1248541073588704e-06
523.7851662404091,9.478584326220829e-07
525.1282051282051,6.165214333559872e-08
526.478149100257,2.0721520708632335e-06
527.8350515463917,1.133929434288875e-06
529.1989664082687,3.2026991596292305e-07
530.5699481865284,3.6800874105795073e-06
531.948051948052,1.1439417914388675e-06
533.3333333333333,1.0332792640034287e-06
534.7258485639686,5.926566242589918e-06
536.1256544502618,1.0467148572022847e-06
537.5328083989501,2.815179308293205e-06
538.9473684210527,8.957945279549286e-06
540.3693931398416,7.23813232860707e-07
541.7989417989418,6.725508847382921e-06
543.236074270557,1.2446688681256361e-05
544.6808510638298,2.2468084028069875e-07
546.1333333333333,1.3693289237528013e-05
547.5935828877006,1.7072700484883774e-05
549.0616621983914,1.5056645030639227e-07
550.5376344086021,2.4952687041979312e-05
552.021563342318,2.2116659962532617e-05
553.5135135135134,2.3739587840076174e-06
555.0135501355013,4.446862963535114e-05
556.5217391304348,2.4024003662206042e-05
558.0381471389645,9.016669630309437e-06
559.5628415300547,7.8254773470317e-05
561.0958904109589,2.090254383355043e-05
562.6373626373627,2.401500527437537e-05
564.1873278236914,0.0001286454924230491
565.7458563535912,1.4241569556410857e-05
567.3130193905816,6.0594802066716737e-05
568.8888888888889,0.00018499557271594203
570.4735376044569,7.375887438673369e-06
572.0670391061452,0.00014268573661055752
573.6694677871149,0.00024164401140133995
575.2808988764044,1.2911198023781086e-06
576.9014084507043,0.00029143903599299857
578.5310734463276,0.00029915835455887184
580.1699716713881,1.3933523090609008e-05
581.8181818181818,0.0005235519737429287
583.4757834757835,0.00034015818209738434
585.1428571428571,9.077707140773961e-05
586.8194842406876,0.0008899796042521599
588.5057471264367,0.0003087871135225464
590.2017291066282,0.0002825355809206221
591.907514450867,0.0014648840136396175
593.6231884057971,0.00018207201554569367
595.3488372093024,0.0006644287986149175
597.0845481049563,0.002206338596360301
598.8304093567251,4.8650629972364954e-05
600.5865102639297,0.0014949090694953455
602.3529411764705,0.0027885479903631753
604.1297935103245,4.4138048482914864e-05
605.9171597633135,0.0033725540285032517
607.7151335311573,0.0027160254669175658
609.5238095238094,0.0001836813858124342
611.3432835820896,0.007061450415980465
613.1736526946107,0.0018035761410470472
615.015015015015,0.000458680317810551
616.867469879518,0.012743737612224118
618.7311178247734,0.0007290712396184645
620.6060606060606,0.0017120642901830073
622.4924012158054,0.01881980321436257
624.390243902439,0.0010550203661398795
626.2996941896024,0.007667030285847817
628.2208588957055,0.02116952494544137
630.1538461538462,0.0039058378514835045
632.0987654320987,0.027631178258203833
634.0557275541796,0.015187453448512989
636.0248447204968,0.007580670304847382
638.006230529595,0.07724732566087682
640.0,0.004031055007958345
642.0062695924764,0.008922434631003623
644.0251572327044,0.1715282309313777
646.0567823343847,0.01469029248372064
648.1012658227849,0.02376229206205307
650.1587301587301,0.30688788536770467
652.2292993630573,0.11231145260887848
654.3130990415335,0.15041046986974513
656.4102564102564,0.45740345893020135
658.5209003215434,0.39311145333113995
660.6451612903226,0.6811779198689064
662.7831715210356,0.671273719227433
664.9350649350649,0.9807621222090482
667.100977198697,2.2053807986756766
669.281045751634,1.3836527219611718
671.4754098360655,2.1990877981126
673.6842105263158,5.621679748637139
675.9075907590759,3.985882536681681
678.1456953642385,5.3574073639904025
680.3986710963455,12.275256723797689
682.6666666666666,11.620604650563914
684.9498327759198,14.721558874472889
687.248322147651,24.998759414679327
689.5622895622896,29.96189126460488
691.8918918918919,40.39128070345856
694.2372881355933,51.33671042146167
696.5986394557823,69.038021203329
698.976109215017,102.46371500570224
701.3698630136986,112.92627194782742
703.7800687285223,152.06744361657167
706.2068965517241,236.7965361054348
708.6505190311418,256.81881211103473
711.1111111111111,324.9685550964703
713.588850174216,487.8904731780435
716.0839160839159,554.1303524048147
718.5964912280701,680.9764142544796
721.1267605633802,944.3975469453644
723.6749116607774,1149.1071470977924
726.241134751773,1438.6094863119627
728.8256227758006,1795.7303174845372
731.4285714285714,2206.6977745045383
734.0501792114695,2765.2127825292
736.6906474820144,3062.3350300229727
739.3501805054151,3577.3076293624576
742.0289855072464,4610.552157372275
744.7272727272727,5051.018864933054
747.4452554744526,5893.253951778671
750.1831501831501,7637.604171293892
752.9411764705883,8047.42575423662
755.7195571955718,8475.083148909112
758.5185185185185,9941.642390910414
761.3382899628252,9786.566683897368
764.179104477612,9644.557084407275
767.0411985018726,10479.256637030518
769.9248120300753,11195.529148421725
772.8301886792452,14587.337249908898
775.7575757575758,13278.721274791857
778.7072243346007,7911.575715501376
781.6793893129772,5701.468975837431
784.6743295019156,4877.112739332972
787.6923076923077,4691.699238812268
790.7335907335906,4224.241091953175
793.798449612403,4635.2897851104
796.8871595330738,5194.595272909736
800.0,5499.676723572954
803.1372549019609,5583.422488207189
806.2992125984252,5619.448915106927
809.4861660079052,6344.802654316231
812.6984126984127,6273.731540601098
815.9362549800798,5981.348150307696
819.1999999999999,9089.331545426849
822.4899598393575,17166.238399401765
825.8064516129032,19015.286526745367
829.1497975708503,13476.818369546747
832.520325203252,11126.98505261162
835.9183673469388,9931.336684862517
839.3442622950819,8469.543322173218
842.798353909465,7442.6670933316545
846.2809917355372,6149.896192175535
849.792531120332,5216.6576834702055
853.3333333333334,4434.762496584902
856.9037656903765,3207.5994280455393
860.5042016806723,2447.990830310869
864.1350210970463,1977.4521300924425
867.7966101694916,1256.5445194068811
871.4893617021277,871.1058303749321
875.2136752136753,731.9184963237292
878.9699570815451,450.2243061084557
882.7586206896551,290.64592080298655
886.5800865800866,247.99147677219764
890.4347826086956,146.44750477915457
894.3231441048034,84.09037349788372
898.2456140350877,68.13220999922062
902.2026431718061,39.80525837554056
906.1946902654867,22.659837960243145
910.2222222222222,15.426854915657094
914.2857142857142,9.199903702595654
918.3856502242153,6.899462145541779
922.5225225225224,3.024642869119601
926.6968325791854,1.5871809558272192
930.9090909090908,2.3308268883747267
935.1598173515981,0.5475282695274902
939.4495412844036,0.11914317643343118
943.778801843318,0.8014644335087204
948.1481481481483,0.1385283658641911
952.5581395348837,0.01933756186370704
957.0093457943926,0.2618301991154009
961.5023474178405,0.06473896496482487
966.0377358490566,0.06926495689892946
970.6161137440758,0.07527089090966164
975.2380952380953,0.0438594212785882
979.9043062200957,0.07763054445409326
984.6153846153846,0.016725594823340215
989.3719806763285,0.03792866746095202
994.1747572815533,0.0585741793309871
999.0243902439023,0.0016284250144805359
1003.921568627451,0.034629496299145586
1008.8669950738915,0.035825523515596196
1013.8613861386139,0.00045282178744124015
1018.905472636816,0.029215679771413712
1023.9999999999999,0.018664149501176838
1029.145728643216,0.0031204859533593694
1034.3434343434344,0.021992081209611814
1039.5939086294416,0.008153055461189215
1044.8979591836735,0.005789286440717211
1050.2564102564102,0.014781296203463513
1055.6701030927834,0.0027349963611440022
1061.139896373057,0.007074707369108581
1066.6666666666665,0.008895602298822618
1072.2513089005236,0.0005320289147686144
1077.8947368421054,0.006879032980829497
1083.5978835978835,0.004773019268042523
1089.3617021276596,2.6663768719930642e-05
1095.1871657754011,0.005713333328688262
1101.0752688172042,0.0022389876481069266
1107.0270270270269,0.00020207798930777857
1113.0434782608695,0.0041889432840030065
1119.1256830601094,0.0008774379166622661
1125.2747252747254,0.0004924839730586704
1131.4917127071824,0.0027569273463060187
1137.7777777777778,0.0002563416135792389
1144.1340782122904,0.0006638764860136827
1150.5617977528088,0.0016395521794368188
1157.0621468926552,3.76498493540492e-05
1163.6363636363635,0.0006775219018006275
1170.2857142857142,0.000880561957077844
1177.0114942528735,5.187309360823638e-07
1183.815028901734,0.0005814239242358508
1190.6976744186047,0.0004230852868152877
1197.6608187134502,2.269572779685987e-05
1204.705882352941,0.0004393142034171191
1211.834319526627,0.00017806588387528512
1219.0476190476188,4.879177385512123e-05
1226.3473053892214,0.00029943760301592924
1233.734939759036,6.266356503752315e-05
1241.2121212121212,6.12846695788634e-05
1248.780487804878,0.00018680816403865823
1256.441717791411,1.6505201050495132e-05
1264.1975308641975,6.010092994612251e-05
1272.0496894409937,0.00010717227519632816
1280.0,2.535860981683727e-06
1288.0503144654087,5.0620196340677576e-05
1296.2025316455697,5.654941876875951e-05
1304.4585987261146,8.74181685535737e-07
1312.8205128205127,3.8282601459006545e-05
1321.2903225806451,2.7380544379529816e-05
1329.8701298701299,2.3675965327176268e-06
1338.562091503268,2.6640540137855032e-05
1347.3684210526317,1.1924524362688432e-05
1356.291390728477,3.6772180047762106e-06
1365.3333333333333,1.7248101678731232e-05
1374.496644295302,4.55461882302073e-06
1383.7837837837837,4.084404883600454e-06
1393.1972789115646,1.047902535062995e-05
1402.7397260273972,1.3986995439160727e-06
1412.4137931034481,3.7201388211588185e-06
1422.2222222222222,5.951892836577644e-06
1432.1678321678319,3.006886881736296e-07
1442.2535211267605,2.994266007854258e-06
1452.482269503546,3.170229287288526e-06
1462.857142857143,4.350770073597604e-08
1473.3812949640287,2.198742448859451e-06
1484.0579710144928,1.5598415137002676e-06
1494.890510948905,6.06586561390066e-08
1505.8823529411766,1.4860174842789633e-06
1517.037037037037,7.067220067876919e-07
1528.358208955224,1.1796018947308883e-07
1539.8496240601505,9.473943760951869e-07
1551.5151515151515,2.846158555659318e-07
1563.3587786259543,1.5133136894680597e-07
1575.3846153846155,5.588098561916442e-07
1587.596899224806,9.607402510720117e-08
1600.0,1.464832980696081e-07
1612.5984251968505,3.0824004312357253e-07
1625.3968253968253,2.6436293529106605e-08
1638.3999999999999,1.2196275139152765e-07
1651.6129032258063,1.6094011057666325e-07
1665.040650406504,4.352914920342623e-09
1678.6885245901638,8.831516559983206e-08
1692.5619834710744,7.749160220569056e-08
1706.6666666666667,1.0347152917740098e-09
1721.0084033613446,5.873663770627883e-08
1735.5932203389832,3.691164746177607e-08
1750.4273504273506,2.49686507339432e-09
1765.5172413793102,3.674412804883868e-08
1780.8695652173913,1.486383168061924e-08
1796.4912280701753,4.1532905139859996e-09
1812.3893805309733,1.9647179354233336e-08
1828.5714285714284,6.239006013072389e-09
1845.0450450450448,4.436877341216863e-09
1861.8181818181815,1.086909036273312e-08
1878.8990825688072,1.9708178785007336e-09
1896.2962962962965,3.781015180183576e-09
1914.0186915887853,5.289565297509041e-09
1932.0754716981132,5.811153758576034e-10
1950.4761904761906,3.011480258758675e-09
1969.2307692307693,2.4178646157975553e-09
1988.3495145631066,5.838027020167255e-11
2007.843137254902,1.777167458783104e-09
2027.7227722772277,1.0505414269305827e-09
2047.9999999999998,8.169214213316152e-12
2068.686868686869,1.2101099091926571e-09
2089.795918367347,4.116178901771615e-10
2111.340206185567,2.1484081930916593e-11
2133.333333333333,5.908948231103532e-10
2155.789473684211,1.5400278230791362e-10
2178.723404255319,1.7392876176088454e-11
2202.1505376344085,3.438278295347442e-10
2226.086956521739,7.879300201022025e-11
2250.5494505494507,5.87327028476278e-11
2275.5555555555557,1.408846576501182e-10
2301.1235955056177,2.44086682529012e-11
2327.272727272727,4.5111627257059774e-11
2354.022988505747,6.975422702495845e-11
2381.3953488372094,1.1353813992742293e-11
2409.411764705882,2.548806715865786e-11
2438.0952380952376,5.356711456237358e-11
2467.469879518072,8.28376084886208e-12
2497.560975609756,4.664846183502282e-12
2528.395061728395,3.4021390562854386e-11
2560.0,6.211166040948538e-12
2592.4050632911394,1.6832869548973913e-12
2625.6410256410254,9.576558858706945e-12
2659.7402597402597,5.128140407724637e-12
2694.7368421052633,8.248768539284062e-13
2730.6666666666665,7.006601819758378e-12
2767.5675675675675,3.4534238447783915e-12
2805.4794520547944,5.3086160740970473e-14
2844.4444444444443,3.4346992228175335e-12
2884.507042253521,2.395125006400875e-12
2925.714285714286,1.2094789159173818e-12
2968.1159420289855,3.4945612775561524e-12
3011.764705882353,2.282285100000777e-12
3056.716417910448,1.5623366535247332e-13
3103.030303030303,6.061818139378635e-13
3150.769230769231,1.527047359996346e-13
3200.0,8.317007455752849e-13
3250.7936507936506,4.766005115678583e-13
3303.2258064516127,9.37970409675448e-13
3357.3770491803275,1.1262321946763404e-13
3413.3333333333335,3.2877421246894446e-13
3471.1864406779664,1.1766094632007944e-13
3531.0344827586205,4.880458100301328e-13
3592.9824561403507,4.211929700857224e-13
3657.142857142857,1.4821812282063874e-13
3723.636363636363,2.2722687702164855e-13
3792.592592592593,1.513841692655549e-13
3864.1509433962265,1.1055936512806911e-13
3938.4615384615386,2.911934076459426e-14
4015.686274509804,3.684566869699803e-15
4095.9999999999995,2.281289499427736e-14
4179.591836734694,5.7959012299600986e-15
4266.666666666666,1.837265412829438e-14
4357.446808510638,1.249360468188347e-14
4452.173913043478,4.147180790665431e-17
4551.111111111111,1.2606339120818424e-15
4654.545454545454,4.052669485400718e-16
4762.790697674419,3.822456308027577e-17
4876.190476190475,8.637723355616591e-17
4995.121951219512,2.151512903109426e-17
5120.0,7.853733955519852e-18
5251.282051282051,3.767212953850546e-18
5389.473684210527,3.158634301691347e-18
5535.135135135135,7.587772844922591e-19
5688.888888888889,2.3015732583746057e-19
5851.428571428572,4.39492771544613e-19
6023.529411764706,6.562790085441088e-20
6206.060606060606,2.881176620896515e-20
6400.0,4.566653929683341e-20
6606.451612903225,9.840332409092399e-21
6826.666666666667,4.2827568888469056e-21
7062.068965517241,4.900903303398551e-21
7314.285714285714,2.0363063049465286e-21
7585.185185185186,9.223783838455287e-22
7876.923076923077,1.0197466111156316e-21
