"Wavelength, nm",Intensity
136.44237175216523,5.409604799305065e-26
136.53333333333333,7.077036584835744e-26
136.62441627751835,8.289382960422279e-26
136.71562082777035,9.278568942048635e-26
136.80694722778892,1.1763093501160546e-25
136.89839572192514,1.2983052411573037e-25
136.98996655518394,1.4640557073812438e-25
137.08165997322624,1.6013844339146627e-25
137.17347622237108,7.269403792435495e-25
137.26541554959786,3.762324900803371e-24
137.35747820254863,5.40049984581411e-23
137.4496644295302,5.271465712184873e-22
137.54197447951645,2.7300977066921883e-21
137.63440860215053,9.637089778203439e-21
137.72696704774717,2.3555177119193578e-20
137.81965006729476,3.3036567534480633e-20
137.9124579124579,1.6161208626637575e-20
138.0053908355795,4.446783982850781e-20
138.09844908968307,6.474532846206034e-19
138.19163292847506,3.7477778004924095e-18
138.28494260634707,1.3762759718018731e-17
138.37837837837836,3.808349635311924e-17
138.47194050033806,8.870338811451438e-17
138.5656292286874,1.8145630205627974e-16
138.65944482058225,3.249926408388915e-16
138.75338753387533,5.204119825890856e-16
138.84745762711862,7.908214107822807e-16
138.94165535956583,1.207806404388259e-15
139.03598099117448,1.9356136013919053e-15
139.1304347826087,3.3303071696125056e-15
139.22501699524133,6.017099361835227e-15
139.31972789115645,1.1034582118606438e-14
139.4145677331518,2.0090471017466087e-14
139.50953678474113,3.5422815782031036e-14
139.60463531015677,5.943452305255552e-14
139.69986357435198,9.500487522267952e-14
139.79522184300342,1.457719773895782e-13
139.89071038251367,2.1628759005451432e-13
139.98632946001365,3.1436038526413813e-13
140.08207934336525,4.54728797100964e-13
140.17796030116358,6.624438483902259e-13
140.27397260273972,9.781068528469072e-13
140.37011651816314,1.4606723734834122e-12
140.46639231824417,2.184116178373737e-12
140.56280027453673,3.2370573844162667e-12
140.65934065934067,4.7233715723571955e-12
140.75601374570448,6.7569256765599846e-12
140.85281980742778,9.469046335116812e-12
140.949759119064,1.3042228675378869e-11
141.04683195592284,1.776630071957386e-11
141.14403859407307,2.411203950704014e-11
141.24137931034483,3.2786616071110205e-11
141.33885438233264,4.475266116175398e-11
141.4364640883978,6.125781585997652e-11
141.53420870767104,8.386442705036805e-11
141.6320885200553,1.1443469489042482e-10
141.73010380622836,1.551353077569278e-10
141.8282548476454,2.0851477952483655e-10
141.92654192654192,2.7776994743687763e-10
142.0249653259362,3.6734251794227077e-10
142.1235253296322,4.833632213866431e-10
142.22222222222223,6.336747503545063e-10
142.32105628908963,8.28285502654867e-10
142.42002781641168,1.0798869114910402e-09
142.51913709116212,1.4032415063824858e-09
142.6183844011142,1.8149033167466713e-09
142.7177700348432,2.3342057267095617e-09
142.81729428172943,2.9837918847031895e-09
142.91695743196092,3.790650449065179e-09
143.0167597765363,4.788954167768813e-09
143.11670160726763,6.021882852539514e-09
143.21678321678323,7.543239211910883e-09
143.31700489853043,9.42184998006072e-09
143.4173669467787,1.1742479816931683e-08
143.5178696566223,1.4600998205058845e-08
143.61851332398317,1.8104774360872266e-08
143.71929824561403,2.237537952919756e-08
143.8202247191011,2.7544506362360626e-08
143.92129304286718,3.375693954361446e-08
144.0225035161744,4.1179722928925297e-08
144.12385643912737,5.000199745170763e-08
144.22535211267606,6.044655321295779e-08
144.32699083861874,7.279145467054965e-08
144.42877291960508,8.736653674188941e-08
144.530698659139,1.0456288614980064e-07
144.6327683615819,1.248684114296089e-07
144.73498233215545,1.4884448981453585e-07
144.83734087694484,1.7713169724108645e-07
144.9398443029016,2.106016131104183e-07
145.04249291784703,2.5036685743180063e-07
145.14528703047483,2.9769051356425425e-07
145.24822695035462,3.5440635228282415e-07
145.35131298793468,4.2324263699263463e-07
145.45454545454544,5.073752650717902e-07
145.55792466240226,6.110751175625484e-07
145.66145092460883,7.411300108298813e-07
145.76512455516016,9.05741564915124e-07
145.86894586894587,1.1145707320951282e-06
145.9729151817534,1.3829483158269908e-06
146.07703281027102,1.7306661892669287e-06
146.18129907209135,2.178498871426799e-06
146.28571428571428,2.7574386627105504e-06
146.39027877055037,3.5113262033585995e-06
146.49499284692416,4.482543119786549e-06
146.59985683607732,5.724427908668888e-06
146.7048710601719,7.321358760987709e-06
146.8100358422939,9.356821155982206e-06
146.91535150645623,1.1911324482957098e-05
147.0208183776023,1.5122228373891311e-05
147.1264367816092,1.9142842855556346e-05
147.23220704529115,2.4070184890504113e-05
147.33812949640287,3.0039855443170705e-05
147.4442044636429,3.7274707081174654e-05
147.55043227665706,4.6006966353681144e-05
147.6568132660418,5.649659117192147e-05
147.76334776334778,6.880598167309755e-05
147.87003610108303,8.255402820883405e-05
147.97687861271675,9.786223048470494e-05
148.08387563268258,0.0001160808591772179
148.19102749638205,0.00013783753300603422
148.29833454018825,0.00016174139105826479
148.40579710144928,0.0001873728302833748
148.51341551849166,0.0002164986225660527
148.6211901306241,0.000248363451130693
148.72912127814087,0.0002789271155466878
148.8372093023256,0.0003081734468500697
148.94545454545454,0.00034112174645805753
149.0538573508006,0.00037808174640667497
149.16241806263656,0.00041274311542257517
149.27113702623907,0.00044264812823986406
149.38001458789202,0.0004713328803151992
149.4890510948905,0.0004980984982722623
149.59824689554418,0.0005167292684377431
149.70760233918128,0.0005264948092679691
149.81711777615214,0.0005329728017124445
149.9267935578331,0.0005367886711336318
150.03663003663004,0.0005326474634122003
150.1466275659824,0.0005193343934028999
150.25678650036684,0.0005009499483216544
150.36710719530103,0.0004795332343151668
150.47759000734754,0.00045548489937939315
150.58823529411762,0.0004333367512705802
150.69904341427517,0.00042031162265657054
150.8100147275405,0.0004218721327634344
150.92114959469419,0.00044300531352087284
151.03244837758112,0.000490894022987888
151.1439114391144,0.0005718580565935424
151.25553914327915,0.0006872398452107303
151.3673318551367,0.0008378157275532714
151.47928994082838,0.0010338328872373885
151.59141376757958,0.001297326220603442
151.7037037037037,0.001656930459956856
151.81616011860638,0.0021427672946131267
151.92878338278933,0.0027671284395811824
152.04157386785448,0.0034881495041008963
152.15453194650817,0.004206986587092557
152.26765799256503,0.004832258913457656
152.38095238095235,0.0053751705924009905
152.4944154877141,0.006019081955876241
152.6080476900149,0.007080967366929946
152.72184936614468,0.008778224375246777
152.8358208955224,0.010919356290204713
152.9499626587005,0.012849618406920263
153.0642750373692,0.013819002038729898
153.1787584143605,0.013587927962574195
153.29341317365268,0.012892720168324132
153.40823970037454,0.013312787821280021
153.5232383808096,0.01627214562471501
153.6384096024006,0.021646569526393173
153.75375375375376,0.027154871824638604
153.86927122464311,0.029468556086506267
153.98496240601503,0.026736213397020255
154.10082768999246,0.02078085839960403
154.2168674698795,0.016828476124225392
154.33308214016577,0.020172744198110906
154.4494720965309,0.03174334708775038
154.56603773584905,0.04599008886647003
154.68277945619334,0.05361821906819023
154.79969765684052,0.04838196993511939
154.91679273827532,0.03306567676109629
155.0340651021953,0.019144440496124734
155.15151515151516,0.01917738709902747
155.2691432903715,0.03689146828978907
155.38694992412746,0.06263816378630306
155.50493545937738,0.07912419295122104
155.62310030395136,0.07430693357452031
155.74144486692012,0.05137335630057205
155.8599695585997,0.027333659565652025
155.97867479055597,0.02066262239749962
156.09756097560975,0.037111954659314224
156.21662852784135,0.06507244471924085
156.33587786259542,0.08473438781767278
156.45530939648586,0.08350904360816476
156.5749235474006,0.06497370603061585
156.69472073450652,0.044684690077876614
156.8147013782542,0.03714048956094615
156.93486590038313,0.04502459338198176
157.05521472392638,0.059330982786726195
157.17574827321565,0.06882867014214018
157.29646697388634,0.06928230869083062
157.4173712528824,0.06475709461170864
157.53846153846155,0.06165851360793792
157.65973826020013,0.06222704730251027
157.78120184899845,0.06359228586114722
157.9028527370856,0.06229260883155646
158.02469135802468,0.058573962257240306
158.14671814671814,0.055957260184959536
158.26893353941267,0.05725786522204277
158.39133797370457,0.061521372008077155
158.5139318885449,0.06490646910004237
158.63671572424477,0.06444566221138273
158.7596899224806,0.06063822538769807
158.88285492629947,0.05639206087734488
159.0062111801242,0.054000781070560465
159.12975912975912,0.05342530000363071
159.25349922239502,0.05312118133939813
159.37743190661476,0.05198340683576216
159.50155763239874,0.05025507811997344
159.62587685113016,0.048792687092958954
159.7503900156006,0.047864704728847275
159.87509758001562,0.046852173524590576
160.0,0.04507177437368531
160.12509773260362,0.042619153095832835
160.2503912363067,0.040169393342333416
160.37588097102582,0.03820321048978087
160.5015673981191,0.03669089643803475
160.62745098039213,0.03529231331813534
160.7535321821036,0.03373245534745502
160.87981146897093,0.03208018072592511
161.0062893081761,0.030558401149278464
161.13296616837135,0.029185361662933392
161.25984251968504,0.0278486531509918
161.38691883372735,0.02651097032399336
161.51419558359618,0.025204800625201123
161.64167324388316,0.02404466853954889
161.7693522906793,0.023158575677768575
161.89723320158103,0.022508321112874825
162.0253164556962,0.02198487657201182
162.15360253365006,0.0216027952973804
162.28209191759112,0.021433240724507002
162.41078509119745,0.02150787085657651
162.53968253968253,0.02182242894811317
162.66878474980143,0.022337452341428848
162.79809220985692,0.02304897495795552
162.92760540970565,0.024022120520879466
163.05732484076432,0.025277762769872897
163.18725099601593,0.02677405948897379
163.31738437001593,0.02849229575565426
163.44772545889865,0.03041322602920266
163.57827476038338,0.0324953560092151
163.709032773781,0.034708594260411695
163.84,0.03698926799311612
163.97117694155327,0.03924227441332546
164.1025641025641,0.04142045553174422
164.23416198877305,0.0434792755247173
164.3659711075441,0.04531736405776225
164.49799196787149,0.0468415125756218
164.63022508038586,0.04799944054193695
164.76267095736122,0.048753706598146464
164.89533011272144,0.049070224809602825
165.02820306204674,0.04890187152063846
165.16129032258064,0.048204251384865233
165.29459241323647,0.04697930456219498
165.4281098546042,0.045273545954815184
165.56184316895713,0.043147210833953654
165.6957928802589,0.04066493035544422
165.82995951417004,0.03789474838312261
165.9643435980551,0.034886739404019505
166.09894566098947,0.03169669296800294
166.23376623376623,0.028435769571578017
166.36880584890332,0.025205799280991124
166.5040650406504,0.022051963058196535
166.63954434499593,0.019034845032134002
166.77524429967426,0.016215992387088405
166.9111654441728,0.013616306420408878
167.047308319739,0.011262607430970201
167.18367346938777,0.009170285110657064
167.3202614379085,0.007332407224027202
167.45707277187245,0.005763459584404848
167.59410801963992,0.00445516310766076
167.7313677313677,0.003368522823816585
167.86885245901638,0.0024940958784976275
168.00656275635768,0.0018162644903939762
168.14449917898193,0.0012902977959985693
168.28266228430567,0.0008920611004935803
168.42105263157896,0.0006082595610684085
168.559670781893,0.0004117700421438095
168.6985172981878,0.0002814017230390276
168.83759274525966,0.00020418060173062522
168.97689768976898,0.0001640322517727988
169.11643270024774,0.0001462678022812957
169.25619834710741,0.00014262327730763351
169.39619520264682,0.0001479664983480025
169.53642384105962,0.0001573797778547366
169.67688483844242,0.0001678102746767124
169.81757877280262,0.0001767888084050359
169.95850622406635,0.00018090923940365384
170.09966777408638,0.0001792718399532783
170.24106400665005,0.00017368366319510294
170.3826955074875,0.0001670234893168061
170.52456286427974,0.00016024283722398272
170.66666666666666,0.00014948291351176544
170.8090075062552,0.00013475352963060027
170.9515859766277,0.00012187538888443974
171.09440267335003,0.00011001319866286019
171.23745819397996,9.601168151259617e-05
171.3807531380753,8.339609454949284e-05
171.52428810720266,7.305882994614874e-05
171.66806370494552,6.219845839704576e-05
171.81208053691276,5.219406888956124e-05
171.95633921074725,4.4046816044355406e-05
172.10084033613444,3.637136681655857e-05
172.24558452481077,3.002543316836787e-05
172.3905723905724,2.545830776465038e-05
172.5358045492839,2.1170394587329786e-05
172.681281618887,1.699952245748293e-05
172.82700421940928,1.359178118897524e-05
172.97297297297297,1.0871821962971948e-05
173.11918850380385,8.640324853599113e-06
173.26565143824024,6.641093271771821e-06
173.41236240474177,4.927808238299872e-06
173.55932203389833,3.996601346067377e-06
173.70653095843934,3.618868901279406e-06
173.85398981324278,2.977106248988587e-06
174.0016992353441,2.1380629790135394e-06
174.14965986394557,1.7343630109375443e-06
174.2978723404255,1.567185397773525e-06
174.44633730834755,1.1786736106047748e-06
174.59505541346974,8.558244164213404e-07
174.74402730375425,8.163974888226251e-07
174.8932536293766,7.241085140588255e-07
175.04273504273505,4.5403905342440624e-07
175.1924721984602,3.039815600207825e-07
175.34246575342465,2.869710700032092e-07
175.49271636675235,2.4421890117238945e-07
175.6432246998285,1.8904761179947512e-07
175.79399141630904,1.6963926532769104e-07
175.94501718213058,1.4154208464880016e-07
176.0963026655202,1.0104893104821667e-07
176.24784853700515,8.963270340227571e-08
176.3996554694229,8.03742890446736e-08
176.55172413793102,5.846333967039222e-08
176.70405522001724,5.7793790268541036e-08
176.85664939550952,3.858910644151822e-08
177.00950734658602,1.3718700050835712e-08
177.16262975778545,2.0642082619389415e-08
177.3160173160173,2.4606792714899834e-08
177.46967071057193,9.913316224523724e-09
177.62359063313096,8.045267319755589e-09
177.77777777777777,1.0994535667782846e-08
177.93223284100782,6.4320637369499914e-09
178.08695652173913,8.389553567798947e-09
178.24194952132288,2.4607840218379572e-09
178.397212543554,2.0069631463599678e-09
178.55274629468178,2.5422587200749524e-10
178.70855148342056,1.340069071297759e-08
178.86462882096066,5.237244224469235e-09
179.02097902097898,5.643274506691364e-09
179.17760279965006,1.240612342600574e-08
179.33450087565674,8.82855537776766e-09
179.4916739702016,1.460410301647205e-08
179.64912280701753,1.353419069233762e-08
179.80684811237927,4.177441447217584e-10
179.96485061511424,2.696024128485524e-09
180.12313104661388,6.782611599349496e-10
180.28169014084506,3.5082633865470107e-09
180.44052863436124,1.4030178966644398e-08
180.59964726631395,8.536668192185056e-09
180.75904677846424,1.5115452828818237e-09
180.91872791519435,1.8923669600395945e-09
181.07869142351902,3.9443184626316446e-09
181.23893805309734,5.385025381884836e-09
181.39946855624444,4.305266976678926e-10
181.56028368794324,2.4660556535933345e-09
181.72138420585628,1.733201941280654e-09
181.88277087033748,5.506883258733439e-09
182.04444444444445,3.7216878057252873e-10
182.20640569395016,4.759665082620735e-09
182.3686553873553,5.74095438059166e-09
182.53119429590015,5.020929053935058e-10
182.69402319357712,2.6735622849831484e-09
182.85714285714286,1.0810209558551481e-08
183.0205540661305,8.712018245144639e-09
183.18425760286226,8.056430581821511e-10
183.34825425246197,3.9137652934629886e-10
183.51254480286738,8.811521936664832e-10
183.67713004484304,5.547548071606358e-09
183.84201077199282,8.008899544641057e-09
184.00718778077265,1.7677267015035859e-09
184.1726618705036,1.0705662625216086e-09
184.33843384338437,3.678463694286799e-10
184.5045045045045,1.8380740592209509e-09
184.67087466185754,9.977891479635452e-09
184.83754512635377,1.0995452387801307e-08
185.0045167118338,3.849912660586858e-09
185.17179023508135,5.122713331127988e-09
185.33936651583707,8.518154806854505e-09
185.5072463768116,1.104315849123808e-09
185.675430643699,6.6063051416548596e-09
185.84392014519057,2.7679342236660696e-09
186.01271571298818,1.3630517285901418e-09
186.1818181818182,3.232917430567637e-09
186.3512283894449,5.2535968551920125e-09
186.52094717668484,1.5906005542452175e-09
186.69097538742025,1.103661748574084e-09
186.86131386861314,5.402528599261191e-10
187.03196347031962,1.0834563277619207e-09
187.20292504570384,1.874951884004727e-10
187.37419945105214,1.6271559561996682e-09
187.54578754578753,2.0614366727924014e-09
187.71769019248396,2.158879053936124e-09
187.88990825688072,8.893433869290482e-10
188.06244260789717,6.704016591627317e-10
188.23529411764707,2.0596859959928322e-09
188.40846366145354,8.06045411331572e-09
188.5819521178637,1.5535780323792668e-08
188.75576036866357,4.113617140963596e-09
188.92988929889296,1.6594999685006294e-09
189.10433979686056,2.898719953729775e-10
189.27911275415894,1.6765571767596445e-09
189.45420906567992,2.5584589869145647e-09
189.62962962962962,1.1311904906236681e-09
189.80537534754404,1.2410053758106335e-09
189.98144712430428,2.620166066809338e-09
190.15784586815226,3.8266577411687295e-10
190.3345724907063,1.7506011405520046e-09
190.51162790697674,4.54664178215012e-09
190.68901303538178,1.711686316952307e-09
190.8667287977633,6.972847404302548e-09
191.044776119403,8.847652301584834e-10
191.22315592903828,1.556327550977618e-09
191.4018691588785,8.756463142165053e-11
191.5809167446211,9.73208420800212e-10
191.76029962546815,1.337150535757327e-09
191.94001874414244,1.287392525394372e-10
192.12007504690433,2.8507988230939945e-09
192.3004694835681,3.285587523013319e-10
192.48120300751881,3.994644211448277e-09
192.66227657572907,8.56668127670783e-09
192.8436911487759,2.933758144671417e-09
193.02544769085767,1.1064653746050733e-09
193.2075471698113,1.205225958193083e-09
193.38999055712932,6.604897937974033e-10
193.57277882797732,4.271061431786971e-09
193.75591296121098,1.1980530669232184e-08
193.93939393939394,4.432919250651392e-09
194.12322274881518,2.2844997809680352e-10
194.30740037950665,2.854050963095727e-09
194.49192782526114,4.369834444277946e-09
194.67680608365018,4.835808922844427e-10
194.86203615604185,4.596384175249649e-10
195.04761904761907,4.905103445136263e-09
195.23355576739752,1.4436161001128356e-08
195.4198473282443,4.761948897065526e-09
195.6064947468959,3.2812483911271387e-09
195.79349904397705,1.8468530621293574e-09
195.9808612440191,2.8374452013047443e-09
196.1685823754789,2.713231281252727e-09
196.35666347075744,2.7303382909413373e-09
196.5451055662188,6.535796978256665e-09
196.73390970220942,1.1586252753722445e-10
196.92307692307693,2.017803185202344e-09
197.1126082771896,1.2923144490251734e-10
197.30250481695566,1.8341295375585352e-09
197.4927675988428,4.2421040093961105e-10
197.68339768339766,6.024823609127455e-10
197.8743961352657,4.2043322957718025e-10
198.06576402321085,3.211000894305553e-09
198.25750242013552,2.3399869013787795e-09
198.44961240310076,2.82370778097666e-09
198.64209505334625,5.749565433340387e-09
198.83495145631065,2.048612449227237e-09
199.02818270165207,2.77930565737249e-09
199.22178988326846,1.9023057807783493e-09
199.4157740993184,3.127404484791824e-11
199.61013645224173,1.368131888321171e-09
199.8048780487805,4.274631260495907e-09
200.0,4.0548777617326575e-09
200.19550342130987,5.008706046554434e-09
200.3913894324853,5.863413241750702e-09
200.58765915768853,9.127439529715359e-10
200.78431372549022,1.7819970072043605e-09
200.9813542688911,1.378969337974561e-09
201.17878192534383,2.262868578379754e-09
201.37659783677483,3.5368944745358586e-09
201.5748031496063,1.2926189981808575e-08
201.77339901477833,7.676012898199049e-10
201.9723865877712,3.091873730368323e-09
202.1717670286278,1.3588757690266406e-09
202.3715415019763,4.750098714521062e-09
202.57171117705244,1.8213874338638282e-10
202.77227722772278,5.370543420449359e-10
202.97324083250743,1.6015763962999176e-09
203.17460317460316,2.153957334259129e-09
203.37636544190661,1.7827302997631145e-09
203.57852882703776,3.24912099736148e-09
203.78109452736314,1.5018746360357935e-09
203.98406374501994,5.65261994796216e-09
204.1874376869392,9.860009974552202e-10
204.39121756487026,4.456547967064346e-09
204.5954045954046,5.144098175130607e-09
204.79999999999998,2.6094625378175062e-09
205.005005005005,3.388379419278608e-09
205.21042084168334,3.034139707303896e-10
205.41624874623875,1.9325052902846224e-10
205.62248995983938,1.192221938168754e-09
205.8291457286432,4.860766274699972e-09
206.03621730382292,4.818061437298735e-09
206.24370594159112,8.525895917239509e-10
206.4516129032258,2.061514447614199e-09
206.65993945509584,5.283470677353318e-09
206.86868686868684,4.414228163941891e-09
207.07785642062692,2.5507700344620486e-09
207.28744939271257,2.815341714365373e-09
207.49746707193518,6.0547135676778224e-09
207.7079107505071,3.038425773285563e-09
207.9187817258883,2.4702672634718104e-09
208.130081300813,1.8053785640310935e-09
208.34181078331636,3.5367634879429943e-09
208.55397148676167,1.0803692616991434e-09
208.7665647298675,5.693737559655681e-10
208.9795918367347,2.161236242176332e-09
209.19305413687437,3.756831144406805e-09
209.40695296523518,1.199930706219992e-11
209.6212896622313,3.639199489688564e-09
209.83606557377047,1.6327185774140907e-09
210.05128205128204,2.6027390603001403e-10
210.26694045174537,4.0238543119046676e-10
210.48304213771837,1.8063950260345717e-09
210.69958847736626,3.2127365120077933e-09
210.91658084449023,3.7185501122952793e-10
211.1340206185567,3.1095527375878815e-09
211.3519091847265,3.2542598156379047e-09
211.5702479338843,3.0596286371044913e-09
211.78903826266804,2.031739125323791e-09
212.00828157349895,5.127768136456535e-09
212.22797927461139,1.2528098940817636e-10
212.448132780083,1.885107720688764e-09
212.668743509865,2.525864886815555e-10
212.88981288981287,1.7865672494917493e-09
213.11134235171693,2.217537857394404e-09
213.33333333333334,4.086728592248673e-09
213.555787278415,3.8454101159456036e-09
213.7787056367432,4.401942439641487e-11
214.00208986415882,2.0305434362320446e-09
214.22594142259413,1.311141383114829e-09
214.4502617801047,8.421680038426613e-10
214.67505241090146,1.9916176896214e-09
214.900314795383,4.503184961458518e-09
215.12605042016807,5.505296362034331e-09
215.35226077812828,1.3937449296095697e-09
215.57894736842104,2.085233923757993e-09
215.80611169652263,3.279635155935623e-09
216.03375527426158,5.271662768503773e-10
216.26187961985215,2.2920619955788376e-10
216.49048625792813,3.4088847543612434e-09
216.7195767195767,7.805760994804958e-10
216.9491525423729,4.297590902126203e-09
217.17921527041358,2.5197943222453138e-09
217.40976645435242,1.1985784864799287e-09
217.64080765143464,5.660600881165267e-09
217.87234042553192,5.800861954739675e-09
218.10436634717786,1.314430787026959e-10
218.33688699360337,6.036968518763461e-10
218.5699039487727,2.660540419996775e-10
218.80341880341882,8.615621964657039e-10
219.0374331550802,3.90230001730007e-09
219.27194860813702,2.6974718477678336e-09
219.5069667738478,1.0754088291374424e-09
219.74248927038627,1.225024885995054e-09
219.97851772287862,1.0967743616847236e-09
220.21505376344086,7.344006701961552e-10
220.45209903121636,3.870087417008e-09
220.68965517241378,9.135131319179e-09
220.92772384034518,8.181700330261493e-10
221.16630669546436,1.6288313309927824e-09
221.4054054054054,8.74668234219308e-11
221.64502164502164,2.878795202967523e-09
221.88515709642468,3.920694887717655e-09
222.12581344902384,1.8377787462301924e-09
222.36699239956567,4.4799187061734146e-10
222.6086956521739,5.652535788237944e-09
222.85092491838955,9.308608196974225e-09
223.09368191721134,5.621709425458887e-10
223.3369683751363,8.389994049434513e-10
223.58078602620085,2.9124618180687197e-09
223.82513661202185,9.973653153545629e-09
224.07002188183807,2.823125111599733e-09
224.31544359255204,3.326212641652846e-09
224.56140350877192,1.2465287505881114e-08
224.80790340285398,3.388643556193583e-08
225.05494505494505,6.233077762564834e-08
225.30253025302528,5.6980764789160225e-08
225.55066079295153,4.1109851641001643e-08
225.79933847850054,6.63563476914347e-08
226.0485651214128,1.3262657803548564e-07
226.29834254143645,1.5628333284871382e-07
226.54867256637166,1.9352925648052546e-07
226.79955703211516,3.262690287224644e-07
227.0509977827051,4.839914770289061e-07
227.30299667036624,6.508029874850043e-07
227.55555555555554,9.687710986492951e-07
227.80867630700777,1.4280590831509091e-06
228.06236080178175,1.946689437852375e-06
228.31661092530658,2.7762689223403185e-06
228.57142857142856,4.132530618759034e-06
228.82681564245812,5.841923992392446e-06
229.082774049217,7.970596367853848e-06
229.33930571108624,1.083461678499862e-05
229.59641255605382,1.4691965327475226e-05
229.8540965207632,2.013812323100052e-05
230.1123595505618,2.7755265778597177e-05
230.37120359955006,3.790735342121424e-05
230.6306306306306,5.138927338502375e-05
230.89064261555805,6.984529037909965e-05
231.1512415349887,9.582004022535437e-05
231.41242937853107,0.00013073404487132134
231.67420814479635,0.00017560251291205326
231.9365798414496,0.000234975498362579
232.19954648526078,0.0003145228933774697
232.46311010215663,0.00041987807452915004
232.7272727272727,0.0005591648983040724
232.9920364050057,0.000742400121535638
233.25740318906605,0.0009839455762790216
233.52337514253134,0.0013008378362263508
233.78995433789953,0.0017126911669425203
234.05714285714288,0.0022477231640838794
234.32494279176203,0.002938862528643242
234.59335624284074,0.0038313143779654646
234.8623853211009,0.004986083177765116
235.13203214695753,0.006470771620402972
235.4022988505747,0.008371721439601213
235.67318757192174,0.010794451029053267
235.9447004608295,0.013885024949734185
236.2168396770473,0.017830034292867385
236.48960739030022,0.022809829931933475
236.76300578034682,0.029091529839125684
237.03703703703707,0.037027141601146694
237.3117033603708,0.04694711003492028
237.58700696055683,0.05933832361540772
237.862950058072,0.07482806511058382
238.13953488372093,0.09402398334589272
238.41676367869616,0.11772583112036024
238.69463869463866,0.14695366531337017
238.97316219369893,0.18282198876159914
239.25233644859816,0.22654114724617394
239.53216374269007,0.27955204975314035
239.81264637002343,0.34369356835453085
240.0937866354044,0.42078243498098244
240.37558685446012,0.5127469830516986
240.65804935370153,0.6220274362133293
240.94117647058823,0.7508551146022996
241.2249705535924,0.9015652095445211
241.50943396226415,1.076768953057173
241.79456906729635,1.2785977224309863
242.080378250591,1.5092585682982318
242.3668639053254,1.7702393679404387
242.65402843601896,2.062315245742762
242.94187425860022,2.3864068345331884
243.23040380047507,2.741128903293349
243.51961950059456,3.124094207392056
243.80952380952382,3.5329317116276973
244.1001191895113,3.9618003681076424
244.39140811455846,4.403548814605379
244.68339307048984,4.850005696328908
244.97607655502392,5.290319569322314
245.2694610778443,5.713422948120276
245.56354916067144,6.10601370617341
245.85834333733493,6.454743308617838
246.15384615384616,6.748191165444091
246.4500601684717,6.973297679993252
246.7469879518072,7.121099560404361
247.04463208685164,7.1865234336311685
247.34299516908212,7.166495419414023
247.6420798065296,7.065925091626705
247.9418886198547,6.893424931488533
248.24242424242422,6.664302309906812
248.54368932038832,6.402118282154872
248.8456865127582,6.130236680615425
249.14841849148416,5.879317075109661
249.45188794153472,5.682349189344406
249.75609756097558,5.565986484056702
250.06105006105005,5.5566647840393015
250.36674816625916,5.671634216748751
250.6731946144431,5.919600736481386
250.98039215686276,6.300797408576551
251.2883435582822,6.79693232298034
251.5970515970516,7.384601733475952
251.90651906519062,8.033146198620946
252.21674876847288,8.701275241184234
252.52774352651045,9.355774758595556
252.8395061728395,9.97178204263839
253.15203955500616,10.540805595443764
253.46534653465346,11.076271584503564
253.7794299876084,11.607246586527273
254.09429280397023,12.1943898616973
254.40993788819875,12.915715124880753
254.726368159204,13.84510192618709
255.04358655043586,15.072225181997329
255.36159600997507,16.678448599246543
255.6803995006242,18.69806398138094
255.99999999999997,21.14005887653744
256.3204005006258,23.969539282981184
256.64160401002505,27.069875742226095
256.9636135508155,30.27964976228937
257.286432160804,33.396896908943155
257.61006289308176,36.18774869230599
257.9345088161209,38.45574998668263
258.2597730138714,40.049271365652444
258.5858585858586,40.945697031171996
258.91276864728195,41.321929748543745
259.24050632911394,41.31800478556106
259.5690747782003,40.92124296357826
259.8984771573604,40.194127312373496
260.22871664548916,39.34977664881783
260.55979643765903,38.630987034323894
260.89171974522293,38.232132631458924
261.2244897959184,38.257469211281965
261.5581098339719,38.75418419413492
261.89258312020456,39.709350797102076
262.2279129321382,40.95234496049837
262.56410256410254,42.26069607544973
262.9011553273428,43.4917304838853
263.2390745501285,44.381994588495196
263.5778635778636,44.63853284353849
263.91752577319585,44.46557273074163
264.258064516129,44.389107828631566
264.59948320413434,44.54800320249529
264.9417852522639,44.71663658069362
265.2849740932642,44.759441717172564
265.6290531776913,44.630106083554956
265.974025974026,44.227657222286375
266.3198959687906,43.47302709073318
266.66666666666663,42.34273033185238
267.01434159061273,40.842784784340566
267.3629242819843,39.02601147849935
267.7124183006536,36.98647989456103
268.0628272251309,34.87855162560345
268.41415465268676,32.91015677747969
268.76640419947506,31.209895020063342
269.119579500657,29.767663206450226
269.47368421052636,28.574459911307493
269.82872200263506,27.67459631856273
270.1846965699208,27.044516063405496
270.5416116248349,26.591873609162032
270.8994708994709,26.258904375609095
271.25827814569533,26.008653642393643
271.6180371352785,25.782895301502204
271.97875166002655,25.55979761642054
272.3404255319149,25.361088160847327
272.70306258322233,25.190886914115378
273.06666666666666,25.046525360407617
273.4312416555407,24.95277699298633
273.7967914438503,24.972242633085717
274.1633199464525,25.16409596753664
274.5308310991957,25.462373231422422
274.8993288590604,25.695118166336833
275.26881720430106,25.759280685996984
275.6393001345895,25.623829828050816
276.010781671159,25.2375567592414
276.3832658569501,24.566440333350958
276.7567567567567,23.612739886506915
277.1312584573748,22.379456726880914
277.50677506775065,20.886664109015673
277.88331071913166,19.179034607481476
278.2608695652174,17.312478516014025
278.6394557823129,15.354578814594872
279.01907356948226,13.372393993295363
279.39972714870396,11.428050691584763
279.78142076502735,9.581287250081825
280.1641586867305,7.875814656076734
280.54794520547944,6.341246197236117
280.93278463648835,5.0004359165698675
281.31868131868134,3.860089593937687
281.70563961485556,2.9143780756641062
282.0936639118457,2.153718492458202
282.48275862068965,1.5600237208606142
282.8729281767956,1.1096312657730585
283.2641770401106,0.7803730041920469
283.6565096952908,0.5493704857757427
284.0499306518724,0.3939968967964761
284.44444444444446,0.2955889468998966
284.84005563282335,0.2381136652517283
285.2367688022284,0.20783080102199358
285.63458856345886,0.1945344409814042
286.0335195530726,0.19067500071356508
286.43356643356645,0.19068357246510875
286.8347338935574,0.19103606963881994
287.23702664796633,0.1897197952540595
287.6404494382022,0.1857120083595127
288.0450070323488,0.17878586194138588
288.4507042253521,0.1692536412111701
288.85754583921016,0.1575926422486211
289.2655367231638,0.14437479946414786
289.6746817538897,0.13035424538065843
290.08498583569406,0.11615842029668456
290.49645390070924,0.10217459879382051
290.9090909090909,0.08880858329564996
291.32290184921766,0.0763674364853519
291.73789173789174,0.06498372119336372
292.15406562054204,0.05480252234693141
292.57142857142856,0.045842591904157425
292.9899856938483,0.037988442782855285
293.4097421203438,0.031233026641081796
293.83070301291247,0.025525259909548733
294.2528735632184,0.020687456733403886
294.67625899280574,0.016645754632581385
295.1008645533141,0.013345043134801178
295.52669552669556,0.010627874098374648
295.9537572254335,0.008401555486866124
296.3820549927641,0.006622518965499218
296.81159420289856,0.005188199593438318
297.2423802612482,0.004030066566000899
297.6744186046512,0.0031240219193214196
298.1077147016012,0.0024125021417156322
298.54227405247815,0.0018489613597187588
298.978102189781,0.0014157932640871652
299.41520467836256,0.0010801695825926427
299.8535871156662,0.0008158293556264786
300.2932551319648,0.000615656269071041
300.73421439060206,0.0004634201678021669
301.17647058823525,0.00034414169058637846
301.620029455081,0.000255568293416666
302.06489675516224,0.000190974716341908
302.5110782865583,0.00014082030560111036
302.95857988165676,0.00010271678206601936
303.4074074074074,7.520548709292927e-05
303.85756676557867,5.492679532144081e-05
304.30906389301634,3.990421148265477e-05
304.7619047619047,2.8812897028012665e-05
305.2160953800298,2.0593873547249395e-05
305.6716417910448,1.4829441926350648e-05
306.1285500747384,1.0778452832972862e-05
306.58682634730536,7.699546459748824e-06
307.0464767616192,5.377332179635082e-06
307.5075075075075,3.726979101556738e-06
307.96992481203006,2.6369844072467913e-06
308.433734939759,1.9130519668034505e-06
308.8989441930618,1.31964306975121e-06
309.3655589123867,8.679208768617891e-07
309.83358547655064,6.19696338165648e-07
310.3030303030303,4.531925807998143e-07
310.7738998482549,3.046190015433187e-07
311.2462006079027,2.0885393705099923e-07
311.7199391171994,1.459818503745735e-07
312.1951219512195,9.302029703835437e-08
312.67175572519085,6.242705862601523e-08
313.1498470948012,4.6849438943956306e-08
313.6294027565084,3.717935238994269e-08
314.11042944785277,2.4357910012332436e-08
314.5929339477727,1.2306760257836465e-08
315.0769230769231,9.588581359677684e-09
315.5624036979969,1.2415270240384374e-08
316.04938271604937,7.946687212876877e-09
316.53786707882534,1.7639490572871655e-09
317.0278637770898,1.6771239475196718e-09
317.5193798449612,1.4797610430641344e-09
318.0124223602484,5.653036217290398e-10
318.50699844479004,4.0679092174699466e-10
319.0031152647975,1.122322666647012e-09
319.5007800312012,1.5923323106792405e-10
320.0,8.155204458101405e-10
320.5007824726134,8.61663353597376e-10
321.0031347962382,5.137573235786762e-10
321.5070643642072,9.35439192861686e-10
322.0125786163522,1.5816099827774343e-09
322.5196850393701,1.5949207362946398e-10
323.02839116719235,7.188584254119286e-10
323.5387045813586,3.865935847086143e-10
324.0506329113924,2.3345995278753996e-10
324.56418383518223,1.2235052526675365e-09
325.07936507936506,2.9541196368733584e-09
325.59618441971384,1.523867709302656e-09
326.11464968152865,7.995766195297491e-10
326.63476874003186,4.369900981554032e-10
327.15654952076676,1.93251305795648e-09
327.68,1.5075350068176921e-10
328.2051282051282,2.0777681676936616e-11
328.7319422150882,1.1009210644021348e-09
329.2604501607717,1.3104969792153364e-09
329.7906602254429,1.381215911517654e-10
330.3225806451613,1.3947413328251498e-09
330.8562197092084,3.3257208508015453e-10
331.3915857605178,2.5716992898674873e-10
331.9286871961102,3.8059929846779075e-10
332.46753246753246,2.0763208109734977e-10
333.0081300813008,4.4445928838269696e-10
333.5504885993485,3.314371104341267e-10
334.094616639478,8.736680455377269e-11
334.640522875817,2.214680362388907e-09
335.18821603927984,8.3497729997169e-10
335.73770491803276,5.501778602629392e-10
336.28899835796386,5.011298392070108e-10
336.8421052631579,3.447504638844915e-10
337.3970345963756,1.1316388442505073e-09
337.95379537953795,1.1981556539352828e-09
338.51239669421483,1.6171841273716278e-09
339.07284768211923,7.475206176958426e-10
339.63515754560524,1.6921987493509863e-10
340.19933554817277,3.714505803842763e-10
340.765391014975,6.129520082157019e-10
341.3333333333333,8.304715158563488e-11
341.9031719532554,2.5329336392162827e-10
342.4749163879599,6.241338522177405e-11
343.04857621440533,7.617342493361979e-11
343.6241610738255,4.047647314918413e-10
344.2016806722689,8.967222003114322e-10
344.7811447811448,1.5272665958986698e-09
345.362563237774,1.1464038097167948e-09
345.94594594594594,2.7724998246373033e-10
346.5313028764805,6.72570396360784e-11
347.11864406779665,2.849278783106289e-10
347.70797962648555,9.093655985750287e-12
348.29931972789115,4.256983516306932e-11
348.8926746166951,1.172713055676264e-09
349.4880546075085,8.864817907277985e-10
350.0854700854701,9.188476076572627e-11
350.6849315068493,2.3255435511842587e-10
351.286449399657,9.578657246013029e-10
351.89003436426117,8.97726252290283e-11
352.4956970740103,6.690084037244566e-10
353.10344827586204,9.65500203282294e-10
353.71329879101904,8.707259489938666e-10
354.3252595155709,7.654220821501607e-10
354.93934142114387,2.4060866892355206e-10
355.55555555555554,1.086214218194605e-09
356.17391304347825,7.657087603603384e-10
356.794425087108,1.3811035468126334e-09
357.4171029668411,6.277213898975271e-10
358.04195804195797,5.3550582051478027e-11
358.6690017513135,3.6034580120456797e-10
359.29824561403507,7.931329353102645e-10
359.9297012302285,4.8638424179740874e-11
360.5633802816901,7.300412782557872e-11
361.1992945326279,9.529263123490304e-10
361.8374558303887,9.741742722818635e-10
362.4778761061947,6.371299488467344e-11
363.1205673758865,7.373285426551574e-10
363.76554174067496,7.588173587040786e-10
364.4128113879003,1.0179619000266121e-09
365.0623885918003,6.879393396848753e-10
365.7142857142857,3.3322037748867043e-11
366.3685152057245,3.5974871492862273e-10
367.02508960573476,2.443900813883895e-10
367.68402154398564,2.6343766148400017e-11
368.3453237410072,1.5728869697357434e-10
369.009009009009,4.130574688698167e-10
369.67509025270755,8.67032899759507e-11
370.3435804701627,5.0862857959376496e-11
371.0144927536232,7.887392264865416e-11
371.68784029038113,1.373292819202299e-10
372.3636363636364,3.486339548176287e-10
373.0418943533697,1.2284571267536733e-10
373.7226277372263,1.2212969634293014e-11
374.4058500914077,7.692452022807611e-11
375.09157509157507,5.01113715673973e-10
375.77981651376143,8.585520935956269e-11
376.47058823529414,1.4490114701109465e-10
377.1639042357274,1.2104870922750766e-10
377.8597785977859,9.343070379576898e-11
378.5582255083179,4.759185696650751e-10
379.25925925925924,1.0606333922905476e-09
379.96289424860856,5.302943526447699e-10
380.6691449814126,2.8122261170613537e-10
381.37802607076355,1.2276077750586342e-10
382.089552238806,4.8645840771205285e-11
382.803738317757,2.2110283290632054e-11
383.5205992509363,3.378757111657901e-10
384.24015009380867,5.276572240187692e-10
384.96240601503763,1.169760911298864e-10
385.6873822975518,5.033244097499308e-10
386.4150943396226,8.604200121265469e-11
387.14555765595463,3.8888372520075494e-11
387.8787878787879,9.420861251904625e-11
388.6148007590133,6.492629928201842e-11
389.35361216730035,2.9857151403759843e-10
390.09523809523813,1.2414577703620604e-09
390.8396946564886,1.5357984435842477e-10
391.5869980879541,2.525374927330904e-10
392.3371647509578,6.969261920718541e-11
393.0902111324376,2.858310423119402e-10
393.84615384615387,1.7837507243392146e-10
394.6050096339113,4.679278048199626e-10
395.3667953667953,4.761620457000543e-10
396.1315280464217,1.1865128815675162e-09
396.8992248062015,1.169078592779018e-09
397.6699029126213,6.091874346269426e-10
398.4435797665369,6.54413904489396e-11
399.22027290448347,2.2750627996002344e-10
400.0,4.4440764596369775e-10
400.7827788649706,1.0487875241718945e-10
401.56862745098044,8.157163292782516e-11
402.35756385068765,3.3965550101993105e-11
403.1496062992126,7.065021016011285e-11
403.9447731755424,2.843095967108992e-10
404.7430830039526,1.1221825446678084e-09
405.54455445544556,7.632094849415241e-10
406.3492063492063,5.597195690487807e-11
407.1570576540755,5.531287496221458e-11
407.9681274900399,6.820217662046274e-10
408.7824351297405,7.218469895695813e-10
409.59999999999997,7.206128596342944e-10
410.4208416833667,1.929156967995089e-10
411.24497991967877,9.812056303055853e-10
412.07243460764585,1.8510514235682108e-10
412.9032258064516,4.2182799920442225e-10
413.7373737373737,7.613697365922788e-11
414.57489878542515,1.0940459375476462e-10
415.4158215010142,1.5409160116965153e-10
416.260162601626,1.066241673776902e-10
417.10794297352334,5.644360770256384e-10
417.9591836734694,2.130067450690384e-10
418.81390593047036,8.867064564419958e-11
419.67213114754094,4.2461996709492504e-10
420.53388090349074,4.34993960352193e-11
421.3991769547325,8.946591463360861e-10
422.2680412371134,1.3913623206878923e-09
423.1404958677686,5.222549871688253e-10
424.0165631469979,2.533001620716109e-10
424.896265560166,1.3338189488507028e-10
425.77962577962575,3.1390498881549905e-10
426.6666666666667,1.4013629133236593e-10
427.5574112734864,7.457749984301773e-10
428.45188284518827,4.688406208451505e-10
429.3501048218029,6.649862296451566e-11
430.25210084033614,1.0155935740152473e-10
431.1578947368421,3.0252009093994487e-10
432.06751054852316,4.414489193701051e-11
432.98097251585625,1.9784793338589972e-11
433.8983050847458,3.0819965569924534e-10
434.81953290870484,1.2092162324481878e-10
435.74468085106383,1.6211963798367015e-10
436.67377398720674,1.9275982706935718e-10
437.60683760683764,3.8060562556623596e-11
438.54389721627405,3.120543445630276e-10
439.48497854077254,6.397925872781379e-10
440.4301075268817,1.7879489965666025e-10
441.37931034482756,3.3397742250959433e-10
442.3326133909287,1.2227289150054876e-10
443.2900432900433,2.7015574986421966e-10
444.2516268980477,1.907812266975914e-10
445.2173913043478,1.163810552207344e-10
446.1873638344227,1.9018570245028756e-10
447.1615720524017,1.673851617922798e-11
448.14004376367615,3.478424966862959e-10
449.12280701754383,1.5998030339989084e-11
450.1098901098901,2.0381940208282617e-10
451.10132158590307,3.567763403205964e-10
452.0971302428256,1.631943181670067e-10
453.0973451327433,2.1313565094407727e-10
454.1019955654102,4.062411828392884e-11
455.1111111111111,5.438449154969939e-10
456.1247216035635,1.0481185441638312e-10
457.1428571428571,2.791747617867875e-10
458.165548098434,5.45141129524215e-10
459.19282511210764,9.592663681400343e-11
460.2247191011236,2.8879884479766066e-10
461.2612612612612,4.734792612686146e-10
462.3024830699774,1.743619137525404e-11
463.3484162895927,6.339521708745497e-10
464.39909297052156,2.1020515437885035e-10
465.4545454545454,3.8893543218387e-12
466.5148063781321,1.3827167795896003e-10
467.57990867579906,9.54472548458385e-11
468.64988558352405,1.0084543080001827e-10
469.7247706422018,7.988959953029889e-11
470.8045977011494,1.0197873743317662e-10
471.889400921659,2.6441691149912645e-10
472.97921478060044,4.810826001367801e-10
474.07407407407413,3.557481168576974e-10
475.17401392111367,2.5463390981871285e-10
476.27906976744185,3.979897377772254e-11
477.3892773892773,2.1529352982012748e-10
478.5046728971963,1.0437789308057724e-09
479.62529274004686,5.4355041247179106e-11
480.75117370892025,2.3340024595668395e-10
481.88235294117646,4.4716853774216397e-10
483.0188679245283,1.692595173429451e-09
484.160756501182,1.4114214008304822e-09
485.3080568720379,4.3069018734205916e-10
486.46080760095015,1.005194427547823e-09
487.61904761904765,1.221975118802446e-09
488.7828162291169,1.40028832028166e-10
489.95215311004785,3.786537424258858e-10
491.1270983213429,2.3029008483268765e-09
492.3076923076923,1.9218149429585932e-10
493.4939759036144,5.773474090802155e-10
494.68599033816423,1.0926086036527954e-09
495.8837772397094,2.0087008641811414e-10
497.08737864077665,1.3739130785651828e-09
498.29683698296833,2.3185200506207147e-09
499.51219512195115,7.125272622796533e-10
500.7334963325183,1.5510274931132549e-09
501.9607843137255,4.242454286115653e-09
503.1941031941032,2.266198206039176e-09
504.43349753694577,4.687490121921015e-10
505.679012345679,6.199621558359492e-09
506.9306930693069,5.7733823433106575e-09
508.18858560794047,2.610573059235766e-10
509.452736318408,1.615750717091744e-08
510.72319201995015,5.786199588988329e-09
511.99999999999994,1.2975898421263334e-11
513.2832080200501,2.3384429191766443e-08
514.572864321608,1.4968962892523323e-08
515.8690176322418,6.560093568688752e-10
517.1717171717172,5.681185695736306e-08
518.4810126582279,1.6028609247959927e-08
519.7969543147208,4.204137918300682e-09
521.1195928753181,1.0430808207379288e-07
522.4489795918367,2.0756744604414256e-08
523.7851662404091,1.9130073245287947e-08
525.1282051282051,1.8003352446595963e-07
526.478149100257,2.3401870410155457e-08
527.8350515463917,5.940683987214143e-08
529.1989664082687,2.808627159009514e-07
530.5699481865284,3.023648850256111e-08
531.948051948052,1.5464694370879254e-07
533.3333333333333,5.035010479473682e-07
534.7258485639686,1.9157912105301247e-08
536.1256544502618,3.87664196354171e-07
537.5328083989501,7.966646584970965e-07
538.9473684210527,3.5454416765478504e-09
540.3693931398416,8.169678554221006e-07
541.7989417989418,1.2075683083809572e-06
543.236074270557,1.546282913915201e-08
544.6808510638298,1.7413597968363496e-06
546.1333333333333,1.700261402054265e-06
547.5935828877006,1.4710741513854025e-07
549.0616621983914,3.29569804922794e-06
550.5376344086021,2.2438116085344255e-06
552.021563342318,5.944537596624083e-07
553.5135135135134,6.052163319923541e-06
555.0135501355013,2.6920556973771327e-06
556.5217391304348,1.8030827523044927e-06
558.0381471389645,1.0389870251896678e-05
559.5628415300547,3.0479042527712305e-06
561.0958904109589,4.68257098643322e-06
562.6373626373627,1.73987908726023e-05
564.1873278236914,2.9517913169218036e-06
565.7458563535912,1.108784107748318e-05
567.3130193905816,2.7691377480190985e-05
568.8888888888889,2.1910375185759534e-06
570.4735376044569,2.3828469072877474e-05
572.0670391061452,4.338634156481207e-05
573.6694677871149,7.588972297672868e-07
575.2808988764044,4.806871858538631e-05
576.9014084507043,6.53431681503012e-05
578.5310734463276,3.0217592391520036e-07
580.1699716713881,9.279795057053433e-05
581.8181818181818,9.181594110987936e-05
583.4757834757835,5.678049194382767e-06
585.1428571428571,0.00017517495183758745
586.8194842406876,0.00011642037116325947
588.5057471264367,2.716420941764747e-05
590.2017291066282,0.00032063857200853525
591.907514450867,0.00012954454149720525
593.6231884057971,8.813178990357664e-05
595.3488372093024,0.0005515747879765042
597.0845481049563,0.00012509510897345066
598.8304093567251,0.0002455009722528778
600.5865102639297,0.0008745018988300198
602.3529411764705,9.695235057320441e-05
604.1297935103245,0.0006121101404046802
605.9171597633135,0.0012723529327127493
607.7151335311573,4.2514921640123065e-05
609.5238095238094,0.0013500964055969628
611.3432835820896,0.0017220012728444798
613.1736526946107,2.9262997497943e-06
615.015015015015,0.0026353699688541304
616.867469879518,0.002177812215310046
618.7311178247734,0.00016164962840898436
620.6060606060606,0.0046457815717783095
622.4924012158054,0.00247114828714919
624.390243902439,0.0009281932964694616
626.2996941896024,0.0076347440077893305
628.2208588957055,0.0022877392827543555
630.1538461538462,0.0028982183468534216
632.0987654320987,0.011902528117607612
634.0557275541796,0.0014446473236727378
636.0248447204968,0.0069080208495129825
638.006230529595,0.017135023102922167
640.0,0.000436100712203795
642.0062695924764,0.014812107800977223
644.0251572327044,0.02130539296477835
646.0567823343847,0.0003249557295831616
648.1012658227849,0.03109978518002344
650.1587301587301,0.0204744886712455
652.2292993630573,0.0013968861475511006
654.3130990415335,0.06348480758020054
656.4102564102564,0.012231817215043059
658.5209003215434,0.002609876580032417
660.6451612903226,0.11832603013664209
662.7831715210356,0.0034946344692145742
664.9350649350649,0.009607315975034069
667.100977198697,0.18748092785689585
669.281045751634,0.018053135080113636
671.4754098360655,0.06584064987569592
673.6842105263158,0.2343169675145731
675.9075907590759,0.09369981252410903
678.1456953642385,0.32261169278187046
680.3986710963455,0.2198903981145678
682.6666666666666,0.26882989402622876
684.9498327759198,1.1386335076836644
687.248322147651,0.2605623124746611
689.5622895622896,0.6402223551706884
691.8918918918919,3.1790861453595585
694.2372881355933,1.113350652572974
696.5986394557823,1.905249744458691
698.976109215017,7.639867181857751
701.3698630136986,5.2469727833496265
703.7800687285223,7.162815743126938
706.2068965517241,16.780417216752692
708.6505190311418,18.204419751193218
711.1111111111111,25.95346622708294
713.588850174216,37.14815619376391
716.0839160839159,53.369558563787336
718.5964912280701,86.06298079587714
721.1267605633802,95.51703050173525
723.6749116607774,145.0871287063116
726.241134751773,245.0656049063487
728.8256227758006,252.99678345932546
731.4285714285714,353.1714362468712
734.0501792114695,587.3263077755016
736.6906474820144,647.3304303307141
739.3501805054151,888.3134904397019
742.0289855072464,1417.694794626428
744.7272727272727,1712.2138288501008
747.4452554744526,2168.1937361508735
750.1831501831501,2865.293495624239
752.9411764705883,3385.815796753532
755.7195571955718,4109.117363579022
758.5185185185185,4718.923251755349
761.3382899628252,5943.759370229455
764.179104477612,8317.726874084503
767.0411985018726,9328.310899722319
769.9248120300753,13162.339494211668
772.8301886792452,22413.129642673633
775.7575757575758,19266.850030003614
778.7072243346007,7158.882383342291
781.6793893129772,4636.135632008768
784.6743295019156,8082.456645652853
787.6923076923077,10708.199148760394
790.7335907335906,12114.66783014886
793.798449612403,14210.62815155909
796.8871595330738,15466.115348816204
800.0,15697.262423362672
803.1372549019609,15010.63062114896
806.2992125984252,13421.265112732528
809.4861660079052,12193.992104998026
812.6984126984127,9727.748744024819
815.9362549800798,6315.596026670999
819.1999999999999,8123.801675863103
822.4899598393575,17950.929258379158
825.8064516129032,19880.772842037735
829.1497975708503,11401.652220340771
832.520325203252,7645.052445526738
835.9183673469388,6528.697663719609
839.3442622950819,4137.826176654339
842.798353909465,2838.143816517069
846.2809917355372,2402.5439430272177
849.792531120332,1702.0784282738384
853.3333333333334,1233.3992667878144
856.9037656903765,937.9300014531436
860.5042016806723,655.4464104075076
864.1350210970463,459.99870235537736
867.7966101694916,269.86039441244776
871.4893617021277,161.94513165553033
875.2136752136753,123.41644885621173
878.9699570815451,57.49352627475124
882.7586206896551,32.643306428339436
886.5800865800866,36.60625477327115
890.4347826086956,13.661789829541112
894.3231441048034,5.3780360610175855
898.2456140350877,10.101223144471307
902.2026431718061,3.123343554471774
906.1946902654867,0.579474142931696
910.2222222222222,2.3433388031201385
914.2857142857142,0.7150245090869648
918.3856502242153,0.29430220020114745
922.5225225225224,0.47923308067130177
926.6968325791854,0.1869278698218843
930.9090909090908,0.3093920394499974
935.1598173515981,0.08845783517000685
939.4495412844036,0.07596842889983682
943.778801843318,0.22617847037640992
948.1481481481483,0.013194792178774097
952.5581395348837,0.06426969781379967
957.0093457943926,0.13501421368813288
961.5023474178405,0.0005875506717261935
966.0377358490566,0.06373482073235123
970.6161137440758,0.07126998903447933
975.2380952380953,0.0010069464948953065
979.9043062200957,0.05582918446510834
984.6153846153846,0.0337874223146825
989.3719806763285,0.004504873339941798
994.1747572815533,0.04276079974765777
999.0243902439023,0.013936725672645882
1003.921568627451,0.007629554130763053
1008.8669950738915,0.02929045684192714
1013.8613861386139,0.004578406600476599
1018.905472636816,0.009013299380066918
1023.9999999999999,0.01818566218888191
1029.145728643216,0.0009455132317320767
1034.3434343434344,0.008651159400246413
1039.5939086294416,0.010259030581994058
1044.8979591836735,5.5413059625813096e-05
1050.2564102564102,0.007188664293738657
1055.6701030927834,0.005217997206052768
1061.139896373057,0.00019254952036703842
1066.6666666666665,0.005338297380289442
1072.2513089005236,0.0023480979510108187
1077.8947368421054,0.0005103279013671771
1083.5978835978835,0.003604863831667827
1089.3617021276596,0.0008982378948923836
1095.1871657754011,0.0006942875040301347
1101.0752688172042,0.0022348469190122625
1107.0270270270269,0.0002673580875947847
1113.0434782608695,0.0007030744268644035
1119.1256830601094,0.0012771339698535076
1125.2747252747254,4.805065691194845e-05
1131.4917127071824,0.0005974031468668949
1137.7777777777778,0.000673255431623403
1144.1340782122904,1.710369870797498e-06
1150.5617977528088,0.000448188563313727
1157.0621468926552,0.00032638010963522817
1163.6363636363635,9.636844986669535e-06
1170.2857142857142,0.0003061927522942475
1177.0114942528735,0.00014418725025307634
1183.815028901734,2.3335609936785668e-05
1190.6976744186047,0.0001936785221056916
1197.6608187134502,5.694284086360996e-05
1204.705882352941,2.938001675931754e-05
1211.834319526627,0.00011445468687378888
1219.0476190476188,1.945374272608793e-05
1226.3473053892214,2.7948507443712905e-05
1233.734939759036,6.391376800586508e-05
1241.2121212121212,5.281528339336534e-06
1248.780487804878,2.2657446845628665e-05
1256.441717791411,3.3854482418615836e-05
1264.1975308641975,9.272556988290512e-07
1272.0496894409937,1.6580312377719775e-05
1280.0,1.7064009204008254e-05
1288.0503144654087,7.72066010843476e-08
1296.2025316455697,1.1245407813871406e-05
1304.4585987261146,8.14971798827467e-06
1312.8205128205127,1.952255628735569e-07
1321.2903225806451,7.189780963480426e-06
1329.8701298701299,3.6728375144934362e-06
1338.562091503268,4.0052217359558824e-07
1347.3684210526317,4.3608126631168614e-06
1356.291390728477,1.5384707127334492e-06
1365.3333333333333,4.800197631856054e-07
1374.496644295302,2.5411591093233986e-06
1383.7837837837837,5.876211331441698e-07
1393.1972789115646,4.5217602453022044e-07
1402.7397260273972,1.424478407474915e-06
1412.4137931034481,1.921762882833238e-07
1422.2222222222222,3.684932886500854e-07
1432.1678321678319,7.599242515928499e-07
1442.2535211267605,4.919087056343812e-08
1452.482269503546,2.681701905252399e-07
1462.857142857143,3.8615443893834226e-07
1473.3812949640287,8.484122512977854e-09
1484.0579710144928,1.8431912340716286e-07
1494.890510948905,1.84455004214684e-07
1505.8823529411766,1.1643988032826055e-09
1517.037037037037,1.142805955547954e-07
1528.358208955224,8.413875843578853e-08
1539.8496240601505,2.7924667414562675e-09
1551.5151515151515,6.741500884857607e-08
1563.3587786259543,3.572929606954038e-08
1575.3846153846155,4.435313207955008e-09
1587.596899224806,3.732372764653753e-08
1600.0,1.4374873390553092e-08
1612.5984251968505,4.792664454292665e-09
1625.3968253968253,1.98132043902963e-08
1638.3999999999999,5.0957201545627406e-09
1651.6129032258063,4.221564351715662e-09
1665.040650406504,9.160688849737601e-09
1678.6885245901638,1.7542296284606355e-09
1692.5619834710744,2.965859130434509e-09
1706.6666666666667,4.146226109420912e-09
1721.0084033613446,6.900340947399854e-10
1735.5932203389832,1.959359609893471e-09
1750.4273504273506,2.120640405384059e-09
1765.5172413793102,2.0932078977172848e-10
1780.8695652173913,1.5983108526726393e-09
1796.4912280701753,7.227788652019762e-10
1812.3893805309733,2.919496964354826e-11
1828.5714285714284,7.363952200642749e-10
1845.0450450450448,3.167012238897926e-10
1861.8181818181815,3.493321381491857e-12
1878.8990825688072,4.0535024733221656e-10
1896.2962962962965,1.3403046274540939e-10
1914.0186915887853,9.838481957194786e-14
1932.0754716981132,2.4841796810953125e-10
1950.4761904761906,2.0256721024170208e-11
1969.2307692307693,1.9105881256551226e-12
1988.3495145631066,1.4033131964412018e-10
2007.843137254902,1.3084699472150033e-11
2027.7227722772277,1.2945118260144578e-12
2047.9999999999998,1.0295097131283587e-10
2068.686868686869,5.37674774078972e-12
2089.795918367347,2.132259384854574e-12
2111.340206185567,3.888607104671354e-11
2133.333333333333,1.7474850729380498e-12
2155.789473684211,7.923615922633749e-13
2178.723404255319,2.2885434699005744e-11
2202.1505376344085,4.22394030152367e-14
2226.086956521739,1.6561676862100451e-13
2250.5494505494507,1.0875240638795523e-11
2275.5555555555557,1.3603487521154302e-12
2301.1235955056177,7.2476971656124955e-12
2327.272727272727,1.4289645416384456e-12
2354.022988505747,1.65635376022328e-12
2381.3953488372094,5.12205891355819e-13
2409.411764705882,8.374700659402062e-14
2438.0952380952376,1.5421306114705565e-12
2467.469879518072,8.281684855907191e-13
2497.560975609756,1.3840970380355444e-13
2528.395061728395,2.6587681742105736e-13
2560.0,2.5524811250721836e-13
2592.4050632911394,3.6038861726223504e-13
2625.6410256410254,4.0548284639346116e-13
2659.7402597402597,1.0701725222001688e-13
2694.7368421052633,1.2712674440361112e-12
2730.6666666666665,8.44754224866595e-13
2767.5675675675675,5.5689863857815653e-14
2805.4794520547944,3.9631886678105576e-13
2844.4444444444443,3.0465664517859375e-13
2884.507042253521,2.051248602108241e-13
2925.714285714286,2.296039679770366e-13
2968.1159420289855,1.1933303223310724e-14
3011.764705882353,4.106337565254074e-13
3056.716417910448,3.611933336901867e-13
3103.030303030303,3.546642752151241e-13
3150.769230769231,3.57119993775041e-13
3200.0,4.647713897608433e-14
3250.7936507936506,8.10507453603116e-14
3303.2258064516127,1.7767704280475333e-13
3357.3770491803275,2.3894708276794997e-13
3413.3333333333335,2.368066285311657e-13
3471.1864406779664,9.351380181654986e-14
3531.0344827586205,1.3848781198177784e-14
3592.9824561403507,4.676335733032075e-15
3657.142857142857,4.990657334770842e-15
3723.636363636363,1.4098305510032809e-14
3792.592592592593,3.0830705621506367e-14
3864.1509433962265,2.8364434514138574e-15
3938.4615384615386,6.773212876150814e-14
4015.686274509804,1.6282704699259817e-13
4095.9999999999995,1.5432253509236382e-13
4179.591836734694,4.963067330835661e-14
4266.666666666666,6.199896214701817e-15
4357.446808510638,7.232234561479554e-15
4452.173913043478,2.0964442335239693e-15
4551.111111111111,3.7530064038642385e-16
4654.545454545454,2.6050248468086104e-17
4762.790697674419,8.591798769487971e-17
4876.190476190475,1.745614111632346e-17
4995.121951219512,6.349486464888786e-18
5120.0,5.759876238148087e-18
5251.282051282051,5.520894585075483e-19
5389.473684210527,6.259026989790474e-19
5535.135135135135,2.5702920842966307e-19
5688.888888888889,1.0442959296992666e-20
5851.428571428572,3.703113379469852e-20
6023.529411764706,1.056777626393395e-20
6206.060606060606,1.6004476454301482e-21
6400.0,1.767878361830353e-21
6606.451612903225,1.1844081111300404e-21
6826.666666666667,5.7522408148911475e-22
7062.068965517241,1.4244485232998388e-22
7314.285714285714,3.0141794019572506e-22
7585.185185185186,1.1723882940235168e-22
7876.923076923077,4.3808275663575967e-23
