"Wavelength, nm",Intensity
136.44237175216523,5.1040269835568647e-26
136.53333333333333,6.643989279644574e-26
136.62441627751835,6.71657524186923e-26
136.71562082777035,7.676103349288235e-26
136.80694722778892,9.505461197591143e-26
136.89839572192514,1.2074957970689886e-25
136.98996655518394,1.3918535182159534e-25
137.08165997322624,2.785667762617664e-25
137.17347622237108,1.5439574143390523e-24
137.26541554959786,7.066109858645309e-23
137.35747820254863,1.1603974440910574e-21
137.4496644295302,1.0239521186249549e-20
137.54197447951645,6.182791145556386e-20
137.63440860215053,2.828301091326747e-19
137.72696704774717,1.0866038483447776e-18
137.81965006729476,3.966256610895378e-18
137.9124579124579,1.4371617295540872e-17
138.0053908355795,4.883289790036028e-17
138.09844908968307,1.4838888443968017e-16
138.19163292847506,4.0373172456157827e-16
138.28494260634707,1.0073579475733109e-15
138.37837837837836,2.3660507764385002e-15
138.47194050033806,5.328410008412758e-15
138.5656292286874,1.1535995345455594e-14
138.65944482058225,2.3778305708045005e-14
138.75338753387533,4.6363803131957693e-14
138.84745762711862,8.592344617918898e-14
138.94165535956583,1.526500591337863e-13
139.03598099117448,2.6081680805447367e-13
139.1304347826087,4.287027663010121e-13
139.22501699524133,6.817333641360557e-13
139.31972789115645,1.0596747954691717e-12
139.4145677331518,1.623021966333502e-12
139.50953678474113,2.4634765515539375e-12
139.60463531015677,3.728989749967991e-12
139.69986357435198,5.659994939215826e-12
139.79522184300342,8.645994871747178e-12
139.89071038251367,1.3334225379167903e-11
139.98632946001365,2.0769626534767888e-11
140.08207934336525,3.251361091116907e-11
140.17796030116358,5.0821412877026975e-11
140.27397260273972,7.899103783320417e-11
140.37011651816314,1.217867844479845e-10
140.46639231824417,1.8572672382517314e-10
140.56280027453673,2.7906129080071355e-10
140.65934065934067,4.115364681274723e-10
140.75601374570448,5.941753074641437e-10
140.85281980742778,8.386122891922205e-10
140.949759119064,1.1553847653041002e-09
141.04683195592284,1.5518634813829474e-09
141.14403859407307,2.0307802454980757e-09
141.24137931034483,2.5887022039611697e-09
141.33885438233264,3.213804075427097e-09
141.4364640883978,3.884184125227427e-09
141.53420870767104,4.566287509808879e-09
141.6320885200553,5.2124933997563365e-09
141.73010380622836,5.761689337192341e-09
141.8282548476454,6.144872166626302e-09
141.92654192654192,6.2936134751039845e-09
142.0249653259362,6.152218364465192e-09
142.1235253296322,5.69586862230353e-09
142.22222222222223,4.957004354955006e-09
142.32105628908963,4.061539846733013e-09
142.42002781641168,3.271040017557549e-09
142.51913709116212,3.0223186150412532e-09
142.6183844011142,3.963145533444913e-09
142.7177700348432,6.991737910386555e-09
142.81729428172943,1.3292679882681656e-08
142.91695743196092,2.435567570349234e-08
143.0167597765363,4.197749702181581e-08
143.11670160726763,6.824082568567961e-08
143.21678321678323,1.0546617984488674e-07
143.31700489853043,1.561378621994674e-07
143.4173669467787,2.2279548885844688e-07
143.5178696566223,3.078958820509053e-07
143.61851332398317,4.1366403383508764e-07
143.71929824561403,5.41971804351859e-07
143.8202247191011,6.94261098529028e-07
143.92129304286718,8.714989992835477e-07
144.0225035161744,1.0742358965394323e-06
144.12385643912737,1.3027793394045346e-06
144.22535211267606,1.5573524101988417e-06
144.32699083861874,1.8383632828471162e-06
144.42877291960508,2.1470912145546726e-06
144.530698659139,2.486458141228218e-06
144.6327683615819,2.861485797737607e-06
144.73498233215545,3.280439481372392e-06
144.83734087694484,3.7567453972170325e-06
144.9398443029016,4.309582921361799e-06
145.04249291784703,4.965050918710584e-06
145.14528703047483,5.760471710538088e-06
145.24822695035462,6.745460862075888e-06
145.35131298793468,7.980817911999393e-06
145.45454545454544,9.546365389173118e-06
145.55792466240226,1.154435841587984e-05
145.66145092460883,1.4090445368060496e-05
145.76512455516016,1.732449080932411e-05
145.86894586894587,2.142226114353241e-05
145.9729151817534,2.65663019957526e-05
146.07703281027102,3.295095628300901e-05
146.18129907209135,4.0819441886327066e-05
146.28571428571428,5.0398358927680635e-05
146.39027877055037,6.186502342642266e-05
146.49499284692416,7.545132381132645e-05
146.59985683607732,9.134792395789533e-05
146.7048710601719,0.00010955415603412535
146.8100358422939,0.0001301166063528059
146.91535150645623,0.00015310681398255412
147.0208183776023,0.00017819192970099456
147.1264367816092,0.00020499954003801125
147.23220704529115,0.00023349865386291347
147.33812949640287,0.00026321389676520093
147.4442044636429,0.0002934905485243125
147.55043227665706,0.0003246777626146495
147.6568132660418,0.00035683379474014596
147.76334776334778,0.00038901656625296683
147.87003610108303,0.00042219845819421183
147.97687861271675,0.0004589915022966406
148.08387563268258,0.0005003217333121496
148.19102749638205,0.0005484088009731154
148.29833454018825,0.0006092520721193719
148.40579710144928,0.0006862720394621584
148.51341551849166,0.0007816020550970211
148.6211901306241,0.0009072756530212806
148.72912127814087,0.0010781066501344308
148.8372093023256,0.0012945459780692341
148.94545454545454,0.0015551984974982763
149.0538573508006,0.0018782070247854137
149.16241806263656,0.0022842813072061555
149.27113702623907,0.0027741753050522385
149.38001458789202,0.003347040816311338
149.4890510948905,0.0040163621816616596
149.59824689554418,0.004788576182967844
149.70760233918128,0.005655502407805595
149.81711777615214,0.006615702325275139
149.9267935578331,0.007673299008663238
150.03663003663004,0.00882056030663766
150.1466275659824,0.010042279221041199
150.25678650036684,0.011321089847751546
150.36710719530103,0.012633728426481684
150.47759000734754,0.013961000740040043
150.58823529411762,0.015289984177616595
150.69904341427517,0.016594492210826626
150.8100147275405,0.017830090593501796
150.92114959469419,0.018953593747491483
151.03244837758112,0.01995097769792659
151.1439114391144,0.02083578268209068
151.25553914327915,0.021573992602117384
151.3673318551367,0.022060504487564678
151.47928994082838,0.022282524944949117
151.59141376757958,0.022392229777916595
151.7037037037037,0.022432998666293242
151.81616011860638,0.022176068656455782
151.92878338278933,0.021496793068087446
152.04157386785448,0.020711344289741272
152.15453194650817,0.020156200233031815
152.26765799256503,0.019552400928813628
152.38095238095235,0.01836186933058326
152.4944154877141,0.016874722688072434
152.6080476900149,0.016053680077310045
152.72184936614468,0.01581540925109214
152.8358208955224,0.014782182847944948
152.9499626587005,0.012768416988036938
153.0642750373692,0.011708386251806846
153.1787584143605,0.012346531799673736
153.29341317365268,0.012249934780695597
153.40823970037454,0.009886726422055585
153.5232383808096,0.008194435335825995
153.6384096024006,0.00991924705728453
153.75375375375376,0.011793100824872513
153.86927122464311,0.009445077630273713
153.98496240601503,0.006324712478762314
154.10082768999246,0.009100085663777088
154.2168674698795,0.014612349182117436
154.33308214016577,0.013156588300284868
154.4494720965309,0.0067249402043112
154.56603773584905,0.008797653727256098
154.68277945619334,0.02006972912544136
154.79969765684052,0.022846054637324233
154.91679273827532,0.011383041345199189
155.0340651021953,0.007036402739376732
155.15151515151516,0.02340616375759035
155.2691432903715,0.037497317636681356
155.38694992412746,0.025213520970690052
155.50493545937738,0.007250486952446719
155.62310030395136,0.019379388225175615
155.74144486692012,0.04857423371318671
155.8599695585997,0.048672716346669025
155.97867479055597,0.019012538135069642
156.09756097560975,0.010930176652615666
156.21662852784135,0.04246832949481766
156.33587786259542,0.06488935334315357
156.45530939648586,0.04291843403960457
156.5749235474006,0.014137107916244165
156.69472073450652,0.025896514496423165
156.8147013782542,0.057833729410670894
156.93486590038313,0.05942168944579305
157.05521472392638,0.032886370473096636
157.17574827321565,0.022640180407785628
157.29646697388634,0.04018942331072922
157.4173712528824,0.05363149802957705
157.53846153846155,0.045683805800605735
157.65973826020013,0.03463785866131534
157.78120184899845,0.035779198268159486
157.9028527370856,0.040648667690554585
158.02469135802468,0.04029375432562537
158.14671814671814,0.03928570442395205
158.26893353941267,0.04052558479137839
158.39133797370457,0.038770793225134645
158.5139318885449,0.033937227381971545
158.63671572424477,0.03319467807345678
158.7596899224806,0.03702115113782377
158.88285492629947,0.03763860712349372
159.0062111801242,0.03281014454537968
159.12975912975912,0.028907063781458697
159.25349922239502,0.02932275341100918
159.37743190661476,0.03022754824938116
159.50155763239874,0.028690111971799468
159.62587685113016,0.0265557062262937
159.7503900156006,0.025457505896494006
159.87509758001562,0.02447575518434671
160.0,0.02325767697443648
160.12509773260362,0.022719459269892
160.2503912363067,0.02263370853995545
160.37588097102582,0.0218906806605418
160.5015673981191,0.02071913161414365
160.62745098039213,0.02024910596486947
160.7535321821036,0.020529529850192456
160.87981146897093,0.020735162895992545
161.0062893081761,0.020698092442685435
161.13296616837135,0.020881398668729532
161.25984251968504,0.021356381805059225
161.38691883372735,0.021885740472726935
161.51419558359618,0.02255660037791861
161.64167324388316,0.023512195439933686
161.7693522906793,0.024566584023741622
161.89723320158103,0.02558800498831254
162.0253164556962,0.02671710422021778
162.15360253365006,0.02803438289326002
162.28209191759112,0.02945734051102792
162.41078509119745,0.030908738919712103
162.53968253968253,0.032366808142593094
162.66878474980143,0.033836085635589555
162.79809220985692,0.0352751938369157
162.92760540970565,0.03660313351038367
163.05732484076432,0.037838452650538514
163.18725099601593,0.039035023178093736
163.31738437001593,0.040106598340830545
163.44772545889865,0.0409421073303293
163.57827476038338,0.04155612566803946
163.709032773781,0.04199694311880381
163.84,0.04226378430074526
163.97117694155327,0.04233649588850142
164.1025641025641,0.04222406642694182
164.23416198877305,0.04198536763000015
164.3659711075441,0.0416533884129612
164.49799196787149,0.04120272185160538
164.63022508038586,0.040662416858429945
164.76267095736122,0.040092689084354774
164.89533011272144,0.039454785414140416
165.02820306204674,0.03872216599574922
165.16129032258064,0.03796863224764681
165.29459241323647,0.03717468386797374
165.4281098546042,0.03623675750335559
165.56184316895713,0.035191384962372854
165.6957928802589,0.03410544757839312
165.82995951417004,0.03291797504649648
165.9643435980551,0.03160644425152637
166.09894566098947,0.03022399693774348
166.23376623376623,0.02876629910891286
166.36880584890332,0.027240184594671164
166.5040650406504,0.025713084005655498
166.63954434499593,0.024215170919543463
166.77524429967426,0.022750510874028997
166.9111654441728,0.021355527966678476
167.047308319739,0.020060066379178957
167.18367346938777,0.018857154247160265
167.3202614379085,0.01774922434776765
167.45707277187245,0.016761246753003025
167.59410801963992,0.015881891239958576
167.7313677313677,0.015083743368425355
167.86885245901638,0.014369228641703232
168.00656275635768,0.01371137052521321
168.14449917898193,0.01307254485889953
168.28266228430567,0.012463628062547924
168.42105263157896,0.01186472595115535
168.559670781893,0.011230184480147001
168.6985172981878,0.010574798430601046
168.83759274525966,0.009909731230280544
168.97689768976898,0.009209314405883372
169.11643270024774,0.00848242485811461
169.25619834710741,0.00775144176614568
169.39619520264682,0.007010574688979091
169.53642384105962,0.0062608425242717935
169.67688483844242,0.005524004848312725
169.81757877280262,0.004819785988682533
169.95850622406635,0.00415633967847705
170.09966777408638,0.003534895980043876
170.24106400665005,0.0029616040912318247
170.3826955074875,0.0024484372814306816
170.52456286427974,0.0019976232460735014
170.66666666666666,0.0016037861430025055
170.8090075062552,0.001267739434618624
170.9515859766277,0.0009866615891941327
171.09440267335003,0.0007509471515486312
171.23745819397996,0.0005598645546936107
171.3807531380753,0.00041193064453101566
171.52428810720266,0.0002951015864041232
171.66806370494552,0.00020397695914026585
171.81208053691276,0.00013819101087721004
171.95633921074725,9.014913899321285e-05
172.10084033613444,5.471111599986266e-05
172.24558452481077,3.1580131997136656e-05
172.3905723905724,1.7245762605719206e-05
172.5358045492839,8.167681028944721e-06
172.681281618887,3.163379606466293e-06
172.82700421940928,7.973308859654074e-07
172.97297297297297,1.1556889563504904e-08
173.11918850380385,2.596514599768869e-07
173.26565143824024,8.947730531408619e-07
173.41236240474177,1.7051599769234705e-06
173.55932203389833,2.4862164453883962e-06
173.70653095843934,3.031854550004377e-06
173.85398981324278,3.429084971373987e-06
174.0016992353441,3.6683112723883755e-06
174.14965986394557,3.7917959701869214e-06
174.2978723404255,4.007067977895193e-06
174.44633730834755,4.080641569125477e-06
174.59505541346974,3.6582959361525835e-06
174.74402730375425,3.1245287717481975e-06
174.8932536293766,2.855168832296944e-06
175.04273504273505,2.5482368609114544e-06
175.1924721984602,2.131026219155864e-06
175.34246575342465,1.8343783372373696e-06
175.49271636675235,1.5056090730274214e-06
175.6432246998285,1.1787223650553447e-06
175.79399141630904,1.178148766433319e-06
175.94501718213058,1.207620622827909e-06
176.0963026655202,9.503001219492034e-07
176.24784853700515,7.564532027987307e-07
176.3996554694229,6.886849025088002e-07
176.55172413793102,5.678402928409009e-07
176.70405522001724,5.168698523122794e-07
176.85664939550952,4.833550235261634e-07
177.00950734658602,3.3183990985106374e-07
177.16262975778545,2.4752029920188046e-07
177.3160173160173,2.759828607988081e-07
177.46967071057193,2.1003319056917802e-07
177.62359063313096,1.393080056467908e-07
177.77777777777777,1.56000367731658e-07
177.93223284100782,1.3743154814373023e-07
178.08695652173913,8.74974831705803e-08
178.24194952132288,6.156072393445409e-08
178.397212543554,4.586683634021741e-08
178.55274629468178,3.746018616232011e-08
178.70855148342056,3.770059208702637e-08
178.86462882096066,2.8961179184733443e-08
179.02097902097898,1.3830864046411555e-08
179.17760279965006,5.963280404505713e-09
179.33450087565674,9.525396973102843e-09
179.4916739702016,1.3753424064527222e-08
179.64912280701753,1.0339537923089797e-08
179.80684811237927,6.0711460678519486e-09
179.96485061511424,6.500279867882543e-09
180.12313104661388,8.757346082785585e-09
180.28169014084506,5.8801025602968534e-09
180.44052863436124,7.815970058862957e-09
180.59964726631395,9.542298137551243e-09
180.75904677846424,3.923784452330623e-09
180.91872791519435,1.79454020411376e-09
181.07869142351902,4.024379978073653e-09
181.23893805309734,3.031616192493175e-09
181.39946855624444,6.645243192655906e-09
181.56028368794324,4.076079231252545e-09
181.72138420585628,2.016785546324138e-09
181.88277087033748,3.436766719608305e-10
182.04444444444445,2.919360880476755e-09
182.20640569395016,8.447732660728555e-09
182.3686553873553,5.818601345103653e-09
182.53119429590015,7.728435464637141e-11
182.69402319357712,5.175695941174507e-09
182.85714285714286,3.6414051468832003e-09
183.0205540661305,4.661137104787374e-09
183.18425760286226,1.952919626378402e-09
183.34825425246197,1.1947976541071177e-10
183.51254480286738,8.653972395163405e-10
183.67713004484304,1.778449851088213e-09
183.84201077199282,4.222959082181954e-09
184.00718778077265,8.231854410028756e-09
184.1726618705036,2.0305016353433005e-09
184.33843384338437,6.7913152885469985e-09
184.5045045045045,3.7684015705505885e-09
184.67087466185754,2.9014315878392527e-09
184.83754512635377,5.473149598773934e-09
185.0045167118338,2.2360532027551977e-09
185.17179023508135,1.5822824925360108e-09
185.33936651583707,3.8988458072757715e-11
185.5072463768116,2.0708398865300023e-10
185.675430643699,2.208089176889101e-09
185.84392014519057,2.07535921912068e-09
186.01271571298818,3.2892026188458525e-09
186.1818181818182,1.0087063755957992e-09
186.3512283894449,3.856515615152744e-09
186.52094717668484,6.039406022230705e-09
186.69097538742025,1.9864482810308375e-09
186.86131386861314,7.369361819432111e-09
187.03196347031962,1.994509461713283e-09
187.20292504570384,1.8086143726378755e-09
187.37419945105214,3.843558624263314e-09
187.54578754578753,3.396977797746928e-09
187.71769019248396,4.4560323337959966e-11
187.88990825688072,3.8096443421602117e-10
188.06244260789717,4.905689891416292e-09
188.23529411764707,9.366263770931172e-09
188.40846366145354,2.6583441589979332e-09
188.5819521178637,9.248745141895953e-11
188.75576036866357,2.0622384764759088e-10
188.92988929889296,1.6190623647027041e-10
189.10433979686056,1.1919504499500161e-09
189.27911275415894,6.00468840399983e-10
189.45420906567992,1.4426473740305203e-09
189.62962962962962,7.753709495099494e-09
189.80537534754404,5.217810256823913e-09
189.98144712430428,4.577049677179968e-11
190.15784586815226,2.14529992757749e-09
190.3345724907063,1.3489391774338243e-09
190.51162790697674,2.2172636004559574e-09
190.68901303538178,1.112402767231271e-09
190.8667287977633,6.34791922474856e-10
191.044776119403,1.1344101220810341e-09
191.22315592903828,8.18565574205443e-09
191.4018691588785,1.5842137981884064e-08
191.5809167446211,3.5199147118218055e-09
191.76029962546815,3.616800523828597e-10
191.94001874414244,1.580586971277892e-10
192.12007504690433,3.7059680456552297e-09
192.3004694835681,3.88232074464917e-09
192.48120300751881,2.315822282472366e-10
192.66227657572907,5.4253321546332725e-09
192.8436911487759,1.1786767755978897e-08
193.02544769085767,4.380356116184798e-09
193.2075471698113,2.3227405089189525e-09
193.38999055712932,3.2070220512442238e-09
193.57277882797732,1.0839078830243319e-08
193.75591296121098,1.0529645637206855e-08
193.93939393939394,8.424142331721737e-10
194.12322274881518,2.3158848590545353e-10
194.30740037950665,4.250466573256139e-10
194.49192782526114,2.1163203916641222e-09
194.67680608365018,1.486169558692482e-09
194.86203615604185,1.2320244431680188e-09
195.04761904761907,1.3240097688402554e-09
195.23355576739752,4.6650877421197425e-11
195.4198473282443,3.0052379078533073e-09
195.6064947468959,3.125619152527837e-09
195.79349904397705,1.324862079158013e-10
195.9808612440191,1.472524370271873e-09
196.1685823754789,1.9416233413960347e-10
196.35666347075744,3.072542560172662e-09
196.5451055662188,1.3005032296886837e-09
196.73390970220942,3.0834574538755427e-10
196.92307692307693,1.0155213638807934e-09
197.1126082771896,1.1077665049022296e-09
197.30250481695566,2.776853111286598e-10
197.4927675988428,2.588608198752944e-09
197.68339768339766,1.1862883293178298e-09
197.8743961352657,5.382864702044907e-10
198.06576402321085,4.149091233431455e-09
198.25750242013552,4.4585613943650045e-09
198.44961240310076,1.4374814996754046e-09
198.64209505334625,1.3375059719675584e-09
198.83495145631065,3.5409627331339505e-09
199.02818270165207,4.350225313367933e-09
199.22178988326846,4.132164854315429e-09
199.4157740993184,2.1455001935071676e-10
199.61013645224173,5.206175091420858e-10
199.8048780487805,1.0478990028230158e-09
200.0,2.5710926130071898e-09
200.19550342130987,1.0439769035317994e-09
200.3913894324853,2.0647266480862977e-09
200.58765915768853,4.09693880278601e-09
200.78431372549022,1.5609191908862543e-09
200.9813542688911,2.1195833321711506e-09
201.17878192534383,1.5578792071421621e-09
201.37659783677483,3.052255067555231e-09
201.5748031496063,2.757026848308971e-10
201.77339901477833,1.0828864928929162e-08
201.9723865877712,1.9308777307772147e-08
202.1717670286278,2.806545810201712e-09
202.3715415019763,6.939608595268934e-10
202.57171117705244,8.86924558071133e-10
202.77227722772278,1.5684784954778215e-09
202.97324083250743,5.780449195458493e-11
203.17460317460316,1.1388793824467176e-09
203.37636544190661,9.331170028729116e-10
203.57852882703776,2.179485338628369e-10
203.78109452736314,1.496387372503917e-09
203.98406374501994,4.58121881247827e-10
204.1874376869392,6.693610251947356e-09
204.39121756487026,1.733014385785502e-09
204.5954045954046,1.7210261884255765e-09
204.79999999999998,3.487158878460256e-09
205.005005005005,6.116008381832608e-09
205.21042084168334,6.076254008939037e-09
205.41624874623875,4.089511006893938e-10
205.62248995983938,6.1291960826003066e-09
205.8291457286432,9.59955963169102e-09
206.03621730382292,2.12524610509576e-09
206.24370594159112,9.622144788094385e-12
206.4516129032258,3.2717592920947245e-10
206.65993945509584,2.716834632686681e-10
206.86868686868684,8.65462942739784e-10
207.07785642062692,1.0020155512303047e-09
207.28744939271257,3.065758709192374e-10
207.49746707193518,4.769694053102665e-11
207.7079107505071,1.8348480927326973e-09
207.9187817258883,2.2540470335465297e-09
208.130081300813,4.716603740409363e-10
208.34181078331636,1.641882135103748e-10
208.55397148676167,3.115572811012213e-09
208.7665647298675,5.924395093748793e-09
208.9795918367347,7.640053553161252e-11
209.19305413687437,2.1660322773107283e-09
209.40695296523518,3.287228361398668e-10
209.6212896622313,1.9082686143015417e-09
209.83606557377047,1.4169773237954924e-09
210.05128205128204,1.830557707165197e-09
210.26694045174537,2.5857645332511983e-09
210.48304213771837,5.550358749551549e-10
210.69958847736626,2.400910151050855e-09
210.91658084449023,1.0758825413827953e-09
211.1340206185567,1.0042979522492643e-09
211.3519091847265,3.0676599973368008e-09
211.5702479338843,8.653111899150681e-10
211.78903826266804,1.9206927526014528e-09
212.00828157349895,1.3074775897525406e-09
212.22797927461139,2.417900179248383e-09
212.448132780083,8.278755682895453e-09
212.668743509865,2.772003463197951e-09
212.88981288981287,2.406085079668316e-09
213.11134235171693,4.529304438177495e-09
213.33333333333334,5.735690130779445e-10
213.555787278415,1.3204897203615468e-09
213.7787056367432,1.107150146993599e-09
214.00208986415882,4.890105814298856e-10
214.22594142259413,1.0177465525123614e-09
214.4502617801047,2.347377000763243e-09
214.67505241090146,7.567872423888188e-10
214.900314795383,5.928156455949702e-09
215.12605042016807,1.5271216127844994e-09
215.35226077812828,3.5602276792266025e-09
215.57894736842104,3.788994799985988e-09
215.80611169652263,3.385213812804323e-09
216.03375527426158,2.5351597335245947e-09
216.26187961985215,2.1170095300149063e-09
216.49048625792813,5.216772046527347e-09
216.7195767195767,3.373661782398194e-09
216.9491525423729,7.674862023142373e-10
217.17921527041358,1.6786589478148092e-09
217.40976645435242,2.516238791311246e-09
217.64080765143464,3.81279986107981e-09
217.87234042553192,7.26921728154451e-10
218.10436634717786,3.8385300642954963e-10
218.33688699360337,1.4741462199247498e-09
218.5699039487727,5.278927754194358e-10
218.80341880341882,2.3936252661391904e-10
219.0374331550802,1.5093053991495674e-09
219.27194860813702,5.893663939940719e-09
219.5069667738478,3.5560898010846164e-09
219.74248927038627,1.0586535269289636e-08
219.97851772287862,1.0477252216933174e-08
220.21505376344086,2.0068536229261365e-09
220.45209903121636,1.1973225620917158e-09
220.68965517241378,3.3354758779343654e-09
220.92772384034518,5.962003692438215e-11
221.16630669546436,3.257391293384747e-09
221.4054054054054,2.485269279279814e-09
221.64502164502164,1.5148875409594786e-10
221.88515709642468,3.5854119539963454e-09
222.12581344902384,2.8688635195273208e-09
222.36699239956567,5.910873198058508e-11
222.6086956521739,2.8567201437444943e-09
222.85092491838955,2.47454602697982e-09
223.09368191721134,1.7065019362107702e-11
223.3369683751363,2.5184023386277942e-09
223.58078602620085,1.3714606024125007e-09
223.82513661202185,1.5970830221040737e-09
224.07002188183807,3.635479004483866e-09
224.31544359255204,2.7612414742952226e-09
224.56140350877192,3.0201061048966853e-09
224.80790340285398,5.536046914415559e-09
225.05494505494505,1.8597431925552666e-08
225.30253025302528,4.4380373642313734e-08
225.55066079295153,5.9505407776798275e-08
225.79933847850054,7.112562167441512e-08
226.0485651214128,9.600848421491526e-08
226.29834254143645,1.377877646658629e-07
226.54867256637166,2.3419751463652326e-07
226.79955703211516,3.967184098936297e-07
227.0509977827051,5.513479789081022e-07
227.30299667036624,7.382726105795218e-07
227.55555555555554,1.0953454528631503e-06
227.80867630700777,1.6335546387532847e-06
228.06236080178175,2.152702676054889e-06
228.31661092530658,2.6345199844228287e-06
228.57142857142856,3.3599328431523787e-06
228.82681564245812,4.489450830011691e-06
229.082774049217,6.3626504173367245e-06
229.33930571108624,9.16649303762669e-06
229.59641255605382,1.291550904599979e-05
229.8540965207632,1.9021871896278856e-05
230.1123595505618,2.961721504992485e-05
230.37120359955006,4.684886901529784e-05
230.6306306306306,7.425117627621414e-05
230.89064261555805,0.00011785788955697546
231.1512415349887,0.00018609866871114797
231.41242937853107,0.0002902597053405569
231.67420814479635,0.0004491437041836366
231.9365798414496,0.0006856125796300523
232.19954648526078,0.0010253269529932163
232.46311010215663,0.0015068608306635263
232.7272727272727,0.0021744683662048036
232.9920364050057,0.003086855755219297
233.25740318906605,0.004324043707423511
233.52337514253134,0.005962093521336975
233.78995433789953,0.008092625138122072
234.05714285714288,0.01082769971924961
234.32494279176203,0.014286881247452105
234.59335624284074,0.018615403927474426
234.8623853211009,0.023984211995184673
235.13203214695753,0.030618392660434174
235.4022988505747,0.038779926438709686
235.67318757192174,0.0488397237075644
235.9447004608295,0.061384463279391455
236.2168396770473,0.0771685860627152
236.48960739030022,0.09734722642219454
236.76300578034682,0.1235332339229442
237.03703703703707,0.15780552621387484
237.3117033603708,0.20322778470007272
237.58700696055683,0.26381631598942695
237.862950058072,0.34460950549021235
238.13953488372093,0.45188447079094973
238.41676367869616,0.5930430276573034
238.69463869463866,0.7769923133943841
238.97316219369893,1.0134631487509502
239.25233644859816,1.3123708288864204
239.53216374269007,1.6834541206919411
239.81264637002343,2.135200723809245
240.0937866354044,2.674454012771513
240.37558685446012,3.3035983420858557
240.65804935370153,4.019420725107695
240.94117647058823,4.81364282455589
241.2249705535924,5.669481641484152
241.50943396226415,6.562572839917998
241.79456906729635,7.46134228870251
242.080378250591,8.327274953437188
242.3668639053254,9.12057802704674
242.65402843601896,9.799686797868699
242.94187425860022,10.327799213114178
243.23040380047507,10.681918906127315
243.51961950059456,10.853428371410308
243.80952380952382,10.856205050397808
244.1001191895113,10.729196034099788
244.39140811455846,10.5379966484712
244.68339307048984,10.374560694012334
244.97607655502392,10.344697140477418
245.2694610778443,10.563197861906566
245.56354916067144,11.137649217089425
245.85834333733493,12.150661719477343
246.15384615384616,13.646697098194904
246.4500601684717,15.608577977137754
246.7469879518072,17.957270497092562
247.04463208685164,20.54672159911204
247.34299516908212,23.165038359705445
247.6420798065296,25.56515316089517
247.9418886198547,27.483531082473323
248.24242424242422,28.68508505523827
248.54368932038832,29.00472252054857
248.8456865127582,28.369984480841826
249.14841849148416,26.847628602185708
249.45188794153472,24.64554645046195
249.75609756097558,22.09172176318448
250.06105006105005,19.615422533562636
250.36674816625916,17.6826396958552
250.6731946144431,16.722207410997513
250.98039215686276,17.054446843427474
251.2883435582822,18.820961636526565
251.5970515970516,21.943875086683562
251.90651906519062,26.113099002878325
252.21674876847288,30.807300526188033
252.52774352651045,35.3807668559024
252.8395061728395,39.16047966395941
253.15203955500616,41.53440479086706
253.46534653465346,42.10510356983172
253.7794299876084,40.76586034693725
254.09429280397023,37.686164693273085
254.40993788819875,33.333123839679786
254.726368159204,28.371434186186068
255.04358655043586,23.495624115981293
255.36159600997507,19.33441571815709
255.6803995006242,16.328252320165124
255.99999999999997,14.624158943007142
256.3204005006258,14.067374507078446
256.64160401002505,14.260902253352423
256.9636135508155,14.67482450210112
257.286432160804,14.800891019868013
257.61006289308176,14.290081625578374
257.9345088161209,13.040535688093508
258.2597730138714,11.229970469842998
258.5858585858586,9.23104159999868
258.91276864728195,7.500556962227488
259.24050632911394,6.481968010854105
259.5690747782003,6.465372052508423
259.8984771573604,7.496629330107055
260.22871664548916,9.368856748440233
260.55979643765903,11.686612186929711
260.89171974522293,14.000304750484851
261.2244897959184,15.942406313938942
261.5581098339719,17.298894333281574
261.89258312020456,18.068432402771517
262.2279129321382,18.507708775874253
262.56410256410254,18.980645369266817
262.9011553273428,19.77820473999751
263.2390745501285,21.124242067082164
263.5778635778636,23.071550823655528
263.91752577319585,25.283684951794168
264.258064516129,27.198714128996187
264.59948320413434,28.479431643416365
264.9417852522639,29.09461384883518
265.2849740932642,29.131502761387985
265.6290531776913,28.764612265803425
265.974025974026,28.240000477054405
266.3198959687906,27.800349523075386
266.66666666666663,27.613542004527662
267.01434159061273,27.675022175829273
267.3629242819843,27.845844258240966
267.7124183006536,27.94193643893568
268.0628272251309,27.62919397693624
268.41415465268676,26.573571468810172
268.76640419947506,24.932949018964706
269.119579500657,23.212443552508464
269.47368421052636,21.615936780853705
269.82872200263506,20.040633683670592
270.1846965699208,18.50026112451529
270.5416116248349,17.108514023494237
270.8994708994709,15.887100305760727
271.25827814569533,14.851183615521997
271.6180371352785,14.063492335005835
271.97875166002655,13.558675611844096
272.3404255319149,13.365908108695683
272.70306258322233,13.54272256410403
273.06666666666666,14.14212280190389
273.4312416555407,15.208523321866187
273.7967914438503,16.732249224610783
274.1633199464525,18.58452253721507
274.5308310991957,20.62792428014372
274.8993288590604,22.821296990972915
275.26881720430106,25.09927864474492
275.6393001345895,27.32118070329266
276.010781671159,29.372592482805764
276.3832658569501,31.12692215632705
276.7567567567567,32.39533811778448
277.1312584573748,33.03442116686672
277.50677506775065,32.968890046018196
277.88331071913166,32.14666496627085
278.2608695652174,30.596512063336657
278.6394557823129,28.43362092881472
279.01907356948226,25.793831773262834
279.39972714870396,22.835478453402526
279.78142076502735,19.73383746000682
280.1641586867305,16.643555226129894
280.54794520547944,13.700844181412672
280.93278463648835,11.02151557983209
281.31868131868134,8.684258384207165
281.70563961485556,6.732711802013543
282.0936639118457,5.175291124999653
282.48275862068965,3.9888822334637153
282.8729281767956,3.1316360001965946
283.2641770401106,2.546392374836595
283.6565096952908,2.169814186499574
284.0499306518724,1.9438253710109763
284.44444444444446,1.8142311060566583
284.84005563282335,1.7349089658165229
285.2367688022284,1.6740479691090173
285.63458856345886,1.6093163839834728
286.0335195530726,1.5268449224087357
286.43356643356645,1.4230013442549425
286.8347338935574,1.2993479802904369
287.23702664796633,1.1601502928020258
287.6404494382022,1.0127740796223625
288.0450070323488,0.8647301072833317
288.4507042253521,0.7221087706208049
288.85754583921016,0.5902314357481232
289.2655367231638,0.4728766714675329
289.6746817538897,0.3717753853040528
290.08498583569406,0.28737533166625545
290.49645390070924,0.21918631789280604
290.9090909090909,0.16573370031974163
291.32290184921766,0.12498095366915271
291.73789173789174,0.09482554533548729
292.15406562054204,0.07312834018379441
292.57142857142856,0.05783610432954456
292.9899856938483,0.047286142338664836
293.4097421203438,0.04009178184895438
293.83070301291247,0.035070967626403764
294.2528735632184,0.03144109755188454
294.67625899280574,0.028658674909324888
295.1008645533141,0.026270356625340566
295.52669552669556,0.024065176668065083
295.9537572254335,0.0219653662870543
296.3820549927641,0.019880541103046157
296.81159420289856,0.017816742294942952
297.2423802612482,0.015819619509676593
297.6744186046512,0.013882652667813224
298.1077147016012,0.012047121887168354
298.54227405247815,0.010367209548488038
298.978102189781,0.008829896935688461
299.41520467836256,0.007443660120995164
299.8535871156662,0.006237158951354421
300.2932551319648,0.005185177172831543
300.73421439060206,0.004268279127928528
301.17647058823525,0.0034963681027479895
301.620029455081,0.0028478429572970734
302.06489675516224,0.00229682561657947
302.5110782865583,0.001846211773048365
302.95857988165676,0.0014834352830401182
303.4074074074074,0.0011812736564310216
303.85756676557867,0.0009339375559144356
304.30906389301634,0.0007391506113313134
304.7619047619047,0.0005819244450890709
305.2160953800298,0.0004540195598972669
305.6716417910448,0.000354310431003636
306.1285500747384,0.00027628827899997495
306.58682634730536,0.00021388023495153433
307.0464767616192,0.0001653082619493669
307.5075075075075,0.0001274601432283217
307.96992481203006,9.720786776653561e-05
308.433734939759,7.400855237294697e-05
308.8989441930618,5.666447908771942e-05
309.3655589123867,4.2946346868703016e-05
309.83358547655064,3.211234046452775e-05
310.3030303030303,2.412107454240145e-05
310.7738998482549,1.8237192270934635e-05
311.2462006079027,1.3744921835536291e-05
311.7199391171994,1.0324028224790067e-05
312.1951219512195,7.679366925366856e-06
312.67175572519085,5.616508445283523e-06
313.1498470948012,4.082464751321229e-06
313.6294027565084,2.978820492544936e-06
314.11042944785277,2.1904841815713467e-06
314.5929339477727,1.6370298170266477e-06
315.0769230769231,1.2105723214547184e-06
315.5624036979969,8.40836562993518e-07
316.04938271604937,5.679652414370999e-07
316.53786707882534,4.1581787018137377e-07
317.0278637770898,3.146451090644442e-07
317.5193798449612,2.1635194187180527e-07
318.0124223602484,1.3963684981451213e-07
318.50699844479004,1.0373853706173277e-07
319.0031152647975,8.681681108039931e-08
319.5007800312012,6.5184050957958e-08
320.0,3.720507008114265e-08
320.5007824726134,1.6972294801519457e-08
321.0031347962382,9.889099986566702e-09
321.5070643642072,8.008267206276946e-09
322.0125786163522,4.124308544550898e-09
322.5196850393701,9.117385242140743e-10
323.02839116719235,1.3970793612299958e-09
323.5387045813586,4.457550058684017e-09
324.0506329113924,4.200807306141036e-09
324.56418383518223,2.390771803483734e-09
325.07936507936506,1.5766711389992674e-09
325.59618441971384,7.875829524302669e-10
326.11464968152865,2.414532989181961e-09
326.63476874003186,6.588096700227335e-10
327.15654952076676,3.7243024794044804e-11
327.68,1.9888484016594682e-10
328.2051282051282,3.2915535825431745e-10
328.7319422150882,1.4664813098816254e-09
329.2604501607717,1.6628441140594475e-09
329.7906602254429,4.8824428645068764e-11
330.3225806451613,1.564939362510421e-10
330.8562197092084,1.0604306053250693e-10
331.3915857605178,8.705029165985157e-12
331.9286871961102,1.3335484228171763e-10
332.46753246753246,1.5039242993516062e-09
333.0081300813008,1.2329229563073947e-09
333.5504885993485,4.070185595192646e-10
334.094616639478,5.547650587431714e-10
334.640522875817,2.2673763928638502e-10
335.18821603927984,2.7966733580199254e-10
335.73770491803276,1.9389349557833196e-10
336.28899835796386,1.2008942997698282e-09
336.8421052631579,5.977539663985692e-10
337.3970345963756,4.2133146163664583e-10
337.95379537953795,3.8358976160434697e-10
338.51239669421483,5.535132784504413e-11
339.07284768211923,1.0234677310067185e-10
339.63515754560524,2.2033818625215136e-10
340.19933554817277,4.78068927277532e-10
340.765391014975,5.118566076645268e-10
341.3333333333333,9.352492100499773e-10
341.9031719532554,9.187255805672011e-10
342.4749163879599,4.034957782832186e-10
343.04857621440533,3.7420605075632625e-11
343.6241610738255,3.3684912231457676e-10
344.2016806722689,1.6577771100694958e-09
344.7811447811448,5.372516525399371e-10
345.362563237774,1.4527224285633996e-10
345.94594594594594,6.248290045173641e-10
346.5313028764805,4.749479922742279e-10
347.11864406779665,2.5358617580506286e-10
347.70797962648555,9.683176968146107e-11
348.29931972789115,7.263325561271253e-10
348.8926746166951,2.479661120964118e-09
349.4880546075085,8.48642181659888e-10
350.0854700854701,5.799503756777924e-10
350.6849315068493,3.3319050595965347e-10
351.286449399657,5.409175848974624e-10
351.89003436426117,9.103235937375858e-10
352.4956970740103,1.1818842294031138e-09
353.10344827586204,1.9025141253660825e-10
353.71329879101904,3.928005182320885e-10
354.3252595155709,1.5679399681729608e-10
354.93934142114387,1.9802814591842121e-10
355.55555555555554,4.983338989956513e-10
356.17391304347825,5.67534591736332e-11
356.794425087108,1.6159541953007e-09
357.4171029668411,2.1887010027919612e-09
358.04195804195797,1.2808218881923162e-10
358.6690017513135,1.3607363018901596e-10
359.29824561403507,7.5870324556239e-10
359.9297012302285,1.0741164834419338e-12
360.5633802816901,4.0439477051507677e-10
361.1992945326279,1.014706989951322e-09
361.8374558303887,7.79650302502373e-10
362.4778761061947,1.2163078426575957e-10
363.1205673758865,5.866166518572795e-10
363.76554174067496,1.5841567093915452e-09
364.4128113879003,1.1977502594671026e-09
365.0623885918003,1.0139766272906151e-09
365.7142857142857,8.284858304930939e-11
366.3685152057245,5.282627783875048e-10
367.02508960573476,2.467870886598655e-10
367.68402154398564,4.4702336532525607e-10
368.3453237410072,5.925769626658371e-10
369.009009009009,2.885010242325876e-10
369.67509025270755,9.604557594211456e-10
370.3435804701627,1.839274923828561e-10
371.0144927536232,2.1736193088578036e-09
371.68784029038113,3.628054659714865e-10
372.3636363636364,1.2881046176557876e-10
373.0418943533697,1.3683928685528933e-10
373.7226277372263,4.4475075255797893e-10
374.4058500914077,1.5742049240338645e-10
375.09157509157507,2.5887961573981264e-10
375.77981651376143,6.090761011815708e-10
376.47058823529414,7.25869932672079e-11
377.1639042357274,5.658504295003047e-10
377.8597785977859,3.4711014718902743e-10
378.5582255083179,8.48304712399978e-10
379.25925925925924,7.938437540087632e-10
379.96289424860856,2.8585021794649213e-10
380.6691449814126,1.5756312219730403e-09
381.37802607076355,1.6446619357979152e-09
382.089552238806,2.749633586049971e-10
382.803738317757,1.1734572263862848e-09
383.5205992509363,8.369706041266932e-10
384.24015009380867,5.648123001537525e-11
384.96240601503763,4.605260202302678e-10
385.6873822975518,4.810091642553306e-10
386.4150943396226,3.501816552281033e-10
387.14555765595463,3.089022741975831e-10
387.8787878787879,2.7693631888262455e-10
388.6148007590133,1.71582765958714e-10
389.35361216730035,2.1791708446698006e-10
390.09523809523813,7.122126291372777e-10
390.8396946564886,3.747424822619299e-11
391.5869980879541,1.4207533306694071e-09
392.3371647509578,1.1901366724062161e-09
393.0902111324376,8.298041365758834e-11
393.84615384615387,6.521189767666417e-10
394.6050096339113,7.066772396718142e-10
395.3667953667953,6.101212964059543e-10
396.1315280464217,1.0396941853486835e-10
396.8992248062015,4.429915347199758e-10
397.6699029126213,7.23945307983776e-10
398.4435797665369,6.413013274974028e-10
399.22027290448347,6.196772192551415e-10
400.0,3.530235817945e-10
400.7827788649706,3.1062658943095444e-10
401.56862745098044,2.6744627115296236e-10
402.35756385068765,1.601011187606372e-10
403.1496062992126,7.361878480302774e-10
403.9447731755424,4.2818083655700203e-10
404.7430830039526,3.1772405562650193e-10
405.54455445544556,5.156548894412744e-10
406.3492063492063,8.970985878371499e-10
407.1570576540755,4.551368467533028e-10
407.9681274900399,1.2415809349372233e-10
408.7824351297405,2.5006414338881183e-10
409.59999999999997,2.0093968350849146e-10
410.4208416833667,1.5468135784921304e-11
411.24497991967877,3.8228862486936353e-10
412.07243460764585,7.037895885623602e-10
412.9032258064516,1.462632343418175e-09
413.7373737373737,2.95220773843901e-10
414.57489878542515,2.4934932505937245e-10
415.4158215010142,2.803728103864979e-10
416.260162601626,1.5836666416045161e-10
417.10794297352334,9.041939238960124e-11
417.9591836734694,7.036795996232272e-11
418.81390593047036,4.3159022459300137e-10
419.67213114754094,7.086758524301007e-10
420.53388090349074,4.1540398056456445e-10
421.3991769547325,2.834708372179042e-10
422.2680412371134,4.498197079914716e-10
423.1404958677686,2.85009120980532e-10
424.0165631469979,3.411718044089132e-10
424.896265560166,4.492041171589728e-10
425.77962577962575,3.108567976291269e-11
426.6666666666667,2.3369621322127256e-10
427.5574112734864,6.442969607244994e-11
428.45188284518827,1.8838182179142347e-10
429.3501048218029,4.22122147669457e-11
430.25210084033614,1.053542992483393e-09
431.1578947368421,3.2568396414168647e-10
432.06751054852316,5.055475396793662e-10
432.98097251585625,1.1973846048404151e-09
433.8983050847458,1.8584364559173843e-09
434.81953290870484,2.3528869269629507e-10
435.74468085106383,1.8050407600143466e-10
436.67377398720674,1.5855818715403833e-09
437.60683760683764,9.390291830240394e-10
438.54389721627405,1.0044966264057934e-09
439.48497854077254,2.3581239577403568e-09
440.4301075268817,1.309403424421679e-09
441.37931034482756,1.2150477051192506e-09
442.3326133909287,9.79894137756453e-10
443.2900432900433,7.361231645751403e-10
444.2516268980477,1.0693622514002576e-09
445.2173913043478,9.794170961253502e-10
446.1873638344227,2.9153081649588943e-10
447.1615720524017,1.297484148688251e-09
448.14004376367615,2.5953333312437435e-09
449.12280701754383,1.1924052640235018e-09
450.1098901098901,4.058785443490225e-10
451.10132158590307,6.941199444388627e-10
452.0971302428256,1.051668811897413e-09
453.0973451327433,8.463000779889923e-10
454.1019955654102,1.267570125491525e-09
455.1111111111111,1.0490349546052037e-09
456.1247216035635,1.4342524492306544e-09
457.1428571428571,2.4625087441481617e-09
458.165548098434,1.3650904561123765e-09
459.19282511210764,9.012850677549456e-10
460.2247191011236,1.2620097506477595e-09
461.2612612612612,8.582897349715984e-10
462.3024830699774,8.74230312332505e-10
463.3484162895927,2.399146138847255e-09
464.39909297052156,5.476656827506299e-10
465.4545454545454,7.569408330815734e-10
466.5148063781321,4.382479662155818e-10
467.57990867579906,1.7950435596978406e-09
468.64988558352405,4.273949824455064e-10
469.7247706422018,1.2179663075444134e-09
470.8045977011494,8.957624525423458e-10
471.889400921659,3.1345246360653305e-10
472.97921478060044,1.200906685707103e-10
474.07407407407413,9.433779225384065e-10
475.17401392111367,2.9539165155270984e-10
476.27906976744185,7.724967721351107e-10
477.3892773892773,1.7702805874646823e-09
478.5046728971963,1.2575912214990803e-11
479.62529274004686,5.682674991914817e-10
480.75117370892025,1.677123007068422e-09
481.88235294117646,4.4600774890258444e-10
483.0188679245283,3.499803789383603e-09
484.160756501182,3.6281078087982544e-09
485.3080568720379,1.6304282587983935e-10
486.46080760095015,5.837770293777918e-09
487.61904761904765,4.266926423174965e-09
488.7828162291169,1.298359624333271e-09
489.95215311004785,1.7107567024168746e-08
491.1270983213429,3.791187368741259e-09
492.3076923076923,1.5848447811276924e-10
493.4939759036144,2.7609735596481484e-08
494.68599033816423,2.666259675763034e-09
495.8837772397094,2.8514195811293095e-10
497.08737864077665,4.087273548668407e-08
498.29683698296833,8.647757884193726e-09
499.51219512195115,9.758879136529409e-09
500.7334963325183,4.514916968424049e-08
501.9607843137255,1.1406992962888658e-08
503.1941031941032,1.842538829831669e-08
504.43349753694577,7.590886275245115e-08
505.679012345679,1.7179391792930117e-08
506.9306930693069,5.144184993524221e-08
508.18858560794047,1.2112551505631486e-07
509.452736318408,1.2812734659808277e-08
510.72319201995015,1.0621940046201247e-07
511.99999999999994,2.0654616064066348e-07
513.2832080200501,6.874836931597903e-09
514.572864321608,2.5146741299278725e-07
515.8690176322418,2.9270551204045393e-07
517.1717171717172,1.372605165237862e-09
518.4810126582279,5.020025037576673e-07
519.7969543147208,3.700575775370218e-07
521.1195928753181,2.532390450186048e-08
522.4489795918367,8.724221648041053e-07
523.7851662404091,4.803594203807191e-07
525.1282051282051,1.251647678443922e-07
526.478149100257,1.6020888523649173e-06
527.8350515463917,5.227131986593093e-07
529.1989664082687,4.454169629094055e-07
530.5699481865284,2.610602151154277e-06
531.948051948052,4.952283715003934e-07
533.3333333333333,1.233313432235365e-06
534.7258485639686,3.99275328761125e-06
536.1256544502618,3.5497210440597836e-07
537.5328083989501,2.897539953835005e-06
538.9473684210527,5.822833993752546e-06
540.3693931398416,1.189625198335072e-07
541.7989417989418,5.987095654221534e-06
543.236074270557,8.175283402398338e-06
544.6808510638298,3.2156647571356596e-08
546.1333333333333,1.1295870643592932e-05
547.5935828877006,1.0708097093974653e-05
549.0616621983914,8.012020772181359e-07
550.5376344086021,2.0377297358197315e-05
552.021563342318,1.250158912033786e-05
553.5135135135134,3.7116241191939685e-06
555.0135501355013,3.532196080020385e-05
556.5217391304348,1.2558711553993108e-05
558.0381471389645,1.1143547964694187e-05
559.5628415300547,5.7539418663296806e-05
561.0958904109589,1.075089904063845e-05
562.6373626373627,2.8754036126831567e-05
564.1873278236914,8.664865283849896e-05
565.7458563535912,6.844570570924578e-06
567.3130193905816,6.637559753706394e-05
568.8888888888889,0.00012123694850034153
570.4735376044569,1.5519334300796724e-06
572.0670391061452,0.000134231450069032
573.6694677871149,0.0001621993649866534
575.2808988764044,2.15964702701213e-06
576.9014084507043,0.00024527210780726777
578.5310734463276,0.00020156813176834207
580.1699716713881,2.9100623639083316e-05
581.8181818181818,0.0004248140343962192
583.4757834757835,0.000213380354427532
585.1428571428571,0.00011348081322586052
586.8194842406876,0.000711194498171656
588.5057471264367,0.00017359244377631293
590.2017291066282,0.00030360860925515693
591.907514450867,0.0011096979563342702
593.6231884057971,9.476990662924465e-05
595.3488372093024,0.0007163435831467093
597.0845481049563,0.0015246768963335271
598.8304093567251,2.3082845090438682e-05
600.5865102639297,0.0015711484678594544
602.3529411764705,0.0017967793995853126
604.1297935103245,1.9476906000740835e-05
605.9171597633135,0.003117970666084377
607.7151335311573,0.0018026421169230532
609.5238095238094,0.00023316983741927732
611.3432835820896,0.005457961968162182
613.1736526946107,0.0015096540782370477
615.015015015015,0.0010617360256125299
616.867469879518,0.008395984236072476
618.7311178247734,0.0010281729167930897
620.6060606060606,0.0034063505277555843
622.4924012158054,0.011082783477776954
624.390243902439,0.0006964941983650096
626.2996941896024,0.009260169115815628
628.2208588957055,0.011684289121894812
630.1538461538462,0.000756314375506051
632.0987654320987,0.022561532828397134
634.0557275541796,0.008132279427548983
636.0248447204968,0.000566525420811827
638.006230529595,0.04844951776758136
640.0,0.0019619048585992455
642.0062695924764,0.0001284848333576522
644.0251572327044,0.08757483378381048
646.0567823343847,0.004343947648405426
648.1012658227849,0.011545123750752926
650.1587301587301,0.12593379577549188
652.2292993630573,0.0370336713976423
654.3130990415335,0.0878129231470049
656.4102564102564,0.13685919790270756
658.5209003215434,0.12052019797951112
660.6451612903226,0.3606758950744277
662.7831715210356,0.13569482102740976
664.9350649350649,0.2724130605163736
667.100977198697,1.0507167296420918
669.281045751634,0.32719654953806826
671.4754098360655,0.617634172722446
673.6842105263158,2.42515135185087
675.9075907590759,1.3429904277563547
678.1456953642385,1.832366579277802
680.3986710963455,4.859244407084011
682.6666666666666,4.53742324322183
684.9498327759198,6.155164540737506
687.248322147651,9.465863036450251
689.5622895622896,12.319525552690866
691.8918918918919,18.84323978468423
694.2372881355933,20.21639727777411
696.5986394557823,29.589292144150697
698.976109215017,50.52101494582007
701.3698630136986,49.746241093621954
703.7800687285223,69.70071071645872
706.2068965517241,120.35469992566091
708.6505190311418,126.04028465794056
711.1111111111111,162.48817265473738
713.588850174216,255.55965410126547
716.0839160839159,297.0770671914447
718.5964912280701,378.67700758824253
721.1267605633802,524.2475775575575
723.6749116607774,667.0110620899609
726.241134751773,878.0961149650926
728.8256227758006,1069.5343384530115
731.4285714285714,1360.894567143722
734.0501792114695,1802.7442354231257
736.6906474820144,1981.0910731372253
739.3501805054151,2412.9422584782396
742.0289855072464,3306.9146361745525
744.7272727272727,3686.0686269654366
747.4452554744526,4404.86210870836
750.1831501831501,5823.659300941892
752.9411764705883,6265.883856381329
755.7195571955718,6779.851521396188
758.5185185185185,7975.429344833445
761.3382899628252,8281.567540651555
764.179104477612,8918.539393419693
767.0411985018726,9808.760548634094
769.9248120300753,11509.786110408986
772.8301886792452,16544.943483343923
775.7575757575758,14750.077040130778
778.7072243346007,7066.099412437851
781.6793893129772,4217.052495609286
784.6743295019156,4684.799568109725
787.6923076923077,5251.151764724776
790.7335907335906,5117.728424501886
793.798449612403,5923.76880287011
796.8871595330738,6672.976415910149
800.0,6971.779394995087
803.1372549019609,6847.73562050642
806.2992125984252,6499.278761013757
809.4861660079052,6860.861991619646
812.6984126984127,6141.266679018233
815.9362549800798,4886.555652558197
819.1999999999999,8050.0696364845135
822.4899598393575,17086.91598211978
825.8064516129032,19013.369293681735
829.1497975708503,12515.137096636457
832.520325203252,9640.562533587157
835.9183673469388,8491.762050322703
839.3442622950819,6707.22433146768
842.798353909465,5564.7249721923545
846.2809917355372,4604.915899348913
849.792531120332,3774.668187594056
853.3333333333334,3112.3728693801113
856.9037656903765,2248.7120466244
860.5042016806723,1682.0224814779194
864.1350210970463,1323.307784298652
867.7966101694916,811.4069297542954
871.4893617021277,539.7182356030532
875.2136752136753,450.1074243930433
878.9699570815451,260.43800318669304
882.7586206896551,160.89073313841126
886.5800865800866,145.92437337192496
890.4347826086956,80.14961591615211
894.3231441048034,42.00498101646669
898.2456140350877,38.82011829362087
902.2026431718061,20.931613869605524
906.1946902654867,10.15229171535941
910.2222222222222,8.323266250768288
914.2857142857142,4.714460892588882
918.3856502242153,3.1194665115789633
922.5225225225224,1.4927469094111498
926.6968325791854,0.8337520620820428
930.9090909090908,1.2096693406354997
935.1598173515981,0.22915161712677729
939.4495412844036,0.09497409283660445
943.778801843318,0.4840629571368976
948.1481481481483,0.04978457760568668
952.5581395348837,0.05052782929131576
957.0093457943926,0.1801029618439103
961.5023474178405,0.029055167684313966
966.0377358490566,0.07797319536333741
970.6161137440758,0.058341579858775354
975.2380952380953,0.026288956743477608
979.9043062200957,0.07644450327478275
984.6153846153846,0.014702051578982576
989.3719806763285,0.02676959050817571
994.1747572815533,0.05653586442957712
999.0243902439023,0.0017957967717478211
1003.921568627451,0.026412498768212774
1008.8669950738915,0.03476123939586682
1013.8613861386139,0.00011201467029441668
1018.905472636816,0.02354902104688138
1023.9999999999999,0.018259862054542494
1029.145728643216,0.001847958034919565
1034.3434343434344,0.01876622401962618
1039.5939086294416,0.008024051459420282
1044.8979591836735,0.00377790575880545
1050.2564102564102,0.013433468682630479
1055.6701030927834,0.0027224164143806436
1061.139896373057,0.004756221483028234
1066.6666666666665,0.008678733152879389
1072.2513089005236,0.0005641620125737255
1077.8947368421054,0.004698516582688471
1083.5978835978835,0.005043773704365097
1089.3617021276596,5.243265531420104e-05
1095.1871657754011,0.003958219895590429
1101.0752688172042,0.0026062259202002756
1107.0270270270269,0.00018569638576833387
1113.0434782608695,0.0029541298590750505
1119.1256830601094,0.0011646203879163478
1125.2747252747254,0.0004258790571500697
1131.4917127071824,0.001990775227909439
1137.7777777777778,0.00042352965475410387
1144.1340782122904,0.0005615990424242062
1150.5617977528088,0.0012217552581155339
1157.0621468926552,0.00010705624427776525
1163.6363636363635,0.0005633096046115259
1170.2857142857142,0.0006843348358094767
1177.0114942528735,1.0000301960668591e-05
1183.815028901734,0.00047713022795316636
1190.6976744186047,0.00034762546937315873
1197.6608187134502,3.5414835505536476e-06
1204.705882352941,0.0003576786266980541
1211.834319526627,0.00015800443603595748
1219.0476190476188,2.071853613068325e-05
1226.3473053892214,0.00024315649572405337
1233.734939759036,6.230640140650769e-05
1241.2121212121212,3.4408458701522695e-05
1248.780487804878,0.00015223385595842818
1256.441717791411,1.985409622427102e-05
1264.1975308641975,3.839303450239738e-05
1272.0496894409937,8.83078211615177e-05
1280.0,4.2908146679825985e-06
1288.0503144654087,3.478627813368779e-05
1296.2025316455697,4.7738650848914906e-05
1304.4585987261146,3.718359368272969e-07
1312.8205128205127,2.7595417584490078e-05
1321.2903225806451,2.397109317452192e-05
1329.8701298701299,4.858057718708715e-07
1338.562091503268,1.9929768948027206e-05
1347.3684210526317,1.1036814349100534e-05
1356.291390728477,1.3574073361520603e-06
1365.3333333333333,1.3282298776270954e-05
1374.496644295302,4.603206751751485e-06
1383.7837837837837,1.9067752891881545e-06
1393.1972789115646,8.29680301616494e-06
1402.7397260273972,1.6627146476370474e-06
1412.4137931034481,1.9899024740175324e-06
1422.2222222222222,4.8827531695607425e-06
1432.1678321678319,4.6909338504303205e-07
1442.2535211267605,1.7454413296084906e-06
1452.482269503546,2.682335941173077e-06
1462.857142857143,9.000509758227137e-08
1473.3812949640287,1.37171736628077e-06
1484.0579710144928,1.3846202645906137e-06
1494.890510948905,1.5816608970402217e-08
1505.8823529411766,9.778095404428674e-07
1517.037037037037,6.562012251147718e-07
1528.358208955224,3.325214883706734e-08
1539.8496240601505,6.50292299161145e-07
1551.5151515151515,2.8578038254905244e-07
1563.3587786259543,5.8813867827567e-08
1575.3846153846155,3.982673319508837e-07
1587.596899224806,1.1324727623397111e-07
1600.0,6.980131714785052e-08
1612.5984251968505,2.2642404029832067e-07
1625.3968253968253,3.8242630463539675e-08
1638.3999999999999,6.30483970166897e-08
1651.6129032258063,1.240819597427453e-07
1665.040650406504,1.022380814920391e-08
1678.6885245901638,5.1781296838787135e-08
1692.5619834710744,6.15374417597527e-08
1706.6666666666667,1.6529056834776383e-09
1721.0084033613446,3.6646022622471394e-08
1735.5932203389832,3.0252584789179624e-08
1750.4273504273506,1.9904127304968607e-10
1765.5172413793102,2.395334671746839e-08
1780.8695652173913,1.2727841343141913e-08
1796.4912280701753,7.61507739613442e-10
1812.3893805309733,1.369806387486566e-08
1828.5714285714284,5.438698092152229e-09
1845.0450450450448,1.0379811883479796e-09
1861.8181818181815,8.456030915318768e-09
1878.8990825688072,1.861049175688193e-09
1896.2962962962965,1.1582456639085683e-09
1914.0186915887853,4.526511977397846e-09
1932.0754716981132,4.598730070676485e-10
1950.4761904761906,8.912255659655382e-10
1969.2307692307693,2.265254233421294e-09
1988.3495145631066,8.48485916159084e-11
2007.843137254902,5.258110050435316e-10
2027.7227722772277,1.2682997735828396e-09
2047.9999999999998,1.2877582808106248e-11
2068.686868686869,4.24882748863991e-10
2089.795918367347,5.553195810330606e-10
2111.340206185567,8.989516552451686e-12
2133.333333333333,2.534258973436251e-10
2155.789473684211,2.337329537004945e-10
2178.723404255319,1.4607287654115526e-11
2202.1505376344085,1.922313706448857e-10
2226.086956521739,7.156182475310062e-11
2250.5494505494507,5.878152746603689e-12
2275.5555555555557,1.3967531248499991e-10
2301.1235955056177,1.8582808315234723e-11
2327.272727272727,8.953364875394935e-12
2354.022988505747,8.277832964551224e-11
2381.3953488372094,1.4975847690852764e-12
2409.411764705882,3.1223536892037456e-13
2438.0952380952376,6.84615040063956e-11
2467.469879518072,4.618007471902889e-12
2497.560975609756,1.1287503713558754e-13
2528.395061728395,2.8337792748501866e-11
2560.0,8.64474504971178e-12
2592.4050632911394,2.087398566138268e-12
2625.6410256410254,1.0749460082142116e-11
2659.7402597402597,2.9401886782221608e-12
2694.7368421052633,1.0190432711027565e-12
2730.6666666666665,7.957110767904446e-12
2767.5675675675675,1.7610243399336998e-12
2805.4794520547944,3.0581059885135288e-12
2844.4444444444443,3.221291035442597e-12
2884.507042253521,1.6637394800516506e-12
2925.714285714286,6.549226503453818e-13
2968.1159420289855,3.183128546679253e-13
3011.764705882353,1.1899323887697262e-12
3056.716417910448,1.9865001744695294e-12
3103.030303030303,5.979902458677131e-13
3150.769230769231,4.669466438774619e-13
3200.0,1.0306356467920684e-12
3250.7936507936506,1.8315475090638909e-13
3303.2258064516127,6.473512760375918e-14
3357.3770491803275,4.614929048053575e-13
3413.3333333333335,6.883422652957876e-13
3471.1864406779664,2.252273881905785e-13
3531.0344827586205,1.6660473495866622e-13
3592.9824561403507,3.5397364366945176e-14
3657.142857142857,7.76783534803176e-14
3723.636363636363,5.68983982766033e-14
3792.592592592593,6.899726970929873e-14
3864.1509433962265,1.371768740624085e-13
3938.4615384615386,2.2559514194213718e-14
4015.686274509804,1.5354518536577296e-14
4095.9999999999995,1.6967189017339668e-14
4179.591836734694,1.2814340712578403e-13
4266.666666666666,6.043310226975369e-14
4357.446808510638,1.3631321469304215e-15
4452.173913043478,5.754749672664168e-15
4551.111111111111,1.8793087023399894e-15
4654.545454545454,8.992056258657202e-17
4762.790697674419,3.1094309572011805e-16
4876.190476190475,4.21757487503135e-17
4995.121951219512,1.572045194984795e-17
5120.0,2.0321423070571287e-17
5251.282051282051,1.2575944730929567e-18
5389.473684210527,2.8723061721722863e-18
5535.135135135135,9.692107735684423e-19
5688.888888888889,4.112919874137426e-19
5851.428571428572,2.543753847775246e-19
6023.529411764706,8.175542726281606e-20
6206.060606060606,6.278389208326918e-20
6400.0,2.240545086722817e-20
6606.451612903225,1.352904802307436e-20
6826.666666666667,8.493859165023013e-21
7062.068965517241,3.1698864908456358e-21
7314.285714285714,2.4133500124595433e-21
7585.185185185186,1.520411659761789e-21
7876.923076923077,5.503258963292805e-22
