"Wavelength, nm",Intensity
136.44237175216523,3.383713565826594e-26
136.53333333333333,4.6701007459722487e-26
136.62441627751835,6.1631145988196e-26
136.71562082777035,7.643452154516536e-26
136.80694722778892,8.717440155726394e-26
136.89839572192514,8.781738570718915e-26
136.98996655518394,1.2175396176755812e-25
137.08165997322624,1.7729189710687569e-25
137.17347622237108,3.878009823092136e-25
137.26541554959786,2.3764710670248152e-23
137.35747820254863,2.8045269098104177e-22
137.4496644295302,2.1340381796918388e-21
137.54197447951645,1.2496325082909055e-20
137.63440860215053,5.398000505838431e-20
137.72696704774717,1.8388905908877094e-19
137.81965006729476,5.383778876157439e-19
137.9124579124579,1.3747949441542943e-18
138.0053908355795,3.0679744497314946e-18
138.09844908968307,6.3490416311897445e-18
138.19163292847506,1.3090485379387183e-17
138.28494260634707,2.6806072272261844e-17
138.37837837837836,5.2267106797829614e-17
138.47194050033806,9.825144119918687e-17
138.5656292286874,1.841930341609872e-16
138.65944482058225,3.3702641261871645e-16
138.75338753387533,5.7681567449722055e-16
138.84745762711862,9.250723456366475e-16
138.94165535956583,1.4316596720091263e-15
139.03598099117448,2.1285594908925173e-15
139.1304347826087,2.925344166847018e-15
139.22501699524133,3.6573146800739204e-15
139.31972789115645,4.219894847382588e-15
139.4145677331518,4.447547701581886e-15
139.50953678474113,4.010958554653384e-15
139.60463531015677,2.8140568877413997e-15
139.69986357435198,1.333325336820941e-15
139.79522184300342,2.5601354328841046e-16
139.89071038251367,1.6342019040428906e-16
139.98632946001365,1.6855048864987537e-15
140.08207934336525,4.9709820278021694e-15
140.17796030116358,9.165610230591627e-15
140.27397260273972,1.3590195752780337e-14
140.37011651816314,1.834802088895404e-14
140.46639231824417,2.284283236268873e-14
140.56280027453673,2.5554022495307307e-14
140.65934065934067,2.6703923625810834e-14
140.75601374570448,2.9087779139190526e-14
140.85281980742778,3.467612906617665e-14
140.949759119064,4.252187020783823e-14
141.04683195592284,5.125637438288454e-14
141.14403859407307,6.050841886895828e-14
141.24137931034483,6.867182437713115e-14
141.33885438233264,7.304505100005693e-14
141.4364640883978,7.18639496504829e-14
141.53420870767104,6.419909177381956e-14
141.6320885200553,5.0873009591118186e-14
141.73010380622836,3.528729467297363e-14
141.8282548476454,2.0970512621862637e-14
141.92654192654192,1.0539777753818737e-14
142.0249653259362,5.700607296559734e-15
142.1235253296322,6.3002121267394875e-15
142.22222222222223,1.0106021511677693e-14
142.32105628908963,1.474214578233139e-14
142.42002781641168,1.8608146237008032e-14
142.51913709116212,2.101100719760141e-14
142.6183844011142,2.3636064727062422e-14
142.7177700348432,3.0422250999768785e-14
142.81729428172943,4.2209776950853675e-14
142.91695743196092,5.413572700991748e-14
143.0167597765363,6.496751525550142e-14
143.11670160726763,8.086298255288106e-14
143.21678321678323,1.035396757874258e-13
143.31700489853043,1.253995563659226e-13
143.4173669467787,1.4205953121392135e-13
143.5178696566223,1.5542804229911042e-13
143.61851332398317,1.6210062846373349e-13
143.71929824561403,1.6014231277316045e-13
143.8202247191011,1.5719197708145455e-13
143.92129304286718,1.465393323085517e-13
144.0225035161744,1.1192017218105384e-13
144.12385643912737,7.249111817614855e-14
144.22535211267606,5.4273068211232807e-14
144.32699083861874,6.662782038341964e-14
144.42877291960508,1.168499782072062e-13
144.530698659139,2.3197138797979637e-13
144.6327683615819,5.24437590573043e-13
144.73498233215545,9.378173876473016e-13
144.83734087694484,1.3437743121534377e-12
144.9398443029016,2.202170231337302e-12
145.04249291784703,3.3869058712640507e-12
145.14528703047483,4.042169507660074e-12
145.24822695035462,5.4422077910394675e-12
145.35131298793468,8.198007192398601e-12
145.45454545454544,9.696638909342402e-12
145.55792466240226,1.1938994811488843e-11
145.66145092460883,2.0345661837549983e-11
145.76512455516016,3.0179698583954305e-11
145.86894586894587,3.78029923528426e-11
145.9729151817534,6.313554745717995e-11
146.07703281027102,1.0946993992765547e-10
146.18129907209135,1.4723296539102853e-10
146.28571428571428,2.1494011551676287e-10
146.39027877055037,3.6195232661452394e-10
146.49499284692416,4.708061764627295e-10
146.59985683607732,5.434364615687096e-10
146.7048710601719,7.934105328750738e-10
146.8100358422939,1.0450926260961e-09
146.91535150645623,9.904847873135607e-10
147.0208183776023,1.0578687098631281e-09
147.1264367816092,1.3261931000634558e-09
147.23220704529115,1.1677035310330158e-09
147.33812949640287,8.467915636241627e-10
147.4442044636429,2.4979777528523725e-09
147.55043227665706,2.3322538862095907e-09
147.6568132660418,1.6987076151617625e-09
147.76334776334778,2.335676389397786e-09
147.87003610108303,2.372016360000822e-10
147.97687861271675,9.346458388217742e-10
148.08387563268258,1.49503672203152e-08
148.19102749638205,3.4315409484316824e-08
148.29833454018825,3.567771561835446e-08
148.40579710144928,4.76375945052774e-08
148.51341551849166,4.3000905536879196e-08
148.6211901306241,3.3244310996193056e-08
148.72912127814087,3.823143007468384e-08
148.8372093023256,7.493151359224332e-08
148.94545454545454,1.3522174518563759e-07
149.0538573508006,1.5225646269748017e-07
149.16241806263656,1.300718794389272e-07
149.27113702623907,1.711397750933499e-07
149.38001458789202,3.412058113293716e-07
149.4890510948905,5.320854960099223e-07
149.59824689554418,5.884171956688292e-07
149.70760233918128,6.676939197036063e-07
149.81711777615214,9.235276981639667e-07
149.9267935578331,1.2645343817839616e-06
150.03663003663004,1.59295231262618e-06
150.1466275659824,1.958520583454618e-06
150.25678650036684,2.4352640789628098e-06
150.36710719530103,3.1225420625439888e-06
150.47759000734754,4.167812936127866e-06
150.58823529411762,5.410037102850721e-06
150.69904341427517,6.891231803694191e-06
150.8100147275405,9.1035678530977e-06
150.92114959469419,1.196195894623529e-05
151.03244837758112,1.487295110399988e-05
151.1439114391144,1.8090557524374186e-05
151.25553914327915,2.2111854355831194e-05
151.3673318551367,2.6491697665334383e-05
151.47928994082838,3.1232052841265884e-05
151.59141376757958,3.697193446809829e-05
151.7037037037037,4.237784222286741e-05
151.81616011860638,4.571439154787829e-05
151.92878338278933,4.8573956097750874e-05
152.04157386785448,5.281929367959921e-05
152.15453194650817,5.720807671888337e-05
152.26765799256503,6.18620853143146e-05
152.38095238095235,7.061577405547517e-05
152.4944154877141,8.685451556149118e-05
152.6080476900149,0.00011292463344850237
152.72184936614468,0.00015132409977377105
152.8358208955224,0.00020414084200784765
152.9499626587005,0.00027516596314234746
153.0642750373692,0.0003682745265106507
153.1787584143605,0.0004798260658642148
153.29341317365268,0.0005995334287056503
153.40823970037454,0.0007198718363621959
153.5232383808096,0.000837793171778747
153.6384096024006,0.0009455162040149365
153.75375375375376,0.001024237472608074
153.86927122464311,0.0010584051143603399
153.98496240601503,0.0010515275131019785
154.10082768999246,0.0010106762763384752
154.2168674698795,0.0009359270139610942
154.33308214016577,0.0008405367046242672
154.4494720965309,0.0007484407073999999
154.56603773584905,0.000673445066051318
154.68277945619334,0.0006258075147192399
154.79969765684052,0.00060634552770831
154.91679273827532,0.0005900380286016252
155.0340651021953,0.0005520490326426749
155.15151515151516,0.0004841679247050756
155.2691432903715,0.00037780410403639623
155.38694992412746,0.00024317420394519295
155.50493545937738,0.00013471757598283745
155.62310030395136,0.00013632976053053541
155.74144486692012,0.0003569919984203151
155.8599695585997,0.0009238981313380031
155.97867479055597,0.0019337543460378646
156.09756097560975,0.0034190070605556694
156.21662852784135,0.005343255874254578
156.33587786259542,0.007582755481290481
156.45530939648586,0.009930046722432043
156.5749235474006,0.01214649697176171
156.69472073450652,0.014007790067577193
156.8147013782542,0.015342434207710176
156.93486590038313,0.01610419335381797
157.05521472392638,0.01641073556678675
157.17574827321565,0.016478600411703567
157.29646697388634,0.01652634214983923
157.4173712528824,0.016739684019118486
157.53846153846155,0.017270461613388983
157.65973826020013,0.018170196548632125
157.78120184899845,0.019297453264828304
157.9028527370856,0.020388644748146036
158.02469135802468,0.021248228490410116
158.14671814671814,0.021782066997387762
158.26893353941267,0.021933582285243218
158.39133797370457,0.02176630342645458
158.5139318885449,0.021517916623117018
158.63671572424477,0.021432535419590545
158.7596899224806,0.02164745790082949
158.88285492629947,0.022257494156184103
159.0062111801242,0.02327347786535761
159.12975912975912,0.02453024510238785
159.25349922239502,0.025832736372593063
159.37743190661476,0.027110177181569238
159.50155763239874,0.028338807139793233
159.62587685113016,0.029518625406073452
159.7503900156006,0.030733885571444897
159.87509758001562,0.03206169274380157
160.0,0.03352676351699483
160.12509773260362,0.03515410720699011
160.2503912363067,0.036872401534451954
160.37588097102582,0.038524588555199774
160.5015673981191,0.040073778746372364
160.62745098039213,0.04152796978277361
160.7535321821036,0.04281074017061558
160.87981146897093,0.04395611787880383
161.0062893081761,0.04506763982490999
161.13296616837135,0.04606490440176903
161.25984251968504,0.04686075677987241
161.38691883372735,0.04749515639064985
161.51419558359618,0.04790896893930409
161.64167324388316,0.04800585455733698
161.7693522906793,0.04781955348528041
161.89723320158103,0.047383565851258184
162.0253164556962,0.046685013401314965
162.15360253365006,0.04570550060143003
162.28209191759112,0.04444178011400283
162.41078509119745,0.042968849533969726
162.53968253968253,0.04129441686985398
162.66878474980143,0.039321248891936555
162.79809220985692,0.03710862059618803
162.92760540970565,0.03478650187538463
163.05732484076432,0.03236027683026101
163.18725099601593,0.029853183515927365
163.31738437001593,0.027319981799847293
163.44772545889865,0.02478822151407189
163.57827476038338,0.022314545150941358
163.709032773781,0.019922459222634886
163.84,0.0176322200116128
163.97117694155327,0.015510082865442476
164.1025641025641,0.01354305298743432
164.23416198877305,0.011705799088187013
164.3659711075441,0.010053125050275443
164.49799196787149,0.008591566676293731
164.63022508038586,0.007288023402440121
164.76267095736122,0.006137436146037289
164.89533011272144,0.005126000938859562
165.02820306204674,0.0042587255884992846
165.16129032258064,0.003537673332617475
165.29459241323647,0.002917606266401337
165.4281098546042,0.0023839268187041776
165.56184316895713,0.0019481242902252153
165.6957928802589,0.0015842979749430847
165.82995951417004,0.0012754184240505106
165.9643435980551,0.0010250633557578848
166.09894566098947,0.0008204923500478859
166.23376623376623,0.0006539033983186353
166.36880584890332,0.0005241062483293213
166.5040650406504,0.00041728201621665345
166.63954434499593,0.0003269098778370918
166.77524429967426,0.00025722614342033295
166.9111654441728,0.00020370226321463303
167.047308319739,0.00015889888412382654
167.18367346938777,0.0001216327924328549
167.3202614379085,9.230831850523488e-05
167.45707277187245,7.089656406382825e-05
167.59410801963992,5.5789168618426016e-05
167.7313677313677,4.3498502140672714e-05
167.86885245901638,3.28005076494333e-05
168.00656275635768,2.4517151281501035e-05
168.14449917898193,1.8438773787982638e-05
168.28266228430567,1.3977373480970638e-05
168.42105263157896,1.0587823051286771e-05
168.559670781893,7.756225560575861e-06
168.6985172981878,5.671768768561625e-06
168.83759274525966,4.289582597552575e-06
168.97689768976898,3.1879573785019657e-06
169.11643270024774,2.3653192428292797e-06
169.25619834710741,1.750622789333084e-06
169.39619520264682,1.209084499526515e-06
169.53642384105962,8.763011566859598e-07
169.67688483844242,7.072904055916314e-07
169.81757877280262,5.17544407086509e-07
169.95850622406635,3.2976547286470397e-07
170.09966777408638,1.6145770759878962e-07
170.24106400665005,9.673632653219163e-08
170.3826955074875,1.2933296783770986e-07
170.52456286427974,1.1615129654899243e-07
170.66666666666666,4.2977987238854525e-08
170.8090075062552,2.4746063104294792e-08
170.9515859766277,3.027997020602818e-08
171.09440267335003,2.58138637215179e-08
171.23745819397996,2.7450961566065756e-08
171.3807531380753,3.1079082246319957e-08
171.52428810720266,1.604718290675208e-08
171.66806370494552,5.0174531023387606e-09
171.81208053691276,7.038533956024267e-09
171.95633921074725,1.0127724305517375e-08
172.10084033613444,1.978425435071225e-08
172.24558452481077,2.3120386499175617e-09
172.3905723905724,5.057368380194891e-09
172.5358045492839,2.610550377136112e-09
172.681281618887,1.2386783859025907e-08
172.82700421940928,2.8180276516169608e-09
172.97297297297297,2.6133517605652715e-09
173.11918850380385,2.744522187244685e-12
173.26565143824024,8.190790803097843e-09
173.41236240474177,7.877730791196646e-09
173.55932203389833,1.55161148707076e-09
173.70653095843934,1.0380018022644326e-08
173.85398981324278,3.302107307637618e-09
174.0016992353441,3.3349395773192973e-09
174.14965986394557,6.176970736887158e-10
174.2978723404255,1.2470863316344348e-10
174.44633730834755,1.4008403984887975e-09
174.59505541346974,8.298190555191276e-09
174.74402730375425,4.376458749853538e-09
174.8932536293766,7.540678165410828e-09
175.04273504273505,5.643328076776394e-10
175.1924721984602,3.95639574394414e-09
175.34246575342465,4.488713933087552e-09
175.49271636675235,6.617081545478716e-09
175.6432246998285,1.0011573889226277e-08
175.79399141630904,2.8538437957859e-09
175.94501718213058,6.901328769157063e-09
176.0963026655202,7.069861632546032e-09
176.24784853700515,6.867004751351289e-10
176.3996554694229,1.6981257252083685e-09
176.55172413793102,4.802849840416617e-10
176.70405522001724,3.4997286849595704e-09
176.85664939550952,1.8456296681601478e-09
177.00950734658602,5.041065432144522e-09
177.16262975778545,2.3779878159572277e-09
177.3160173160173,2.53468480262758e-09
177.46967071057193,6.75942517178576e-09
177.62359063313096,9.553767807348513e-09
177.77777777777777,2.7082098654287958e-09
177.93223284100782,6.0058087320421955e-09
178.08695652173913,4.991920164807658e-10
178.24194952132288,9.160638706247619e-10
178.397212543554,1.833773007436737e-08
178.55274629468178,8.931952036262726e-09
178.70855148342056,1.970266366001282e-09
178.86462882096066,4.884185382245124e-09
179.02097902097898,1.2878813574804622e-08
179.17760279965006,1.8370694359875401e-09
179.33450087565674,1.2328698402537743e-08
179.4916739702016,2.635352234814531e-09
179.64912280701753,3.2164370723558046e-10
179.80684811237927,7.69676270916789e-09
179.96485061511424,1.3073893570990946e-08
180.12313104661388,7.640336211488978e-10
180.28169014084506,1.2423683326238902e-09
180.44052863436124,4.650873783201163e-09
180.59964726631395,2.9862064401786384e-09
180.75904677846424,4.404107799156477e-09
180.91872791519435,6.080843359146623e-09
181.07869142351902,3.0399970405731132e-09
181.23893805309734,3.813706025027011e-09
181.39946855624444,1.0200258703913363e-09
181.56028368794324,1.973154202531051e-09
181.72138420585628,5.520775611345235e-09
181.88277087033748,1.1362974990392942e-08
182.04444444444445,8.121077751102552e-09
182.20640569395016,1.2970746998651437e-09
182.3686553873553,1.887374800062493e-09
182.53119429590015,4.433524075447791e-09
182.69402319357712,1.2827509542204075e-09
182.85714285714286,2.2110186605040217e-09
183.0205540661305,1.3587230227975898e-09
183.18425760286226,1.2256525779099798e-09
183.34825425246197,6.23464003048843e-09
183.51254480286738,8.802288144912647e-09
183.67713004484304,1.1334509555510901e-08
183.84201077199282,4.0639143704742614e-10
184.00718778077265,3.878650523335542e-10
184.1726618705036,1.3889584705305492e-09
184.33843384338437,6.988260465248684e-10
184.5045045045045,3.2513822690136e-09
184.67087466185754,1.9129250812859477e-09
184.83754512635377,1.0244526597390882e-08
185.0045167118338,2.8183675925290678e-09
185.17179023508135,1.3369206551490375e-08
185.33936651583707,7.328104603524084e-09
185.5072463768116,6.440727704061015e-09
185.675430643699,5.501185441565729e-09
185.84392014519057,4.57559267484272e-10
186.01271571298818,8.420350846841699e-10
186.1818181818182,5.6028985038623765e-09
186.3512283894449,8.961185063576046e-10
186.52094717668484,6.101818074513638e-09
186.69097538742025,3.3431559559649663e-09
186.86131386861314,2.6322298946903588e-09
187.03196347031962,2.907064982964808e-09
187.20292504570384,6.008756289310142e-09
187.37419945105214,1.1950916945266905e-08
187.54578754578753,1.1805777644564424e-09
187.71769019248396,6.756902859754308e-09
187.88990825688072,1.2688313300496131e-08
188.06244260789717,4.596386900754685e-09
188.23529411764707,2.392043504278928e-09
188.40846366145354,9.548865073900592e-10
188.5819521178637,7.04540144814061e-09
188.75576036866357,3.971388134717065e-09
188.92988929889296,5.811969752192181e-09
189.10433979686056,1.039121080164988e-08
189.27911275415894,1.8314930909123725e-09
189.45420906567992,9.411521291984911e-10
189.62962962962962,3.911579879897967e-09
189.80537534754404,1.426046858438424e-09
189.98144712430428,2.0093894339807304e-10
190.15784586815226,5.564872817345328e-09
190.3345724907063,1.4879948535504021e-08
190.51162790697674,1.1023828711725709e-08
190.68901303538178,4.094981808647169e-09
190.8667287977633,1.6283610070777976e-09
191.044776119403,5.442727389917407e-10
191.22315592903828,5.179952737572916e-09
191.4018691588785,4.270478779762798e-09
191.5809167446211,2.027358653489611e-09
191.76029962546815,1.6820022995070214e-10
191.94001874414244,1.7741774872459606e-09
192.12007504690433,6.307664502949141e-10
192.3004694835681,1.657549248309865e-09
192.48120300751881,1.4324486401981496e-09
192.66227657572907,1.2284727154870431e-09
192.8436911487759,8.331646759411754e-10
193.02544769085767,3.777761976305454e-09
193.2075471698113,3.5435076060534897e-09
193.38999055712932,8.22358889086451e-10
193.57277882797732,5.3106875566530766e-09
193.75591296121098,3.4038911053640755e-09
193.93939393939394,8.667922454742704e-09
194.12322274881518,3.2988923692825676e-09
194.30740037950665,2.2408407087146556e-09
194.49192782526114,1.118804427006031e-08
194.67680608365018,1.2650803857400771e-08
194.86203615604185,1.0045538056523663e-08
195.04761904761907,6.624836513989325e-09
195.23355576739752,2.8955309632313746e-10
195.4198473282443,1.9962190527504426e-09
195.6064947468959,3.741423942803107e-10
195.79349904397705,2.2329281935445753e-09
195.9808612440191,3.1098075144052927e-10
196.1685823754789,3.3631386725089133e-09
196.35666347075744,2.0368864462329166e-09
196.5451055662188,2.416876334725816e-10
196.73390970220942,7.626573669457073e-10
196.92307692307693,5.597690739735394e-10
197.1126082771896,1.1997841368776374e-09
197.30250481695566,2.635801242976365e-09
197.4927675988428,2.377604642652816e-09
197.68339768339766,4.844159538594317e-09
197.8743961352657,1.0110472146291741e-09
198.06576402321085,1.7039556400305563e-09
198.25750242013552,7.496788031092827e-10
198.44961240310076,3.6865945370337914e-10
198.64209505334625,8.583951589850162e-10
198.83495145631065,2.4246210314368037e-09
199.02818270165207,4.158283254703486e-09
199.22178988326846,2.1944301339966298e-10
199.4157740993184,1.2100179944547809e-08
199.61013645224173,2.124938289269731e-08
199.8048780487805,6.891038629287538e-09
200.0,5.852975675115124e-10
200.19550342130987,8.213247315614657e-10
200.3913894324853,8.470737821454915e-10
200.58765915768853,1.0005802494551814e-10
200.78431372549022,5.881982831278317e-10
200.9813542688911,2.642269282677357e-10
201.17878192534383,2.015836730326197e-09
201.37659783677483,3.977202204146874e-10
201.5748031496063,2.0194881537197756e-09
201.77339901477833,1.2736624236747943e-09
201.9723865877712,4.959938407225989e-09
202.1717670286278,7.061142009280894e-09
202.3715415019763,2.8547648199145387e-09
202.57171117705244,1.1230183870471186e-09
202.77227722772278,8.735017282389369e-10
202.97324083250743,4.2001905345420984e-10
203.17460317460316,4.218732884187744e-09
203.37636544190661,1.3496535412899464e-08
203.57852882703776,5.601209688708129e-09
203.78109452736314,1.6735868896080453e-10
203.98406374501994,6.439937368244419e-10
204.1874376869392,2.837447884419236e-10
204.39121756487026,1.7305769596765616e-09
204.5954045954046,2.469376258628145e-09
204.79999999999998,1.7045117769983446e-09
205.005005005005,9.277930701371492e-10
205.21042084168334,1.1272671385488692e-09
205.41624874623875,3.889399538204146e-09
205.62248995983938,5.041436851671161e-10
205.8291457286432,1.4569165431202484e-09
206.03621730382292,1.7051992653661643e-09
206.24370594159112,3.3101322195819938e-09
206.4516129032258,1.4221964799519798e-09
206.65993945509584,8.590478157604491e-10
206.86868686868684,2.696684316323331e-10
207.07785642062692,3.749895943727049e-11
207.28744939271257,3.00236787323918e-10
207.49746707193518,1.5078050087541046e-09
207.7079107505071,5.076746979916928e-09
207.9187817258883,1.5320275595048913e-09
208.130081300813,9.340645393038466e-10
208.34181078331636,1.949689675181392e-09
208.55397148676167,2.805510216213818e-09
208.7665647298675,1.41631367331163e-11
208.9795918367347,2.5184433066406312e-09
209.19305413687437,4.49484235136093e-09
209.40695296523518,8.816793172734965e-09
209.6212896622313,3.2502966610169514e-09
209.83606557377047,5.301236886197912e-10
210.05128205128204,1.7967054507588577e-10
210.26694045174537,8.524353653451414e-10
210.48304213771837,3.338798839950856e-10
210.69958847736626,3.488261937743098e-10
210.91658084449023,2.921511168861535e-09
211.1340206185567,8.875092494871197e-09
211.3519091847265,4.979900090090446e-09
211.5702479338843,6.4432795573289195e-09
211.78903826266804,7.2144375978022024e-09
212.00828157349895,4.096337941288219e-09
212.22797927461139,1.1582347302420883e-09
212.448132780083,1.989977454611947e-09
212.668743509865,3.1578846921790058e-09
212.88981288981287,5.219025576573427e-09
213.11134235171693,1.8390037270474605e-09
213.33333333333334,2.596377438588398e-10
213.555787278415,2.590260668339241e-09
213.7787056367432,4.4470250424491e-09
214.00208986415882,1.8017929235869174e-09
214.22594142259413,2.8740963689474933e-09
214.4502617801047,6.295484342612616e-09
214.67505241090146,3.6699371551626135e-09
214.900314795383,1.8781860445639718e-09
215.12605042016807,9.994068957142664e-10
215.35226077812828,4.421733316038047e-09
215.57894736842104,3.2996685854198478e-09
215.80611169652263,5.976935478424847e-09
216.03375527426158,1.8538510292820223e-09
216.26187961985215,2.87448877318298e-09
216.49048625792813,2.2777317619894634e-09
216.7195767195767,6.7370323139880946e-09
216.9491525423729,5.641099498781118e-09
217.17921527041358,8.877518492868813e-11
217.40976645435242,2.7090132416850727e-09
217.64080765143464,2.331959710113932e-09
217.87234042553192,1.5459563594677486e-09
218.10436634717786,3.309042104685403e-09
218.33688699360337,6.415602227672994e-09
218.5699039487727,1.0987013964191202e-09
218.80341880341882,6.56959478827083e-10
219.0374331550802,6.265450835073734e-09
219.27194860813702,1.1218864537172508e-08
219.5069667738478,2.1067499771464336e-09
219.74248927038627,4.258659804587435e-09
219.97851772287862,2.0261016635724397e-10
220.21505376344086,6.542877050594628e-10
220.45209903121636,4.341356907636527e-09
220.68965517241378,3.1211791354138258e-09
220.92772384034518,1.7750001770218224e-09
221.16630669546436,2.2618467238214146e-09
221.4054054054054,5.949716795538208e-09
221.64502164502164,1.7226848596663468e-09
221.88515709642468,3.101751153373437e-10
222.12581344902384,4.271462879712335e-09
222.36699239956567,1.1725788558855491e-08
222.6086956521739,9.094062567087485e-09
222.85092491838955,1.7036645139898922e-09
223.09368191721134,2.5349878913088364e-09
223.3369683751363,5.949387338986257e-09
223.58078602620085,3.4401360950593388e-09
223.82513661202185,8.029889771302886e-11
224.07002188183807,2.3701560542685894e-10
224.31544359255204,2.774919157369687e-10
224.56140350877192,3.2397772027229273e-09
224.80790340285398,3.178364867611416e-09
225.05494505494505,4.717785245444832e-09
225.30253025302528,1.3504197633857393e-09
225.55066079295153,1.1771901671122842e-09
225.79933847850054,2.0055610486063357e-09
226.0485651214128,1.9556736610294162e-09
226.29834254143645,1.7512988993497459e-09
226.54867256637166,5.25559444556025e-09
226.79955703211516,3.5596520048996116e-09
227.0509977827051,3.7021930439044595e-10
227.30299667036624,8.857971268132948e-10
227.55555555555554,3.340553527693861e-10
227.80867630700777,9.100420951595307e-10
228.06236080178175,1.1759867784779133e-09
228.31661092530658,9.838025616720413e-10
228.57142857142856,9.569670616827927e-10
228.82681564245812,3.284954046460287e-11
229.082774049217,4.3866679039369896e-10
229.33930571108624,1.955300319764815e-09
229.59641255605382,3.266352029147067e-09
229.8540965207632,5.227562877416844e-10
230.1123595505618,9.58789960803241e-10
230.37120359955006,4.779889987869636e-09
230.6306306306306,5.3274778765475565e-09
230.89064261555805,1.4724260895269034e-09
231.1512415349887,4.951402448004288e-10
231.41242937853107,3.8814340484414415e-09
231.67420814479635,3.3412315162772756e-10
231.9365798414496,1.1349875671767022e-09
232.19954648526078,3.683852081385575e-09
232.46311010215663,7.708694116476827e-09
232.7272727272727,5.52970953473101e-10
232.9920364050057,6.957813916064803e-11
233.25740318906605,1.0813326659387676e-08
233.52337514253134,8.50838149503326e-09
233.78995433789953,4.695734821195244e-10
234.05714285714288,1.53147436588838e-09
234.32494279176203,4.558997836755805e-09
234.59335624284074,1.8810155640365833e-09
234.8623853211009,6.555743489853373e-09
235.13203214695753,1.9791006709869484e-08
235.4022988505747,1.9674420192940016e-08
235.67318757192174,2.8325305011097358e-08
235.9447004608295,4.996511604678968e-08
236.2168396770473,7.180207427795237e-08
236.48960739030022,8.191630034338409e-08
236.76300578034682,9.335806202395316e-08
237.03703703703707,1.8094886748449028e-07
237.3117033603708,3.4371235234389046e-07
237.58700696055683,4.5314348519428144e-07
237.862950058072,5.965681839624256e-07
238.13953488372093,9.282246914676891e-07
238.41676367869616,1.3652467430228313e-06
238.69463869463866,1.8554633430593914e-06
238.97316219369893,2.5900608558951503e-06
239.25233644859816,3.7853909453221074e-06
239.53216374269007,5.451918384994528e-06
239.81264637002343,7.57495525616722e-06
240.0937866354044,1.0520795813926838e-05
240.37558685446012,1.4761175890570434e-05
240.65804935370153,2.101246701663641e-05
240.94117647058823,2.9730732060225595e-05
241.2249705535924,4.067788118783391e-05
241.50943396226415,5.615567262272137e-05
241.79456906729635,7.903420443682744e-05
242.080378250591,0.00010873906443290209
242.3668639053254,0.00014834592121635003
242.65402843601896,0.0002040501161116763
242.94187425860022,0.00027952941341940975
243.23040380047507,0.00038219709541309976
243.51961950059456,0.0005188553876861521
243.80952380952382,0.0006994818946705529
244.1001191895113,0.0009443568710373068
244.39140811455846,0.001264421661941051
244.68339307048984,0.001684426292085059
244.97607655502392,0.0022497023384076844
245.2694610778443,0.002978831974009614
245.56354916067144,0.003922213582050187
245.85834333733493,0.005168140959080468
246.15384615384616,0.006757380062823322
246.4500601684717,0.008774817439215325
246.7469879518072,0.011361504303396995
247.04463208685164,0.014630053918009579
247.34299516908212,0.018732409161709006
247.6420798065296,0.023837112002971315
247.9418886198547,0.03016927527492932
248.24242424242422,0.037978674356209795
248.54368932038832,0.04740637562824173
248.8456865127582,0.05884321991163271
249.14841849148416,0.07267387231415313
249.45188794153472,0.08887879007748994
249.75609756097558,0.10788421688307036
250.06105006105005,0.1301182059503187
250.36674816625916,0.155388775255717
250.6731946144431,0.1840034821091238
250.98039215686276,0.21602476960365474
251.2883435582822,0.25093039653471266
251.5970515970516,0.2885710152853398
251.90651906519062,0.3280078759858123
252.21674876847288,0.3685289639698553
252.52774352651045,0.4096888332082616
252.8395061728395,0.44912499649301607
253.15203955500616,0.4859673206277931
253.46534653465346,0.5198383512373215
253.7794299876084,0.5474344905704132
254.09429280397023,0.5679699816137121
254.40993788819875,0.5820790378663647
254.726368159204,0.5896725101571025
255.04358655043586,0.5949915476335182
255.36159600997507,0.6039251699284768
255.6803995006242,0.6246974492467203
255.99999999999997,0.6676830430767832
256.3204005006258,0.740887946069244
256.64160401002505,0.8604366729568488
256.9636135508155,1.0474116646655391
257.286432160804,1.322309665970607
257.61006289308176,1.7191986308748066
257.9345088161209,2.2721513836157223
258.2597730138714,3.006599768230281
258.5858585858586,3.934001872703514
258.91276864728195,5.0165787415299326
259.24050632911394,6.222110049885752
259.5690747782003,7.593910610259647
259.8984771573604,9.181576714270669
260.22871664548916,10.989877584508376
260.55979643765903,12.994372682291083
260.89171974522293,15.13595365039082
261.2244897959184,17.338643812938976
261.5581098339719,19.502492966804652
261.89258312020456,21.500905635775993
262.2279129321382,23.25440230511731
262.56410256410254,24.71443089571133
262.9011553273428,25.82756374071552
263.2390745501285,26.615288237728674
263.5778635778636,27.137397448648134
263.91752577319585,27.40470437262231
264.258064516129,27.474678797951096
264.59948320413434,27.505981082855133
264.9417852522639,27.643367783612796
265.2849740932642,27.961560021085923
265.6290531776913,28.497483025635876
265.974025974026,29.25535586115957
266.3198959687906,30.211140156552585
266.66666666666663,31.331439346570154
267.01434159061273,32.580556698141415
267.3629242819843,33.905849611763415
267.7124183006536,35.2299270239629
268.0628272251309,36.47260364491899
268.41415465268676,37.53540490406669
268.76640419947506,38.272207612265404
269.119579500657,38.55458015728927
269.47368421052636,38.335928204439526
269.82872200263506,37.611270799044256
270.1846965699208,36.395069293624836
270.5416116248349,34.73714671060494
270.8994708994709,32.701524667620866
271.25827814569533,30.370220050708145
271.6180371352785,27.85129769794005
271.97875166002655,25.24151037728243
272.3404255319149,22.623794521716484
272.70306258322233,20.07963928872079
273.06666666666666,17.66853414822727
273.4312416555407,15.426580189550734
273.7967914438503,13.356400740691742
274.1633199464525,11.424665046336324
274.5308310991957,9.632343484420998
274.8993288590604,8.027355676291766
275.26881720430106,6.6267558234135215
275.6393001345895,5.416641892613197
276.010781671159,4.393151852456856
276.3832658569501,3.542801313614422
276.7567567567567,2.8381457024847023
277.1312584573748,2.260483263472645
277.50677506775065,1.7923930101091536
277.88331071913166,1.4128571271416994
278.2608695652174,1.1072818815361796
278.6394557823129,0.8639768811772022
279.01907356948226,0.6707206961160536
279.39972714870396,0.5184457552125861
279.78142076502735,0.3997013988437977
280.1641586867305,0.30731686286603077
280.54794520547944,0.23572328825268854
280.93278463648835,0.18043553271669077
281.31868131868134,0.13781040787840196
281.70563961485556,0.10505106171998965
282.0936639118457,0.07978943005733541
282.48275862068965,0.060401183417705326
282.8729281767956,0.04567647687999572
283.2641770401106,0.03437491136479181
283.6565096952908,0.02573634418384646
284.0499306518724,0.019277709193948916
284.44444444444446,0.01436679340326042
284.84005563282335,0.010624956448354483
285.2367688022284,0.0078735791269461
285.63458856345886,0.005809218598887024
286.0335195530726,0.004237914473608959
286.43356643356645,0.0030987340124628577
286.8347338935574,0.002259531798712033
287.23702664796633,0.001621825677260462
287.6404494382022,0.0011641293903278623
288.0450070323488,0.0008378939480311291
288.4507042253521,0.0005957768547806823
288.85754583921016,0.00042161342813677217
289.2655367231638,0.0002973104590595099
289.6746817538897,0.0002072767054525686
290.08498583569406,0.00014429298091686907
290.49645390070924,0.0001005061178030815
290.9090909090909,7.00834781001153e-05
291.32290184921766,4.873537128533586e-05
291.73789173789174,3.289922182968441e-05
292.15406562054204,2.2007059422453274e-05
292.57142857142856,1.50812557878342e-05
292.9899856938483,1.0116333132260002e-05
293.4097421203438,6.665626537625779e-06
293.83070301291247,4.48929444185725e-06
294.2528735632184,2.9455503530233426e-06
294.67625899280574,1.954953757091254e-06
295.1008645533141,1.3745275012629104e-06
295.52669552669556,8.772397507591121e-07
295.9537572254335,5.221778343232922e-07
296.3820549927641,3.3938772568194557e-07
296.81159420289856,2.2332412439253028e-07
297.2423802612482,1.523379702060427e-07
297.6744186046512,1.1045441524697613e-07
298.1077147016012,7.154048647648674e-08
298.54227405247815,5.483813863385636e-08
298.978102189781,4.4415263277268267e-08
299.41520467836256,1.8848545098929335e-08
299.8535871156662,9.460270977291881e-09
300.2932551319648,8.932060794111135e-09
300.73421439060206,5.560689237473951e-09
301.17647058823525,2.8416383535211197e-09
301.620029455081,2.480588885440953e-10
302.06489675516224,5.933933159147746e-10
302.5110782865583,1.1613421263372594e-09
302.95857988165676,1.206688776364929e-09
303.4074074074074,9.152923466450561e-10
303.85756676557867,1.585861364334954e-09
304.30906389301634,2.330380604925288e-09
304.7619047619047,9.912988461811573e-10
305.2160953800298,3.506601460722812e-10
305.6716417910448,1.1943425653895063e-09
306.1285500747384,2.658541286922404e-10
306.58682634730536,9.426086581373242e-10
307.0464767616192,4.5029094272782975e-10
307.5075075075075,3.3053327931290054e-10
307.96992481203006,1.300014770992649e-09
308.433734939759,4.865854438205785e-10
308.8989441930618,8.863269157656962e-10
309.3655589123867,1.1584939458390261e-09
309.83358547655064,1.3943888745276534e-09
310.3030303030303,2.1958700301218132e-10
310.7738998482549,9.259482657022045e-10
311.2462006079027,4.1243971206619804e-10
311.7199391171994,1.2047327165818162e-10
312.1951219512195,2.4887155034085116e-10
312.67175572519085,6.533759756056135e-10
313.1498470948012,1.5801302400246378e-10
313.6294027565084,1.4068118484932491e-09
314.11042944785277,7.478530657566693e-10
314.5929339477727,5.840572285015503e-10
315.0769230769231,1.0406500639152536e-09
315.5624036979969,8.79716131045001e-10
316.04938271604937,6.319813482534161e-10
316.53786707882534,1.412596011835847e-10
317.0278637770898,6.944445960185382e-10
317.5193798449612,4.006132826449013e-10
318.0124223602484,7.784918291923433e-10
318.50699844479004,6.099600906883228e-11
319.0031152647975,5.679678943823832e-10
319.5007800312012,6.143373787096015e-10
320.0,2.9928276385194485e-10
320.5007824726134,6.667190961650798e-11
321.0031347962382,3.7433016364451087e-10
321.5070643642072,1.8057764795423238e-09
322.0125786163522,4.583851604970609e-10
322.5196850393701,7.599566196943467e-10
323.02839116719235,3.7495729508612513e-10
323.5387045813586,4.1563755282001765e-10
324.0506329113924,1.719349391096156e-09
324.56418383518223,2.3120467600880887e-09
325.07936507936506,1.768402197910125e-09
325.59618441971384,1.372874424240353e-09
326.11464968152865,9.288055971968354e-10
326.63476874003186,3.1081307900251e-10
327.15654952076676,6.777744398802552e-10
327.68,4.546633073328027e-10
328.2051282051282,5.83343734900508e-10
328.7319422150882,1.1325020651124982e-10
329.2604501607717,2.6953739297293845e-10
329.7906602254429,1.6290788263582134e-10
330.3225806451613,6.19638544559449e-10
330.8562197092084,1.2119896168112717e-09
331.3915857605178,1.2220052036475672e-09
331.9286871961102,1.7062405667843965e-09
332.46753246753246,1.57524124921066e-10
333.0081300813008,1.979269926176287e-10
333.5504885993485,5.026567629151037e-10
334.094616639478,7.225855085429931e-10
334.640522875817,1.0334478598156965e-09
335.18821603927984,8.684249012577126e-10
335.73770491803276,6.350196199678877e-10
336.28899835796386,1.6020530814540461e-09
336.8421052631579,4.474524599075885e-10
337.3970345963756,3.2111052967508524e-10
337.95379537953795,1.3707337805492887e-10
338.51239669421483,8.900834211338265e-10
339.07284768211923,1.8017598227532276e-10
339.63515754560524,8.857635737654686e-10
340.19933554817277,1.8896091703866298e-10
340.765391014975,8.497143478113145e-10
341.3333333333333,1.442272132885934e-09
341.9031719532554,5.963604166559568e-11
342.4749163879599,5.051874665985222e-10
343.04857621440533,1.4563859292397642e-09
343.6241610738255,6.637862168740754e-10
344.2016806722689,1.8537317385948983e-09
344.7811447811448,7.010227551807889e-10
345.362563237774,7.637833734762282e-10
345.94594594594594,1.4341891218592501e-09
346.5313028764805,1.4856192521936497e-09
347.11864406779665,3.045513647861836e-10
347.70797962648555,6.256731296725449e-10
348.29931972789115,3.337582731573829e-10
348.8926746166951,8.670823601309831e-10
349.4880546075085,5.869717241398668e-10
350.0854700854701,1.3176998891699512e-09
350.6849315068493,1.773746180780906e-09
351.286449399657,5.892745598474311e-11
351.89003436426117,1.062392788416033e-09
352.4956970740103,2.783375893644101e-10
353.10344827586204,2.76179438948398e-10
353.71329879101904,4.685772788238041e-10
354.3252595155709,2.9293183447310063e-10
354.93934142114387,2.537373116665109e-10
355.55555555555554,3.4316485343957185e-10
356.17391304347825,8.552591778865974e-11
356.794425087108,3.6452464175445555e-10
357.4171029668411,3.288709129247118e-11
358.04195804195797,1.137150242883212e-10
358.6690017513135,4.133371602785681e-11
359.29824561403507,6.19763699145567e-11
359.9297012302285,4.467342027841092e-11
360.5633802816901,6.860919180152659e-11
361.1992945326279,1.892896112210936e-10
361.8374558303887,9.109801631909939e-11
362.4778761061947,1.2859155011335272e-10
363.1205673758865,5.451222808994853e-11
363.76554174067496,2.0991485037551225e-11
364.4128113879003,1.2863299372742744e-09
365.0623885918003,1.2810976306342933e-09
365.7142857142857,7.396148601331563e-11
366.3685152057245,1.5663503102635363e-10
367.02508960573476,5.890506277635638e-10
367.68402154398564,1.5131951028222259e-09
368.3453237410072,1.557133397204207e-09
369.009009009009,4.160646557026499e-10
369.67509025270755,2.9130770694230115e-10
370.3435804701627,5.780352595576636e-10
371.0144927536232,1.8737773935880138e-10
371.68784029038113,2.4264897648038157e-11
372.3636363636364,8.696142427735185e-10
373.0418943533697,5.4717888735733e-10
373.7226277372263,2.3268687732800733e-10
374.4058500914077,5.71751816284364e-11
375.09157509157507,9.001253742999886e-10
375.77981651376143,1.0013671224708623e-09
376.47058823529414,1.8255637154203211e-10
377.1639042357274,1.5817283802165167e-11
377.8597785977859,2.0737930741346122e-10
378.5582255083179,5.702494949262689e-10
379.25925925925924,1.0234637285441531e-10
379.96289424860856,3.96312497550974e-10
380.6691449814126,1.1738391726409338e-10
381.37802607076355,4.4672537538056956e-10
382.089552238806,4.193163992181301e-10
382.803738317757,5.533969871946456e-10
383.5205992509363,9.057315126159083e-10
384.24015009380867,1.4544795944375633e-10
384.96240601503763,1.9184016274179635e-10
385.6873822975518,2.06239782930425e-10
386.4150943396226,6.718040112907143e-10
387.14555765595463,1.0964353854568122e-10
387.8787878787879,3.016112393535279e-10
388.6148007590133,6.468479657814859e-10
389.35361216730035,4.168012801365273e-10
390.09523809523813,1.4624955527230146e-09
390.8396946564886,1.089517202919389e-09
391.5869980879541,6.478460835897218e-10
392.3371647509578,1.911445790762379e-10
393.0902111324376,8.856703495985491e-11
393.84615384615387,8.15355157653789e-10
394.6050096339113,8.948546785698247e-10
395.3667953667953,3.4174380177153014e-10
396.1315280464217,3.0048457078892415e-10
396.8992248062015,1.4821141299123918e-10
397.6699029126213,7.449970111882358e-10
398.4435797665369,1.1761679200287995e-09
399.22027290448347,2.125830874441073e-10
400.0,4.958282360396493e-12
400.7827788649706,4.5654695075787627e-10
401.56862745098044,1.953578277473999e-10
402.35756385068765,8.242269136707079e-10
403.1496062992126,6.136639676799891e-10
403.9447731755424,4.770688191802286e-11
404.7430830039526,3.742688886914275e-10
405.54455445544556,4.840162142162252e-10
406.3492063492063,4.709863196335554e-10
407.1570576540755,2.599096445099799e-10
407.9681274900399,6.983066462340822e-11
408.7824351297405,7.103131550879452e-10
409.59999999999997,4.808647571467421e-10
410.4208416833667,9.155528655780978e-10
411.24497991967877,3.3505666894570814e-10
412.07243460764585,2.3317473449472227e-11
412.9032258064516,1.3197888251884775e-10
413.7373737373737,5.883717466106181e-10
414.57489878542515,3.3289140995024886e-10
415.4158215010142,1.0998949982160406e-10
416.260162601626,4.952814597235502e-10
417.10794297352334,1.3330497180402778e-10
417.9591836734694,3.711864658475888e-10
418.81390593047036,1.4411061061759149e-10
419.67213114754094,1.081928698369011e-10
420.53388090349074,5.990256319843738e-10
421.3991769547325,3.9550737119931235e-10
422.2680412371134,1.4090140936508054e-10
423.1404958677686,3.443117703045714e-10
424.0165631469979,1.1911434638658302e-09
424.896265560166,2.748063091447486e-10
425.77962577962575,1.677103979504764e-11
426.6666666666667,6.271772452919546e-11
427.5574112734864,1.474863345077097e-10
428.45188284518827,1.0020171676114284e-10
429.3501048218029,2.4378306115030915e-10
430.25210084033614,2.0734519755339518e-10
431.1578947368421,7.773729085930576e-12
432.06751054852316,6.388350404825887e-10
432.98097251585625,1.2920943374761529e-10
433.8983050847458,6.514762743423037e-11
434.81953290870484,1.926515052790625e-10
435.74468085106383,4.5389781067613063e-10
436.67377398720674,6.128114605517929e-10
437.60683760683764,3.577084193327355e-10
438.54389721627405,2.2967143191091962e-10
439.48497854077254,2.8779075233285e-10
440.4301075268817,3.1554766020154396e-12
441.37931034482756,6.570521413443804e-10
442.3326133909287,1.8753413855533848e-09
443.2900432900433,1.252405453863835e-09
444.2516268980477,4.6271802664510935e-12
445.2173913043478,8.857804216060758e-11
446.1873638344227,6.152619800058656e-10
447.1615720524017,1.0924733680951848e-10
448.14004376367615,1.4789506352326538e-11
449.12280701754383,1.0190469285706852e-10
450.1098901098901,7.992044171201477e-11
451.10132158590307,1.0503617311482032e-10
452.0971302428256,2.4228576047313473e-10
453.0973451327433,4.501495865201058e-11
454.1019955654102,7.105007511670261e-11
455.1111111111111,2.865927253708493e-10
456.1247216035635,1.0041373779907853e-10
457.1428571428571,6.006271758261114e-10
458.165548098434,6.522091725069244e-10
459.19282511210764,1.518528350585791e-10
460.2247191011236,1.3875663063267882e-11
461.2612612612612,1.831229929371099e-10
462.3024830699774,2.1147317384660497e-10
463.3484162895927,9.36992891229789e-11
464.39909297052156,5.990183098241191e-10
465.4545454545454,7.679617708632032e-10
466.5148063781321,4.4305738341382404e-13
467.57990867579906,2.8639547728579313e-10
468.64988558352405,5.003115680587479e-11
469.7247706422018,6.380244923536125e-11
470.8045977011494,1.545295104575349e-10
471.889400921659,1.4998624660282817e-10
472.97921478060044,5.3082651759499626e-11
474.07407407407413,5.493467083693683e-11
475.17401392111367,7.732879728545572e-11
476.27906976744185,2.375629004399945e-10
477.3892773892773,1.8992772904767056e-10
478.5046728971963,4.394068352881464e-10
479.62529274004686,4.679890827401166e-11
480.75117370892025,4.156444667359364e-10
481.88235294117646,1.9117538875377553e-10
483.0188679245283,2.6615807059783613e-10
484.160756501182,3.6774224758171614e-10
485.3080568720379,3.746199381176665e-10
486.46080760095015,1.6263325668245823e-10
487.61904761904765,2.2792905318867012e-10
488.7828162291169,8.692602304934134e-11
489.95215311004785,1.2872027105399312e-11
491.1270983213429,3.1422819384221936e-11
492.3076923076923,2.0588025029030691e-10
493.4939759036144,1.9166318004949175e-10
494.68599033816423,7.270756115553917e-11
495.8837772397094,6.076716241264767e-12
497.08737864077665,1.2417394709053265e-10
498.29683698296833,5.772449663064411e-11
499.51219512195115,4.3782972411441986e-10
500.7334963325183,6.4030404384757e-11
501.9607843137255,8.43936904562196e-11
503.1941031941032,5.881331233878977e-11
504.43349753694577,9.361649182448525e-11
505.679012345679,1.7156090325664854e-10
506.9306930693069,5.18696421957208e-11
508.18858560794047,9.041241194836392e-11
509.452736318408,5.212603936807959e-11
510.72319201995015,9.065843829335773e-11
511.99999999999994,5.186935031549905e-11
513.2832080200501,1.2852635461100644e-10
514.572864321608,2.14044762886898e-10
515.8690176322418,1.1330053565532624e-10
517.1717171717172,2.525307732060407e-10
518.4810126582279,2.0793112775032122e-10
519.7969543147208,1.27704769454366e-10
521.1195928753181,4.5627769304992917e-10
522.4489795918367,1.4176697568630608e-10
523.7851662404091,5.218216682145413e-10
525.1282051282051,3.6980264147482925e-10
526.478149100257,1.4709992793474558e-10
527.8350515463917,3.0017803057377353e-10
529.1989664082687,8.900664049855549e-10
530.5699481865284,3.6848412995236003e-10
531.948051948052,2.126732037440271e-11
533.3333333333333,1.828681310427745e-10
534.7258485639686,3.0245083229420303e-09
536.1256544502618,6.985710072094303e-10
537.5328083989501,2.1923491425293496e-09
538.9473684210527,6.387568210533088e-09
540.3693931398416,1.076116730751121e-10
541.7989417989418,6.182419990289772e-09
543.236074270557,1.2844351222789979e-08
544.6808510638298,2.7450066361820187e-10
546.1333333333333,1.8218537574261184e-08
547.5935828877006,2.4450795608716187e-08
549.0616621983914,6.495469939700792e-11
550.5376344086021,5.264167116965415e-08
552.021563342318,4.6100236984795615e-08
553.5135135135134,3.977056883886248e-09
555.0135501355013,1.2093496504916523e-07
556.5217391304348,8.206604458848234e-08
558.0381471389645,2.883876948234675e-08
559.5628415300547,2.4454824047711044e-07
561.0958904109589,1.1302730838506567e-07
562.6373626373627,7.877330376524752e-08
564.1873278236914,5.033064432213423e-07
565.7458563535912,1.6551501656070374e-07
567.3130193905816,2.3755708384659532e-07
568.8888888888889,9.429134624987557e-07
570.4735376044569,2.2601885023716054e-07
572.0670391061452,5.756689077698296e-07
573.6694677871149,1.8291966328244822e-06
575.2808988764044,2.45418403949454e-07
576.9014084507043,1.269462409185131e-06
578.5310734463276,3.334498234214141e-06
580.1699716713881,2.9081807431267867e-07
581.8181818181818,2.774374901767582e-06
583.4757834757835,6.098223039220568e-06
585.1428571428571,3.2741467179616914e-07
586.8194842406876,6.031439181623426e-06
588.5057471264367,1.1258417034327249e-05
590.2017291066282,2.8116759455579864e-07
591.907514450867,1.3083491356308048e-05
593.6231884057971,2.0532049305698094e-05
595.3488372093024,1.3968991454467213e-07
597.0845481049563,2.836329989979468e-05
598.8304093567251,3.658914310439566e-05
600.5865102639297,1.4527999028200348e-07
602.3529411764705,6.079644625999572e-05
604.1297935103245,6.41130756049725e-05
605.9171597633135,1.8266554246614246e-06
607.7151335311573,0.00012947202986233832
609.5238095238094,0.00010659220083327587
611.3432835820896,1.1448610994889109e-05
613.1736526946107,0.00026654388873121714
615.015015015015,0.00016635531787413576
616.867469879518,4.7815173466237795e-05
618.7311178247734,0.0005315277793858937
620.6060606060606,0.00023560806315901244
622.4924012158054,0.00015993577219726893
624.390243902439,0.0010122542888755998
626.2996941896024,0.0002947103312553252
628.2208588957055,0.00046090134092059427
630.1538461538462,0.0018336347265238328
632.0987654320987,0.00030324049324997236
634.0557275541796,0.001182465718464292
636.0248447204968,0.003133497138534861
638.006230529595,0.00021977734894531426
640.0,0.0027460770898890055
642.0062695924764,0.005026726641388646
644.0251572327044,6.217401437507709e-05
646.0567823343847,0.005873454448646307
648.1012658227849,0.007494854426384405
650.1587301587301,4.287529612066047e-05
652.2292993630573,0.011675439075058358
654.3130990415335,0.010252371723983335
656.4102564102564,0.0008080067806928111
658.5209003215434,0.021747869183690142
660.6451612903226,0.01258893491718611
662.7831715210356,0.003758305848651911
664.9350649350649,0.03821878639856252
667.100977198697,0.01334195450846086
669.281045751634,0.011389853781725735
671.4754098360655,0.06364960962247952
673.6842105263158,0.011283518064620085
675.9075907590759,0.027694171065319233
678.1456953642385,0.10017971015237193
680.3986710963455,0.006508408429373663
682.6666666666666,0.05975276051965955
684.9498327759198,0.1462966411804408
687.248322147651,0.002815377247088726
689.5622895622896,0.12525952930610584
691.8918918918919,0.18860517421939232
694.2372881355933,0.00852557079080927
696.5986394557823,0.2786029008354562
698.976109215017,0.18905101157782445
701.3698630136986,0.02642493529279907
703.7800687285223,0.6813081488689345
706.2068965517241,0.0917420515620162
708.6505190311418,0.040373617992194584
711.1111111111111,1.7870519116664831
713.588850174216,0.030233387814877423
716.0839160839159,0.193294557961152
718.5964912280701,4.542961489274006
721.1267605633802,1.0871865696003762
723.6749116607774,1.7115036008548221
726.241134751773,10.271444066913466
728.8256227758006,7.257540640110372
731.4285714285714,12.035191512311998
734.0501792114695,25.76331669441602
736.6906474820144,39.273673913951946
739.3501805054151,74.60632258971788
742.0289855072464,93.67565342100195
744.7272727272727,152.78711685890357
747.4452554744526,261.17086889426685
750.1831501831501,240.92142841155263
752.9411764705883,413.74026510351285
755.7195571955718,817.612631245734
758.5185185185185,851.0191840816466
761.3382899628252,1533.650262483087
764.179104477612,3092.2556219664434
767.0411985018726,3543.4048877461764
769.9248120300753,5584.721135785749
772.8301886792452,10696.161102788097
775.7575757575758,9217.461673991398
778.7072243346007,8305.778272231853
781.6793893129772,13632.785725193884
784.6743295019156,16674.37128735572
787.6923076923077,20463.0404337676
790.7335907335906,24501.480793862156
793.798449612403,26599.35565732559
796.8871595330738,27785.96265476908
800.0,27580.43945199291
803.1372549019609,25895.818713660236
806.2992125984252,23403.48946176321
809.4861660079052,19325.178277638246
812.6984126984127,15540.651336424125
815.9362549800798,12556.712358095578
819.1999999999999,7628.922830692054
822.4899598393575,7427.839758087109
825.8064516129032,8041.501707438568
829.1497975708503,4110.823529340745
832.520325203252,2519.8566275228022
835.9183673469388,2079.9928090319036
839.3442622950819,972.8159560729189
842.798353909465,495.2398247637044
846.2809917355372,451.9576072959103
849.792531120332,191.00898887799823
853.3333333333334,87.32648201895144
856.9037656903765,108.86750516705632
860.5042016806723,50.14434595025904
864.1350210970463,22.9259472841035
867.7966101694916,25.588259091182433
871.4893617021277,10.163024975395723
875.2136752136753,4.409891441302089
878.9699570815451,3.4956710310075993
882.7586206896551,1.3239913819141416
886.5800865800866,1.858939444974956
890.4347826086956,0.38687664423061435
894.3231441048034,0.15502829576371074
898.2456140350877,1.040040974056097
902.2026431718061,0.04714857252587029
906.1946902654867,0.06828444990118494
910.2222222222222,0.5254007074791325
914.2857142857142,0.014869971726474333
918.3856502242153,0.10037895049444019
922.5225225225224,0.26221390010788714
926.6968325791854,0.004291978373360201
930.9090909090908,0.1033372867486089
935.1598173515981,0.13397939214387397
939.4495412844036,0.0002758681487835484
943.778801843318,0.08495383804747134
948.1481481481483,0.06726073490531534
952.5581395348837,0.001422678689398674
957.0093457943926,0.0618258713638403
961.5023474178405,0.03189000390205984
966.0377358490566,0.0038698820938628635
970.6161137440758,0.041393076173364095
975.2380952380953,0.013765792935921185
979.9043062200957,0.005406565366175704
984.6153846153846,0.025853158378176283
989.3719806763285,0.005177277376839232
994.1747572815533,0.005603219469890818
999.0243902439023,0.015129738967363643
1003.921568627451,0.0015699127800539677
1008.8669950738915,0.004857918185123849
1013.8613861386139,0.008297678891522357
1018.905472636816,0.0003148413093983203
1023.9999999999999,0.003713307204316512
1029.145728643216,0.004253769600401622
1034.3434343434344,1.743168141882942e-05
1039.5939086294416,0.002570165340082052
1044.8979591836735,0.0020316354056569537
1050.2564102564102,2.093870512587712e-05
1055.6701030927834,0.0016368209039090613
1061.139896373057,0.0008989562964291691
1066.6666666666665,6.820757265920863e-05
1072.2513089005236,0.0009696281240211645
1077.8947368421054,0.0003655728556047655
1083.5978835978835,8.875246914661678e-05
1089.3617021276596,0.0005381854247053968
1095.1871657754011,0.0001350043314927188
1101.0752688172042,8.16782130988311e-05
1107.0270270270269,0.00028142401015548746
1113.0434782608695,4.4633071929507114e-05
1119.1256830601094,6.196952565303725e-05
1125.2747252747254,0.00014001561407920898
1131.4917127071824,1.2714016180567674e-05
1137.7777777777778,4.14025169563747e-05
1144.1340782122904,6.657169780336211e-05
1150.5617977528088,2.943096085639315e-06
1157.0621468926552,2.524127604472979e-05
1163.6363636363635,3.05907019215458e-05
1170.2857142857142,4.675394116295197e-07
1177.0114942528735,1.4421707354859024e-05
1183.815028901734,1.3740678015675299e-05
1190.6976744186047,2.8030271023443262e-08
1197.6608187134502,7.878523364405433e-06
1204.705882352941,6.050002099043935e-06
1211.834319526627,2.7342562221933738e-08
1219.0476190476188,4.158947132664117e-06
1226.3473053892214,2.6402547909233032e-06
1233.734939759036,6.012677792225668e-08
1241.2121212121212,2.1800662396556125e-06
1248.780487804878,1.127535478488499e-06
1256.441717791411,6.992734891763304e-08
1264.1975308641975,1.1109916032362396e-06
1272.0496894409937,4.821175011242404e-07
1280.0,6.255093338790801e-08
1288.0503144654087,5.710619472466544e-07
1296.2025316455697,1.9551506621787454e-07
1304.4585987261146,4.897351172569551e-08
1312.8205128205127,2.879740297725811e-07
1321.2903225806451,7.574069049570066e-08
1329.8701298701299,3.690151473353827e-08
1338.562091503268,1.3709242703206958e-07
1347.3684210526317,2.645643647977617e-08
1356.291390728477,2.3696738166264305e-08
1365.3333333333333,6.520391341658256e-08
1374.496644295302,8.483253547769821e-09
1383.7837837837837,1.55007131511354e-08
1393.1972789115646,2.827269184338391e-08
1402.7397260273972,1.938211026416182e-09
1412.4137931034481,8.042666409295191e-09
1422.2222222222222,1.2196814420280689e-08
1432.1678321678319,3.2450243705400884e-10
1442.2535211267605,4.283427240281102e-09
1452.482269503546,4.448610121388135e-09
1462.857142857143,6.893682582565602e-11
1473.3812949640287,2.1133432124060174e-09
1484.0579710144928,1.8228239182186595e-09
1494.890510948905,2.72564591113192e-12
1505.8823529411766,9.268531957793139e-10
1517.037037037037,5.61112145075943e-10
1528.358208955224,4.8375710960343295e-12
1539.8496240601505,5.285592145959201e-10
1551.5151515151515,1.9412815857980932e-10
1563.3587786259543,2.928280573168796e-12
1575.3846153846155,1.492570194129046e-10
1587.596899224806,1.1683755162233933e-10
1600.0,4.143593583437512e-12
1612.5984251968505,1.128444602839386e-10
1625.3968253968253,1.2541167225033695e-11
1638.3999999999999,5.323170949941388e-12
1651.6129032258063,1.067359225986727e-11
1665.040650406504,1.563414565899031e-11
1678.6885245901638,2.6766408748101777e-12
1692.5619834710744,1.4463014637259223e-11
1706.6666666666667,2.1851976965724256e-12
1721.0084033613446,1.5499145597662528e-13
1735.5932203389832,8.85284156050292e-12
1750.4273504273506,1.8131883954092728e-12
1765.5172413793102,5.462935681459103e-12
1780.8695652173913,2.1872370983563374e-12
1796.4912280701753,3.611166999245644e-12
1812.3893805309733,9.86058661912959e-13
1828.5714285714284,4.805214976804821e-12
1845.0450450450448,1.9231255013568367e-13
1861.8181818181815,2.2524693913807607e-12
1878.8990825688072,6.3937645224175544e-12
1896.2962962962965,2.0761361448958117e-13
1914.0186915887853,2.9108026415840187e-13
1932.0754716981132,2.2238675380039163e-12
1950.4761904761906,1.0228374106095403e-12
1969.2307692307693,1.7117153362667317e-12
1988.3495145631066,2.5208664311827836e-12
2007.843137254902,1.5570017386590191e-12
2027.7227722772277,1.2602877544564361e-12
2047.9999999999998,3.4191142194290783e-12
2068.686868686869,4.07349484363695e-12
2089.795918367347,3.6066281868109522e-12
2111.340206185567,2.021933948846683e-12
2133.333333333333,1.1558932684910572e-12
2155.789473684211,5.012187908654551e-13
2178.723404255319,1.9021973153554406e-12
2202.1505376344085,6.868533575085888e-13
2226.086956521739,6.054908602646515e-13
2250.5494505494507,1.5467460692013738e-13
2275.5555555555557,3.486880839774432e-14
2301.1235955056177,8.320199873180768e-13
2327.272727272727,5.430760516151401e-13
2354.022988505747,4.351032385146923e-12
2381.3953488372094,9.215386185319106e-13
2409.411764705882,1.0522803290167984e-12
2438.0952380952376,6.819429373640186e-13
2467.469879518072,2.182782964804626e-13
2497.560975609756,2.030137140463693e-12
2528.395061728395,4.2510567324897297e-13
2560.0,1.2231714144679791e-12
2592.4050632911394,4.1214800779449295e-13
2625.6410256410254,9.23792857861338e-13
2659.7402597402597,8.728994064133831e-13
2694.7368421052633,6.937718827833407e-13
2730.6666666666665,1.0084720462088766e-12
2767.5675675675675,1.3246544186962552e-13
2805.4794520547944,2.0880647641544073e-13
2844.4444444444443,1.0133112778005955e-13
2884.507042253521,6.945293046140134e-13
2925.714285714286,2.0701743397784788e-13
2968.1159420289855,2.117297740716135e-15
3011.764705882353,2.8807405895472093e-13
3056.716417910448,4.4612783235761276e-13
3103.030303030303,4.689697288628339e-13
3150.769230769231,1.209300374553772e-13
3200.0,1.6414461504725964e-13
3250.7936507936506,3.4140017387884154e-13
3303.2258064516127,1.5925226494578528e-13
3357.3770491803275,1.0901853103601996e-14
3413.3333333333335,1.2790338669610164e-13
3471.1864406779664,3.744447156542534e-13
3531.0344827586205,4.5410460600823727e-13
3592.9824561403507,1.162771997935854e-13
3657.142857142857,2.9747008149700625e-13
3723.636363636363,8.162938633038726e-14
3792.592592592593,2.4300568227550824e-13
3864.1509433962265,1.0973482332677577e-13
3938.4615384615386,6.837051648751207e-14
4015.686274509804,2.842293141630319e-14
4095.9999999999995,6.008120790858376e-15
4179.591836734694,6.243728804714745e-15
4266.666666666666,2.0411736379095478e-14
4357.446808510638,1.3970237648042204e-14
4452.173913043478,8.359451339624942e-16
4551.111111111111,2.8894626870332357e-16
4654.545454545454,1.5942349446689983e-16
4762.790697674419,6.698265255931685e-17
4876.190476190475,1.2219990871431005e-17
4995.121951219512,1.8559746070278247e-17
5120.0,7.425779621796159e-18
5251.282051282051,1.121720130439099e-18
5389.473684210527,2.96075341467318e-18
5535.135135135135,5.355986235228828e-19
5688.888888888889,2.7569464063885937e-19
5851.428571428572,3.4272242568476505e-19
6023.529411764706,4.2760166785792743e-20
6206.060606060606,3.928742177309122e-20
6400.0,2.8084259268804343e-20
6606.451612903225,8.742373841752432e-21
6826.666666666667,5.865143744776024e-21
7062.068965517241,2.818882100271223e-21
7314.285714285714,2.345171747625512e-21
7585.185185185186,1.0933646498914097e-21
7876.923076923077,7.029190683957695e-22
