"Wavelength, nm",Intensity
136.44237175216523,2.300569840601425e-20
136.53333333333333,2.945396111854835e-20
136.62441627751835,3.795903782312062e-20
136.71562082777035,4.925220564312751e-20
136.80694722778892,6.433910358819833e-20
136.89839572192514,9.515431357214211e-20
136.98996655518394,1.7260844116621909e-18
137.08165997322624,1.797879128903492e-16
137.17347622237108,1.0282283007281584e-14
137.26541554959786,2.55814772303153e-13
137.35747820254863,3.415765636728257e-12
137.4496644295302,2.840132072785787e-11
137.54197447951645,1.6245943830007988e-10
137.63440860215053,6.85836812572961e-10
137.72696704774717,2.2408192235007975e-09
137.81965006729476,5.8462197566707505e-09
137.9124579124579,1.2476362904540085e-08
138.0053908355795,2.2221456230591717e-08
138.09844908968307,3.337255353032247e-08
138.19163292847506,4.218552824371771e-08
138.28494260634707,4.497054883219592e-08
138.37837837837836,4.256076909058703e-08
138.47194050033806,4.503118430158127e-08
138.5656292286874,7.945137832025329e-08
138.65944482058225,2.0571608199119665e-07
138.75338753387533,5.450205835641836e-07
138.84745762711862,1.3363584170498945e-06
138.94165535956583,3.0063829946839114e-06
139.03598099117448,6.1853742316878495e-06
139.1304347826087,1.1680793221740353e-05
139.22501699524133,2.0465843848753082e-05
139.31972789115645,3.3512365202448144e-05
139.4145677331518,5.132951336110191e-05
139.50953678474113,7.360759693846551e-05
139.60463531015677,9.929335281654883e-05
139.69986357435198,0.00012663709290249437
139.79522184300342,0.00015296656965483777
139.89071038251367,0.00017489600633207098
139.98632946001365,0.00018926371891752212
140.08207934336525,0.0001940247787402227
140.17796030116358,0.0001886335939748728
140.27397260273972,0.00017413371052568146
140.37011651816314,0.00015304959344068095
140.46639231824417,0.0001292269120952724
140.56280027453673,0.0001076907462073136
140.65934065934067,9.397877503245911e-05
140.75601374570448,9.306416382525789e-05
140.85281980742778,0.00010892409110846654
140.949759119064,0.00014491100079172707
141.04683195592284,0.00020520775398565476
141.14403859407307,0.00029763382521916194
141.24137931034483,0.0004335590243747193
141.33885438233264,0.0006225492010125209
141.4364640883978,0.0008712326644673205
141.53420870767104,0.0011891516972448537
141.6320885200553,0.0015825542244473937
141.73010380622836,0.002034815298951291
141.8282548476454,0.002507973887494657
141.92654192654192,0.0029669447211778106
142.0249653259362,0.003378436938473282
142.1235253296322,0.0036883221817897403
142.22222222222223,0.003839224346166718
142.32105628908963,0.0038152293761046976
142.42002781641168,0.0036373199125631943
142.51913709116212,0.0033260430793795462
142.6183844011142,0.0029088790699193013
142.7177700348432,0.002449388046631376
142.81729428172943,0.0020263496319283133
142.91695743196092,0.0016894558416937558
143.0167597765363,0.0014551085599884526
143.11670160726763,0.00132802898488829
143.21678321678323,0.0013088927108476339
143.31700489853043,0.0013877406963580324
143.4173669467787,0.0015368087509872298
143.5178696566223,0.0017215487271976988
143.61851332398317,0.001936564477449917
143.71929824561403,0.00221850030567717
143.8202247191011,0.002605850180649683
143.92129304286718,0.0031172564379693827
144.0225035161744,0.003791142904025479
144.12385643912737,0.004693388201872659
144.22535211267606,0.005847541725374805
144.32699083861874,0.007202345304661405
144.42877291960508,0.00868475203514908
144.530698659139,0.010220427620298286
144.6327683615819,0.011687654199081101
144.73498233215545,0.012919793054672486
144.83734087694484,0.013769530133843147
144.9398443029016,0.014133452172601856
145.04249291784703,0.013945778403812715
145.14528703047483,0.013208016262807347
145.24822695035462,0.012007821719292622
145.35131298793468,0.010485362801929693
145.45454545454544,0.008811912944090568
145.55792466240226,0.007190994482809939
145.66145092460883,0.005816141938439818
145.76512455516016,0.004810076479079791
145.86894586894587,0.004216048116633646
145.9729151817534,0.004024087778038258
146.07703281027102,0.004188814163018932
146.18129907209135,0.004630396765724778
146.28571428571428,0.005234029876035973
146.39027877055037,0.005906911178034145
146.49499284692416,0.006671702938751608
146.59985683607732,0.007628781177669919
146.7048710601719,0.008817368522106753
146.8100358422939,0.01025455766885904
146.91535150645623,0.012071989123055992
147.0208183776023,0.014370728466360908
147.1264367816092,0.016984711359615382
147.23220704529115,0.019647908811992576
147.33812949640287,0.022274183877808627
147.4442044636429,0.02477792986810312
147.55043227665706,0.026812518427249146
147.6568132660418,0.02803271009319754
147.76334776334778,0.02844225102242281
147.87003610108303,0.02819832453777159
147.97687861271675,0.027296295782658676
148.08387563268258,0.02573563230108474
148.19102749638205,0.02380104284324494
148.29833454018825,0.0219101553883559
148.40579710144928,0.020298876619629713
148.51341551849166,0.019031090142350403
148.6211901306241,0.018209108046033328
148.72912127814087,0.0180076274167969
148.8372093023256,0.018509184381225643
148.94545454545454,0.019590443124935828
149.0538573508006,0.021011212108704595
149.16241806263656,0.02258713258746415
149.27113702623907,0.02419474227265534
149.38001458789202,0.0256174985933753
149.4890510948905,0.02654836479132646
149.59824689554418,0.026809069182169208
149.70760233918128,0.02642329657703566
149.81711777615214,0.02543546199384877
149.9267935578331,0.02384292920644996
150.03663003663004,0.02176127657152887
150.1466275659824,0.019468303568928595
150.25678650036684,0.01720844936455949
150.36710719530103,0.01508980363873385
150.47759000734754,0.013206163454571406
150.58823529411762,0.011697489958864016
150.69904341427517,0.01060936750897176
150.8100147275405,0.009805332453836232
150.92114959469419,0.009100353579701738
151.03244837758112,0.008409827977087676
151.1439114391144,0.007718619374885811
151.25553914327915,0.0070025771321663224
151.3673318551367,0.0062791939618315196
151.47928994082838,0.0056987848000082655
151.59141376757958,0.005521231512191092
151.7037037037037,0.006019937407030528
151.81616011860638,0.007410863557217406
151.92878338278933,0.009805969398797333
152.04157386785448,0.013216725750899964
152.15453194650817,0.017612411848861805
152.26765799256503,0.022859029983082903
152.38095238095235,0.02854132227426302
152.4944154877141,0.03405587269026242
152.6080476900149,0.03898302273986337
152.72184936614468,0.04310533495649707
152.8358208955224,0.046018483243255685
152.9499626587005,0.04716432216570056
153.0642750373692,0.04638615107465442
153.1787584143605,0.04403072368295439
153.29341317365268,0.04041175511605795
153.40823970037454,0.035624418034759596
153.5232383808096,0.02995849618408288
153.6384096024006,0.024024501318308442
153.75375375375376,0.018357707041115987
153.86927122464311,0.013243394069612068
153.98496240601503,0.008944522808111121
154.10082768999246,0.005758960786306845
154.2168674698795,0.003817957383748717
154.33308214016577,0.0030323028874367185
154.4494720965309,0.0031912281323404597
154.56603773584905,0.0039988394539772374
154.68277945619334,0.005125421380523704
154.79969765684052,0.00628625327802608
154.91679273827532,0.007189088368600252
155.0340651021953,0.007516709691575838
155.15151515151516,0.007147160995248722
155.2691432903715,0.006272057144535774
155.38694992412746,0.005173229782798901
155.50493545937738,0.004102711399762372
155.62310030395136,0.0034719782989438984
155.74144486692012,0.003828942354986249
155.8599695585997,0.0055168374794449275
155.97867479055597,0.008607535327950198
156.09756097560975,0.01309563753244962
156.21662852784135,0.01876124578490182
156.33587786259542,0.024925556057498684
156.45530939648586,0.03071962534841473
156.5749235474006,0.03547648134568321
156.69472073450652,0.038633217095030405
156.8147013782542,0.039599889501319784
156.93486590038313,0.03809554386543026
157.05521472392638,0.034435412962331845
157.17574827321565,0.02932413141625967
157.29646697388634,0.02357778967362892
157.4173712528824,0.01812055935326063
157.53846153846155,0.013972214256196549
157.65973826020013,0.012026128618630555
157.78120184899845,0.012845496372083461
157.9028527370856,0.01660334371971605
158.02469135802468,0.023044653107992696
158.14671814671814,0.03153946966029362
158.26893353941267,0.04132358387259029
158.39133797370457,0.05161231947733065
158.5139318885449,0.06145765867877314
158.63671572424477,0.06986214308453458
158.7596899224806,0.0762323734263549
158.88285492629947,0.08041338162596923
159.0062111801242,0.08221994982014119
159.12975912975912,0.08138907250240941
159.25349922239502,0.07806584314368606
159.37743190661476,0.07283670230898769
159.50155763239874,0.06616653957193572
159.62587685113016,0.05823902481580457
159.7503900156006,0.04943260068464409
159.87509758001562,0.04051632046347883
160.0,0.032249922694501235
160.12509773260362,0.025133977709199465
160.2503912363067,0.019627388419926582
160.37588097102582,0.016277746711149396
160.5015673981191,0.015519474840153421
160.62745098039213,0.01748328855049271
160.7535321821036,0.021931870340090847
160.87981146897093,0.028251712938873696
161.0062893081761,0.03562437236046726
161.13296616837135,0.043218437345336744
161.25984251968504,0.05008369939066923
161.38691883372735,0.05513039715041863
161.51419558359618,0.05759549176247779
161.64167324388316,0.05733527654850486
161.7693522906793,0.054454128531844566
161.89723320158103,0.04905566852606768
162.0253164556962,0.041581028838661126
162.15360253365006,0.032953902811062995
162.28209191759112,0.024174177417907967
162.41078509119745,0.016031036428964508
162.53968253968253,0.009185414848851768
162.66878474980143,0.004172083057338241
162.79809220985692,0.0012381745382075645
162.92760540970565,0.0003262729753315797
163.05732484076432,0.0012008128342197073
163.18725099601593,0.0035055137407662886
163.31738437001593,0.006767396731326523
163.44772545889865,0.010463921429179051
163.57827476038338,0.014099405878231906
163.709032773781,0.017213686480640755
163.84,0.019401243527616473
163.97117694155327,0.02038605935134705
164.1025641025641,0.020045408349636445
164.23416198877305,0.018371040722992567
164.3659711075441,0.015504789957213556
164.49799196787149,0.011813913052948035
164.63022508038586,0.007831574678505917
164.76267095736122,0.004133168010497358
164.89533011272144,0.0013268111278807574
165.02820306204674,4.46862865837579e-05
165.16129032258064,0.0008014029562552807
165.29459241323647,0.0038890641394899914
165.4281098546042,0.009364431958381764
165.56184316895713,0.016950235258295233
165.6957928802589,0.025982283940790035
165.82995951417004,0.03562342665742516
165.9643435980551,0.04504995396203573
166.09894566098947,0.053389085048529274
166.23376623376623,0.05977415406427605
166.36880584890332,0.06360988652044282
166.5040650406504,0.06461863903500221
166.63954434499593,0.06269812140343628
166.77524429967426,0.05801074285747515
166.9111654441728,0.05118381899120635
167.047308319739,0.043235841915427585
167.18367346938777,0.0353400725522552
167.3202614379085,0.028725331440854228
167.45707277187245,0.024653781100060917
167.59410801963992,0.02429258859578421
167.7313677313677,0.028528327697522404
167.86885245901638,0.03782216778395093
168.00656275635768,0.0520982831904725
168.14449917898193,0.07074113065742141
168.28266228430567,0.0927237239396426
168.42105263157896,0.11663336984081109
168.559670781893,0.14063268333742462
168.6985172981878,0.1627407284326045
168.83759274525966,0.18124066993989338
168.97689768976898,0.19470798827336397
169.11643270024774,0.20198919583977362
169.25619834710741,0.20255785266235848
169.39619520264682,0.19673840167822237
169.53642384105962,0.18549609172452883
169.67688483844242,0.17031936704732237
169.81757877280262,0.15329753993242046
169.95850622406635,0.13695111937947213
170.09966777408638,0.12383771722302662
170.24106400665005,0.11623233918664398
170.3826955074875,0.11589064804993211
170.52456286427974,0.12384387718101071
170.66666666666666,0.14029775170462222
170.8090075062552,0.16467088470102687
170.9515859766277,0.19567059369754317
171.09440267335003,0.23131237372679317
171.23745819397996,0.2690548266675603
171.3807531380753,0.3061846100383128
171.52428810720266,0.3401161191727525
171.66806370494552,0.36841216438464053
171.81208053691276,0.3889420253992168
171.95633921074725,0.4003055435588658
172.10084033613444,0.4020453006892627
172.24558452481077,0.3945706738876984
172.3905723905724,0.37917353581507235
172.5358045492839,0.35806665379806835
172.681281618887,0.33414176726736045
172.82700421940928,0.3105917937177848
172.97297297297297,0.2906314759647272
173.11918850380385,0.2772208347641861
173.26565143824024,0.2727241346807801
173.41236240474177,0.27866413640592813
173.55932203389833,0.2956563346270776
173.70653095843934,0.32340068266701816
173.85398981324278,0.3606155899368164
174.0016992353441,0.4050227700374058
174.14965986394557,0.4535861780615162
174.2978723404255,0.5029075496651852
174.44633730834755,0.5494529371304627
174.59505541346974,0.589675525144842
174.74402730375425,0.6204466956883548
174.8932536293766,0.639693810734321
175.04273504273505,0.6466361396377562
175.1924721984602,0.6415696796867557
175.34246575342465,0.6257810620871356
175.49271636675235,0.6016689131288395
175.6432246998285,0.5725449817393407
175.79399141630904,0.5420577466714871
175.94501718213058,0.5137498011800955
176.0963026655202,0.4908947626064416
176.24784853700515,0.47629489892481497
176.3996554694229,0.47195739248089075
176.55172413793102,0.4788808995746767
176.70405522001724,0.4970312392268527
176.85664939550952,0.5253922368266345
177.00950734658602,0.5620768673139215
177.16262975778545,0.6045521499772167
177.3160173160173,0.649902439720495
177.46967071057193,0.6950831044331909
177.62359063313096,0.7372417666364953
177.77777777777777,0.7739626103238493
177.93223284100782,0.8032349611609142
178.08695652173913,0.8234719980156213
178.24194952132288,0.8337785469951031
178.397212543554,0.8339002636927235
178.55274629468178,0.8238813343262318
178.70855148342056,0.8044118229078162
178.86462882096066,0.7775791331092006
179.02097902097898,0.7465754119035933
179.17760279965006,0.7146581190756113
179.33450087565674,0.6849466935861884
179.4916739702016,0.6608600474127756
179.64912280701753,0.6458129995770177
179.80684811237927,0.6423133833002326
179.96485061511424,0.6516506439998976
180.12313104661388,0.6742620925775713
180.28169014084506,0.7098928034927436
180.44052863436124,0.7572999291893816
180.59964726631395,0.8140889815325716
180.75904677846424,0.8769377780003001
180.91872791519435,0.9418323885004217
181.07869142351902,1.0042121602569145
181.23893805309734,1.0593718319671546
181.39946855624444,1.10314760750837
181.56028368794324,1.132519765111948
181.72138420585628,1.1459337325957533
181.88277087033748,1.1433690047619796
182.04444444444445,1.1262541443057736
182.20640569395016,1.0973743247880017
182.3686553873553,1.0606590113993253
182.53119429590015,1.0205139760492934
182.69402319357712,0.9809729976923243
182.85714285714286,0.9454491170304506
183.0205540661305,0.9169861538890848
183.18425760286226,0.8981536930380993
183.34825425246197,0.8906171188208459
183.51254480286738,0.8950863126727289
183.67713004484304,0.9114580570369369
183.84201077199282,0.938609467810578
184.00718778077265,0.9743356020414389
184.1726618705036,1.015938821902791
184.33843384338437,1.0606510849526425
184.5045045045045,1.10539924931205
184.67087466185754,1.14706736618343
184.83754512635377,1.183534179051006
185.0045167118338,1.2137849769629185
185.17179023508135,1.2369587179728638
185.33936651583707,1.252306695061466
185.5072463768116,1.2599147792135248
185.675430643699,1.2603573861847839
185.84392014519057,1.2539342804516167
186.01271571298818,1.2409813229007296
186.1818181818182,1.2223769414630974
186.3512283894449,1.1994424671480333
186.52094717668484,1.1739863684970901
186.69097538742025,1.148277085601576
186.86131386861314,1.1243203471175625
187.03196347031962,1.103436051025149
187.20292504570384,1.0866311680828373
187.37419945105214,1.0745336106505936
187.54578754578753,1.066769185404603
187.71769019248396,1.0621624731920876
187.88990825688072,1.0596748401340836
188.06244260789717,1.0587673221499334
188.23529411764707,1.059256634156549
188.40846366145354,1.0613826525263266
188.5819521178637,1.0657112903515629
188.75576036866357,1.0727265444575154
188.92988929889296,1.0826575251801083
189.10433979686056,1.0950743559097664
189.27911275415894,1.1080541861181752
189.45420906567992,1.1184362513111508
189.62962962962962,1.1231601567060614
189.80537534754404,1.1196227174226032
189.98144712430428,1.105442007028825
190.15784586815226,1.0793969980757887
190.3345724907063,1.0422031702465877
190.51162790697674,0.9956946864017909
190.68901303538178,0.9422486809250337
190.8667287977633,0.8851838696358213
191.044776119403,0.8282863719150766
191.22315592903828,0.7746946911738547
191.4018691588785,0.7269031836700003
191.5809167446211,0.6871509991077662
191.76029962546815,0.6570189691258732
191.94001874414244,0.6372539119638553
192.12007504690433,0.6282392683516896
192.3004694835681,0.6301081410849199
192.48120300751881,0.642884200803221
192.66227657572907,0.667179780780299
192.8436911487759,0.7039451188833703
193.02544769085767,0.7531947986637977
193.2075471698113,0.8141319136143204
193.38999055712932,0.886129841526558
193.57277882797732,0.9676003911578994
193.75591296121098,1.0541517434918095
193.93939393939394,1.1395623608580339
194.12322274881518,1.2180836956966898
194.30740037950665,1.2849052617022316
194.49192782526114,1.335964734933526
194.67680608365018,1.3690174806644748
194.86203615604185,1.384596096703535
195.04761904761907,1.3854715197592613
195.23355576739752,1.3754142534374536
195.4198473282443,1.3581931887122283
195.6064947468959,1.337039393334939
195.79349904397705,1.3144568686664462
195.9808612440191,1.2919834790604814
196.1685823754789,1.2700862301964395
196.35666347075744,1.248650138002689
196.5451055662188,1.227469638028372
196.73390970220942,1.2062888870878452
196.92307692307693,1.1850596423911814
197.1126082771896,1.164378837335559
197.30250481695566,1.1453905180246884
197.4927675988428,1.1294970824825799
197.68339768339766,1.1181895208211106
197.8743961352657,1.1123561021397614
198.06576402321085,1.1113150064096815
198.25750242013552,1.1126778122035221
198.44961240310076,1.1129712059011017
198.64209505334625,1.1083741455998701
198.83495145631065,1.095683047154988
199.02818270165207,1.0732694967346657
199.22178988326846,1.0414365179297993
199.4157740993184,1.0025226206095326
199.61013645224173,0.9607230202376231
199.8048780487805,0.920675079444423
200.0,0.8855908894483442
200.19550342130987,0.8568227078237974
200.3913894324853,0.8346014727597749
200.58765915768853,0.8186219882170714
200.78431372549022,0.8081354708026799
200.9813542688911,0.8017681233942296
201.17878192534383,0.7980994095983432
201.37659783677483,0.797372577658101
201.5748031496063,0.8017387735035518
201.77339901477833,0.813031311617578
201.9723865877712,0.8320170072441535
202.1717670286278,0.8602558702554648
202.3715415019763,0.9000083943809489
202.57171117705244,0.9517098028264128
202.77227722772278,1.0136243636230293
202.97324083250743,1.083430487911897
203.17460317460316,1.1579603763997706
203.37636544190661,1.2321778185329435
203.57852882703776,1.3000876842499776
203.78109452736314,1.3562689929153104
203.98406374501994,1.3967448290262452
204.1874376869392,1.4199485307195372
204.39121756487026,1.426970530873605
204.5954045954046,1.4205858313616455
204.79999999999998,1.4047515208488692
205.005005005005,1.3838442939041746
205.21042084168334,1.360523535154125
205.41624874623875,1.3350237389695327
205.62248995983938,1.306197510683552
205.8291457286432,1.2717900419010373
206.03621730382292,1.2295570391633883
206.24370594159112,1.1793446603809932
206.4516129032258,1.1225175503002736
206.65993945509584,1.0610741035960312
206.86868686868684,0.9992545073344092
207.07785642062692,0.9431087595730981
207.28744939271257,0.8980850153334142
207.49746707193518,0.8689202114958684
207.7079107505071,0.8585845395376388
207.9187817258883,0.8661420512758846
208.130081300813,0.8891664274886004
208.34181078331636,0.9253487939751471
208.55397148676167,0.9689084849172925
208.7665647298675,1.0123680032244824
208.9795918367347,1.0525036954208682
209.19305413687437,1.086903348824642
209.40695296523518,1.111038628845218
209.6212896622313,1.1268323850727844
209.83606557377047,1.1424221227264506
210.05128205128204,1.161576157545186
210.26694045174537,1.18901275312524
210.48304213771837,1.2352574294996335
210.69958847736626,1.299972951594625
210.91658084449023,1.371076185019903
211.1340206185567,1.4422502554820114
211.3519091847265,1.5048234435084014
211.5702479338843,1.5414443080322853
211.78903826266804,1.5465670006224803
212.00828157349895,1.5217332679307052
212.22797927461139,1.4623618823194582
212.448132780083,1.3816003745000536
212.668743509865,1.3043489877316903
212.88981288981287,1.2314439466277884
213.11134235171693,1.1666790010833819
213.33333333333334,1.1365209149913493
213.555787278415,1.1373489679104793
213.7787056367432,1.1428430270685275
214.00208986415882,1.1603581045807827
214.22594142259413,1.1927875219740045
214.4502617801047,1.2081189743081715
214.67505241090146,1.2041696648105444
214.900314795383,1.203664898021675
215.12605042016807,1.1916519792018199
215.35226077812828,1.1592034602064367
215.57894736842104,1.1381447486148453
215.80611169652263,1.1313226009323336
216.03375527426158,1.1273363990403966
216.26187961985215,1.164559822372357
216.49048625792813,1.2527570426670123
216.7195767195767,1.3561708656702898
216.9491525423729,1.500780554770287
217.17921527041358,1.6879376830395643
217.40976645435242,1.8333365044055348
217.64080765143464,1.9444829017917193
217.87234042553192,2.043499700645773
218.10436634717786,2.0291778134979723
218.33688699360337,1.9272121883875204
218.5699039487727,1.8419366523921257
218.80341880341882,1.6896771587273423
219.0374331550802,1.4962159888232769
219.27194860813702,1.4240368152444391
219.5069667738478,1.3631390311955562
219.74248927038627,1.260109139513988
219.97851772287862,1.3051017857194542
220.21505376344086,1.3682001117669667
220.45209903121636,1.2812430387504392
220.68965517241378,1.2974802252083615
220.92772384034518,1.3932771063321816
221.16630669546436,1.256420554664975
221.4054054054054,1.1277344658641357
221.64502164502164,1.251218898555249
221.88515709642468,1.2052601343929408
222.12581344902384,0.9656777381459243
222.36699239956567,1.1013143019505582
222.6086956521739,1.296516228010448
222.85092491838955,1.059330883517429
223.09368191721134,1.2158220528029202
223.3369683751363,1.7946593346784825
223.58078602620085,1.6486504208308896
223.82513661202185,1.7015780862642627
224.07002188183807,2.661704925226729
224.31544359255204,2.557255697440378
224.56140350877192,1.981885787042157
224.80790340285398,2.8714719815791763
225.05494505494505,2.8835146765695487
225.30253025302528,1.5785631943331921
225.55066079295153,2.056290282304839
225.79933847850054,2.5022216939949398
226.0485651214128,1.0755141190755804
226.29834254143645,1.2413216518122652
226.54867256637166,2.3409281093577534
226.79955703211516,1.1594043783985855
227.0509977827051,0.7827916141057043
227.30299667036624,2.575362681722668
227.55555555555554,2.0996650957607104
227.80867630700777,0.5056524400157507
228.06236080178175,2.3229671160932774
228.31661092530658,3.5646777718590967
228.57142857142856,0.9920970626991128
228.82681564245812,1.3116902477390482
229.082774049217,4.333669084787787
229.33930571108624,2.150741441642002
229.59641255605382,0.3880926381963913
229.8540965207632,4.2898352753083575
230.1123595505618,3.494105885387488
230.37120359955006,0.05134696083199339
230.6306306306306,4.481426340091791
230.89064261555805,5.859410520156501
231.1512415349887,0.3388095155166481
231.41242937853107,3.9416227542856976
231.67420814479635,9.191569475688473
231.9365798414496,2.4701862167279947
232.19954648526078,1.7171626121662307
232.46311010215663,10.661085339242996
232.7272727272727,6.9340322504797145
232.9920364050057,0.2949376335393166
233.25740318906605,9.077713107020818
233.52337514253134,11.657534669401063
233.78995433789953,1.786013966252393
234.05714285714288,6.628159353613958
234.32494279176203,15.646294658437487
234.59335624284074,5.957811579714903
234.8623853211009,4.0969405420958
235.13203214695753,18.476163866313442
235.4022988505747,13.95641247800135
235.67318757192174,2.4635709388100113
235.9447004608295,15.860654817080926
236.2168396770473,23.235040712636057
236.48960739030022,7.107327396417295
236.76300578034682,8.518828889625558
237.03703703703707,25.03624655789107
237.3117033603708,17.123626702263806
237.58700696055683,5.651172473768917
237.862950058072,18.744520490860754
238.13953488372093,23.644985042555078
238.41676367869616,9.053588325681266
238.69463869463866,11.748343981180811
238.97316219369893,25.493958357419302
239.25233644859816,16.48947007778184
239.53216374269007,5.737637389091163
239.81264637002343,20.099131963623076
240.0937866354044,28.155756576637014
240.37558685446012,11.109745940984975
240.65804935370153,6.8247145807766465
240.94117647058823,26.72790434705008
241.2249705535924,29.199037776751794
241.50943396226415,9.683258939882592
241.79456906729635,11.55728606298063
242.080378250591,31.884915988292267
242.3668639053254,27.605640594858173
242.65402843601896,10.782491371667245
242.94187425860022,20.729106245068778
243.23040380047507,34.50522883988552
243.51961950059456,20.456336098903606
243.80952380952382,11.280933509973424
244.1001191895113,27.38539898457413
244.39140811455846,29.423971269599594
244.68339307048984,9.298731084736058
244.97607655502392,6.890618862581327
245.2694610778443,20.23211214726831
245.56354916067144,16.33099350292897
245.85834333733493,2.6727911385681966
246.15384615384616,0.8327994875271555
246.4500601684717,5.767733908062019
246.7469879518072,9.046223691196884
247.04463208685164,7.508008740580611
247.34299516908212,1.3028061848201593
247.6420798065296,5.291856461998705
247.9418886198547,19.112470678676274
248.24242424242422,16.11528525099721
248.54368932038832,3.9497432970950643
248.8456865127582,15.168677227141496
249.14841849148416,29.250559893644
249.45188794153472,14.267500868295434
249.75609756097558,1.0632656158411062
250.06105006105005,13.028991623389269
250.36674816625916,17.11012609811629
250.6731946144431,4.445253599823531
250.98039215686276,2.3302105431220204
251.2883435582822,5.735515475716016
251.5970515970516,1.144030065416488
251.90651906519062,4.807522909703548
252.21674876847288,14.015599200076371
252.52774352651045,7.548844674228822
252.8395061728395,2.5037668527716725
253.15203955500616,16.698324206926024
253.46534653465346,21.7717539785347
253.7794299876084,6.4617196638796885
254.09429280397023,3.3445228644856306
254.40993788819875,16.98861483319866
254.726368159204,17.11328845824578
255.04358655043586,4.219885843696792
255.36159600997507,1.6321350626276812
255.6803995006242,6.1769435303773195
255.99999999999997,5.37068191546445
256.3204005006258,5.751405515866808
256.64160401002505,9.575586696781789
256.9636135508155,6.10291215123134
257.286432160804,0.07697836916132539
257.61006289308176,5.984186121925484
257.9345088161209,15.259690262317609
258.2597730138714,10.520191290410986
258.5858585858586,0.8476314624551706
258.91276864728195,4.338878478627846
259.24050632911394,13.35530376256792
259.5690747782003,11.06757848576589
259.8984771573604,2.5751443990787077
260.22871664548916,1.4062319896779338
260.55979643765903,5.197541703534739
260.89171974522293,6.256267753098491
261.2244897959184,6.388788018455468
261.5581098339719,6.972428609682173
261.89258312020456,4.21759074233269
262.2279129321382,0.9417182921766917
262.56410256410254,3.7999926330429235
262.9011553273428,8.856659864470249
263.2390745501285,7.381271439075879
263.5778635778636,1.8286032881991774
263.91752577319585,1.0843893799024944
264.258064516129,5.194116988125201
264.59948320413434,7.28325103411885
264.9417852522639,5.791173051857162
265.2849740932642,4.4436102573863545
265.6290531776913,4.3478934652425885
265.974025974026,4.49148997081754
266.3198959687906,6.01504946536388
266.66666666666663,9.022521586875735
267.01434159061273,9.55910762856672
267.3629242819843,5.832310601467645
267.7124183006536,2.5439169277903106
268.0628272251309,3.697688148132285
268.41415465268676,6.231798778016563
268.76640419947506,5.615175084534407
269.119579500657,2.9978645564137523
269.47368421052636,2.0687743275414223
269.82872200263506,3.004003290812057
270.1846965699208,3.9495976615827235
270.5416116248349,4.895979158327176
270.8994708994709,6.278460264221603
271.25827814569533,7.057917295242927
271.6180371352785,6.879311672564591
271.97875166002655,7.0277129119662956
272.3404255319149,7.961437983782279
272.70306258322233,8.852525258548155
273.06666666666666,9.409627046582484
273.4312416555407,9.430241185423352
273.7967914438503,7.962863185853619
274.1633199464525,5.320824587946328
274.5308310991957,3.8655300679717772
274.8993288590604,4.625658595098316
275.26881720430106,5.4417659639600515
275.6393001345895,4.453857341127419
276.010781671159,3.053126029902442
276.3832658569501,3.4718834834509438
276.7567567567567,5.455484533046489
277.1312584573748,6.9671196476683415
277.50677506775065,7.030106680407132
277.88331071913166,6.598341131399218
278.2608695652174,7.0495528625541395
278.6394557823129,8.58502597857183
279.01907356948226,9.981615345770894
279.39972714870396,9.692478979964934
279.78142076502735,7.5832996224178535
280.1641586867305,5.512631029646236
280.54794520547944,5.285121072562647
280.93278463648835,6.1627442607982355
281.31868131868134,5.821229974355502
281.70563961485556,3.825418175070894
282.0936639118457,2.4499332868915626
282.48275862068965,3.5690903648559704
282.8729281767956,6.033485344125262
283.2641770401106,7.0009448157956164
283.6565096952908,5.4624302951804715
284.0499306518724,3.677489781078808
284.44444444444446,4.662631200732349
284.84005563282335,8.399501690034308
285.2367688022284,11.341448089453865
285.63458856345886,10.233807449113806
286.0335195530726,5.929009546916627
286.43356643356645,2.6188137161486575
286.8347338935574,3.2239735427294214
287.23702664796633,6.194404114023463
287.6404494382022,7.405001765265843
288.0450070323488,4.936467901456988
288.4507042253521,1.3449385533566847
288.85754583921016,0.8426131730756338
289.2655367231638,4.517810988681899
289.6746817538897,8.815615734741012
290.08498583569406,9.233246119320363
290.49645390070924,5.37006107080866
290.9090909090909,1.7453627935370943
291.32290184921766,3.068872536836775
291.73789173789174,9.077678522203168
292.15406562054204,14.503712224144952
292.57142857142856,14.183044455895569
292.9899856938483,8.10004949126769
293.4097421203438,1.6083567834928065
293.83070301291247,0.414099060097893
294.2528735632184,4.952910601017336
294.67625899280574,9.884176114498036
295.1008645533141,9.664301946212138
295.52669552669556,4.647821955224034
295.9537572254335,1.1088641340510885
296.3820549927641,4.921795096680304
296.81159420289856,15.046320031688142
297.2423802612482,23.772360379925637
297.6744186046512,23.558987833153935
298.1077147016012,14.207580784100214
298.54227405247815,3.443812700156682
298.978102189781,0.6575501615776038
299.41520467836256,9.169044794397603
299.8535871156662,23.39444109017808
300.2932551319648,33.19546418658785
300.73421439060206,32.044866272147274
301.17647058823525,22.462973747134637
301.620029455081,13.865215843394088
302.06489675516224,14.392776146663575
302.5110782865583,23.485855174079095
302.95857988165676,32.377227147765915
303.4074074074074,32.29309506675481
303.85756676557867,23.38638397728266
304.30906389301634,15.885682108424458
304.7619047619047,22.173674984343993
305.2160953800298,46.30065488827881
305.6716417910448,79.51299323463869
306.1285500747384,105.63682831359026
306.58682634730536,111.94376084236032
307.0464767616192,97.84566750771302
307.5075075075075,75.08209957939867
307.96992481203006,59.964261301576556
308.433734939759,62.83119963321428
308.8989441930618,81.77184136280766
309.3655589123867,104.78688288984274
309.83358547655064,118.73359184935602
310.3030303030303,119.21794622213982
310.7738998482549,114.05664178105383
311.2462006079027,117.94935709598238
311.7199391171994,141.26779920441544
312.1951219512195,181.22618155810295
312.67175572519085,221.96529422367283
313.1498470948012,243.9308745849609
313.6294027565084,236.48065199381085
314.11042944785277,204.32770469536436
314.5929339477727,164.5514775635648
315.0769230769231,136.29172006167678
315.5624036979969,130.451047146015
316.04938271604937,145.4168875969054
316.53786707882534,169.85620582257076
317.0278637770898,190.22364042236111
317.5193798449612,197.8167166771551
318.0124223602484,192.640142775382
318.50699844479004,182.4967497102051
319.0031152647975,178.29796361628328
319.5007800312012,187.82329330877178
320.0,210.62390691099156
320.5007824726134,237.45402217859672
321.0031347962382,254.52923055092867
321.5070643642072,250.99651901550592
322.0125786163522,225.31618356344237
322.5196850393701,186.61145348559614
323.02839116719235,150.15881090494574
323.5387045813586,129.3291388705923
324.0506329113924,129.10804912528454
324.56418383518223,144.62700714976742
325.07936507936506,165.0742106784487
325.59618441971384,180.15414342369266
326.11464968152865,185.06675322276223
326.63476874003186,181.7587068817833
327.15654952076676,176.50442237293026
327.68,176.03183774920035
328.2051282051282,184.40227724320977
328.7319422150882,201.73289487597884
329.2604501607717,224.6055719846483
329.7906602254429,247.29532184088734
330.3225806451613,263.3880819192938
330.8562197092084,267.66419614125414
331.3915857605178,258.1563962973166
331.9286871961102,237.75394739954984
332.46753246753246,214.2024408829491
333.0081300813008,197.74389717796572
333.5504885993485,196.83115550713217
334.094616639478,213.87227873278198
334.640522875817,243.54189608422007
335.18821603927984,275.1517180870786
335.73770491803276,298.2931004561607
336.28899835796386,308.738586710027
336.8421052631579,311.09443469104895
337.3970345963756,316.4390632713979
337.95379537953795,336.16976428627953
338.51239669421483,375.62349085552074
339.07284768211923,431.09203115826955
339.63515754560524,491.677436396333
340.19933554817277,544.5035333830901
340.765391014975,580.0484306162887
341.3333333333333,594.9464502077242
341.9031719532554,591.6747091536054
342.4749163879599,576.470773574691
343.04857621440533,557.2463017782951
343.6241610738255,542.1598788030368
344.2016806722689,538.2641437944507
344.7811447811448,549.4074463546679
345.362563237774,573.7713592092979
345.94594594594594,602.8360067945503
346.5313028764805,623.6641147732159
347.11864406779665,624.7132363990589
347.70797962648555,602.7114900951327
348.29931972789115,566.5759056507866
348.8926746166951,535.2638744546819
349.4880546075085,529.6363872223061
350.0854700854701,562.069552485448
350.6849315068493,629.2664577967307
351.286449399657,712.3858171195564
351.89003436426117,784.7883764961512
352.4956970740103,823.6534288979522
353.10344827586204,819.7756424621463
353.71329879101904,780.9460301044663
354.3252595155709,727.7344454417245
354.93934142114387,684.2034441003216
355.55555555555554,668.1288713840653
356.17391304347825,684.8660100117999
356.794425087108,726.7248888927473
357.4171029668411,777.0811614216303
358.04195804195797,816.7825231900372
358.6690017513135,830.2617251174844
359.29824561403507,809.7399157600273
359.9297012302285,757.0613023108513
360.5633802816901,683.3128011737633
361.1992945326279,606.446215792727
361.8374558303887,547.0344023980626
362.4778761061947,522.5581862750167
363.1205673758865,541.4063707310553
363.76554174067496,598.6232142285428
364.4128113879003,675.6501220348136
365.0623885918003,745.288214126978
365.7142857142857,781.028691811053
366.3685152057245,767.655847849732
367.02508960573476,708.7506041193681
367.68402154398564,627.3483863933453
368.3453237410072,558.5304055801552
369.009009009009,536.2078366979413
369.67509025270755,579.1937834962832
370.3435804701627,682.4047904906914
371.0144927536232,817.2691805873307
371.68784029038113,941.7016204681167
372.3636363636364,1015.9402732064717
373.0418943533697,1017.9574262579391
373.7226277372263,952.1737680232873
374.4058500914077,847.9108173564933
375.09157509157507,748.1598206137614
375.77981651376143,693.1634813351548
376.47058823529414,705.359445352793
377.1639042357274,781.4726788440408
377.8597785977859,894.5628849371448
378.5582255083179,1004.8539587000585
379.25925925925924,1074.8067220458247
379.96289424860856,1082.5584667965225
380.6691449814126,1028.7966439957124
381.37802607076355,934.9720369649825
382.089552238806,834.1962642569347
382.803738317757,758.7207697049527
383.5205992509363,728.8748566539979
384.24015009380867,747.328518730575
384.96240601503763,800.1603423859876
385.6873822975518,863.644468244235
386.4150943396226,913.6493461694369
387.14555765595463,933.9658591676762
387.8787878787879,920.7931144787023
388.6148007590133,882.2760533982344
389.35361216730035,833.9565831545976
390.09523809523813,792.3637793085785
390.8396946564886,769.2685339886385
391.5869980879541,768.5503252424869
392.3371647509578,786.3291836166535
393.0902111324376,813.7583664091809
393.84615384615387,841.0440952541962
394.6050096339113,860.9891239237973
395.3667953667953,870.9019688618788
396.1315280464217,872.4907299188417
396.8992248062015,870.1400501348608
397.6699029126213,868.583107251139
398.4435797665369,870.9259627794287
399.22027290448347,877.7129396024545
400.0,887.2549524589494
400.7827788649706,896.806453834122
401.56862745098044,904.008748914223
402.35756385068765,907.9749213968544
403.1496062992126,909.5736255041254
403.9447731755424,910.951670763488
404.7430830039526,914.5112450304284
405.54455445544556,921.7982931559499
406.3492063492063,932.8143470985684
407.1570576540755,945.9058497748806
407.9681274900399,958.2758186281065
408.7824351297405,966.9258542961137
409.59999999999997,969.628901101435
410.4208416833667,965.6463658163208
411.24497991967877,955.914734378975
412.07243460764585,942.7086125145238
412.9032258064516,928.9601557443958
413.7373737373737,917.3701510501254
414.57489878542515,909.6792641208001
415.4158215010142,906.286168789639
416.260162601626,906.2459183490212
417.10794297352334,907.697451759515
417.9591836734694,908.4223095830966
418.81390593047036,906.443447878806
419.67213114754094,900.5729095541883
420.53388090349074,890.5623118563257
421.3991769547325,877.0535899974235
422.2680412371134,861.3495203313349
423.1404958677686,844.9297413473319
424.0165631469979,829.153247894383
424.896265560166,814.9680578591446
425.77962577962575,802.6636006531483
426.6666666666667,792.0845714558895
427.5574112734864,782.7364132624289
428.45188284518827,773.8620802187246
429.3501048218029,764.8418292910363
430.25210084033614,755.2237177219837
431.1578947368421,744.6976084546337
432.06751054852316,733.2914093548494
432.98097251585625,721.1429903270638
433.8983050847458,708.400336897454
434.81953290870484,695.3560111524959
435.74468085106383,682.1935853289148
436.67377398720674,669.011986482818
437.60683760683764,656.0420119809296
438.54389721627405,643.4037880547073
439.48497854077254,631.121163126155
440.4301075268817,619.3544927574685
441.37931034482756,608.2061182892066
442.3326133909287,597.7029535937437
443.2900432900433,587.9736400814799
444.2516268980477,579.0027344370607
445.2173913043478,570.613040535345
446.1873638344227,562.744758564453
447.1615720524017,555.2360690092901
448.14004376367615,547.8802345709441
449.12280701754383,540.7487996573531
450.1098901098901,533.7575334171948
451.10132158590307,526.7513711152895
452.0971302428256,519.8751463810191
453.0973451327433,512.9795196861406
454.1019955654102,506.10829385082525
455.1111111111111,499.8793824129796
456.1247216035635,494.04986828991645
457.1428571428571,488.1397494775047
458.165548098434,482.49503155943256
459.19282511210764,476.9403508096146
460.2247191011236,471.3316946688837
461.2612612612612,466.06451203065586
462.3024830699774,460.66047870609106
463.3484162895927,455.18548311176295
464.39909297052156,450.38247459501906
465.4545454545454,445.69215696090646
466.5148063781321,441.201969642916
467.57990867579906,437.58463447618726
468.64988558352405,434.1466147424896
469.7247706422018,431.21781083931427
470.8045977011494,429.36072860554196
471.889400921659,427.65529971854505
472.97921478060044,426.6859681376681
474.07407407407413,426.8064481541202
475.17401392111367,426.85954029245073
476.27906976744185,427.7484166665654
477.3892773892773,429.56793111345115
478.5046728971963,431.10775124873373
479.62529274004686,433.8449236575578
480.75117370892025,437.3321756612617
481.88235294117646,439.7779550128992
483.0188679245283,443.2289767845473
484.160756501182,447.3986130204821
485.3080568720379,450.46950454246775
486.46080760095015,454.5666165711122
487.61904761904765,459.17668861070314
488.7828162291169,463.14443782065126
489.95215311004785,468.69676165142033
491.1270983213429,474.1181607129605
492.3076923076923,478.89380428965177
493.4939759036144,485.9387900452935
494.68599033816423,492.1481834990075
495.8837772397094,497.2865840928406
497.08737864077665,505.68657167473884
498.29683698296833,514.5968467325174
499.51219512195115,523.7686224237517
500.7334963325183,535.6480335104764
501.9607843137255,546.8662649477267
503.1941031941032,559.7503391908264
504.43349753694577,575.4027634379155
505.679012345679,588.4384429554915
506.9306930693069,604.2152222198367
508.18858560794047,624.1584515525628
509.452736318408,641.3323307565555
510.72319201995015,661.7220362110621
511.99999999999994,684.3350677384863
513.2832080200501,701.8012501366402
514.572864321608,723.2769767119546
515.8690176322418,747.1101124779922
517.1717171717172,766.2698865360172
518.4810126582279,789.0737848347688
519.7969543147208,809.5262421021882
521.1195928753181,825.2195071813652
522.4489795918367,848.3700273388188
523.7851662404091,867.4642044124453
525.1282051282051,881.985386163506
526.478149100257,907.0882563041795
527.8350515463917,927.5821913532114
529.1989664082687,944.1182158288362
530.5699481865284,970.8750222570566
531.948051948052,992.4364589154623
533.3333333333333,1015.9909885170508
534.7258485639686,1050.7224791941744
536.1256544502618,1078.581693208886
537.5328083989501,1115.1386665079062
538.9473684210527,1161.1340852931694
540.3693931398416,1194.6407699872398
541.7989417989418,1243.8184402548773
543.236074270557,1300.8001641795493
544.6808510638298,1337.7622468298048
546.1333333333333,1396.4935464095188
547.5935828877006,1464.2977743332572
549.0616621983914,1506.8689086363206
550.5376344086021,1568.4751771363804
552.021563342318,1632.6710815364206
553.5135135135134,1676.1469266127197
555.0135501355013,1739.1117763033499
556.5217391304348,1786.571857929762
558.0381471389645,1818.5100415683444
559.5628415300547,1877.3577584999966
561.0958904109589,1896.2189699738842
562.6373626373627,1896.9984690515969
564.1873278236914,1940.7357076155406
565.7458563535912,1946.8723379609996
567.3130193905816,1940.3911402704346
568.8888888888889,1969.019738374854
570.4735376044569,1951.319204881996
572.0670391061452,1928.3154740752645
573.6694677871149,1922.9694987848022
575.2808988764044,1875.6415557296332
576.9014084507043,1863.2887102158147
578.5310734463276,1858.1824684534326
580.1699716713881,1795.2309147648712
581.8181818181818,1796.1973418714526
583.4757834757835,1801.051169509844
585.1428571428571,1729.3539499613048
586.8194842406876,1739.2756030643177
588.5057471264367,1767.3770742076338
590.2017291066282,1715.5196935304368
591.907514450867,1728.2223653555864
593.6231884057971,1728.952197729079
595.3488372093024,1658.2373847400252
597.0845481049563,1667.9552646243324
598.8304093567251,1635.0046183621992
600.5865102639297,1523.857326799315
602.3529411764705,1462.7834908375412
604.1297935103245,1273.4527314107731
605.9171597633135,1113.2472578988143
607.7151335311573,1363.5708758329374
609.5238095238094,1611.887508186888
611.3432835820896,1276.8134422796215
613.1736526946107,895.5342073653593
615.015015015015,802.9754824743544
616.867469879518,815.8337085053923
618.7311178247734,879.0893842657689
620.6060606060606,963.8324137757375
622.4924012158054,835.8539755174268
624.390243902439,597.7819384119692
626.2996941896024,594.4943713057523
628.2208588957055,607.1079163049917
630.1538461538462,730.7156332703981
632.0987654320987,684.8233786928022
634.0557275541796,732.0252657562525
636.0248447204968,841.5858480137908
638.006230529595,761.0469182480714
640.0,616.9528321387978
642.0062695924764,525.475503916103
644.0251572327044,569.2516730971311
646.0567823343847,799.1718406546267
648.1012658227849,913.4537183413788
650.1587301587301,786.8747662934264
652.2292993630573,878.3894779825874
654.3130990415335,1224.2069780519707
656.4102564102564,1356.9618701197833
658.5209003215434,1329.994653491652
660.6451612903226,1272.7777551180789
662.7831715210356,1095.8098861633116
664.9350649350649,1143.229140271286
667.100977198697,1397.5376817947997
669.281045751634,1314.3442880176683
671.4754098360655,1140.8132202413142
673.6842105263158,1136.884991602808
675.9075907590759,1051.9937717608311
678.1456953642385,1062.6483029432036
680.3986710963455,1142.499040516664
682.6666666666666,787.103680159951
684.9498327759198,654.3191252271687
687.248322147651,1053.9329562717094
689.5622895622896,1180.9725258930246
691.8918918918919,708.6908551700934
694.2372881355933,455.9979166954143
696.5986394557823,382.5711583197677
698.976109215017,345.3742228514224
701.3698630136986,449.7326536799394
703.7800687285223,572.0968092696938
706.2068965517241,506.72840078658686
708.6505190311418,433.9293647552824
711.1111111111111,486.7453464508341
713.588850174216,695.2473972049144
716.0839160839159,998.0033241172
718.5964912280701,1034.9662558542082
721.1267605633802,914.3851801043477
723.6749116607774,1039.5883884620778
726.241134751773,1215.5731496422716
728.8256227758006,1258.8103675132402
731.4285714285714,1399.8643641116112
734.0501792114695,1558.9255771291937
736.6906474820144,1521.1818318666017
739.3501805054151,1312.468952984747
742.0289855072464,1131.6342983952889
744.7272727272727,1282.9219262377717
747.4452554744526,1435.3791633858937
750.1831501831501,1036.4839354185215
752.9411764705883,690.244893027521
755.7195571955718,676.8389223906551
758.5185185185185,675.9239085949096
761.3382899628252,694.8940165996527
764.179104477612,771.419857408272
767.0411985018726,598.8412316852106
769.9248120300753,502.62749462472584
772.8301886792452,906.5274410391016
775.7575757575758,1515.7171358737903
778.7072243346007,1706.6175307737035
781.6793893129772,1945.2772400305812
784.6743295019156,2140.7122338520394
787.6923076923077,1956.7047844947601
790.7335907335906,1852.8808163576614
793.798449612403,1609.3314644640836
796.8871595330738,1248.1146118151232
800.0,903.424170462631
803.1372549019609,538.413370388794
806.2992125984252,360.68940676504457
809.4861660079052,428.68436418366883
812.6984126984127,1093.0946729283892
815.9362549800798,1811.5753644304539
819.1999999999999,2434.1816561468904
822.4899598393575,2774.7447225445335
825.8064516129032,2434.3508619067647
829.1497975708503,1808.165114695496
832.520325203252,1197.9417442709669
835.9183673469388,635.3774076463221
839.3442622950819,300.41813289556865
842.798353909465,221.13384145303795
846.2809917355372,298.1958751851031
849.792531120332,510.9992305711731
853.3333333333334,930.9671041839873
856.9037656903765,1314.429903886436
860.5042016806723,1223.1902457464487
864.1350210970463,1031.0757579365004
867.7966101694916,1182.5928642613685
871.4893617021277,1537.948939023456
875.2136752136753,1464.549372079177
878.9699570815451,1075.3024904281615
882.7586206896551,873.5203672069467
886.5800865800866,739.7840897247801
890.4347826086956,525.5203503342292
894.3231441048034,368.93303222828825
898.2456140350877,262.17230013901235
902.2026431718061,202.54971290035206
906.1946902654867,204.66456128028594
910.2222222222222,205.4480217316561
914.2857142857142,297.983036646299
918.3856502242153,541.5490534660822
922.5225225225224,494.4725301088604
926.6968325791854,498.9729519736013
930.9090909090908,792.1047461665937
935.1598173515981,748.4847529408019
939.4495412844036,484.47395125833657
943.778801843318,651.9873531310616
948.1481481481483,1061.9813686507514
952.5581395348837,777.3039006373599
957.0093457943926,528.1126033939033
961.5023474178405,672.1715473324753
966.0377358490566,658.2526315981285
970.6161137440758,400.46281111595175
975.2380952380953,354.96267112360033
979.9043062200957,400.2529038282724
984.6153846153846,310.06846047325155
989.3719806763285,247.65398454244547
994.1747572815533,232.2340213671468
999.0243902439023,114.35729378353123
1003.921568627451,54.17572189905197
1008.8669950738915,128.9408716230265
1013.8613861386139,261.12154690269057
1018.905472636816,340.0957809812944
1023.9999999999999,442.4334553732046
1029.145728643216,570.3639344772902
1034.3434343434344,668.179966523092
1039.5939086294416,787.7341166640409
1044.8979591836735,923.8581984119606
1050.2564102564102,1023.0841595680118
1055.6701030927834,1129.0214008190685
1061.139896373057,1239.781352313153
1066.6666666666665,1302.6661098584734
1072.2513089005236,1360.8205595651016
1077.8947368421054,1428.6197212223635
1083.5978835978835,1456.1307380836272
1089.3617021276596,1471.3194293805348
1095.1871657754011,1494.6396313522841
1101.0752688172042,1483.1252274302358
1107.0270270270269,1452.3961304784164
1113.0434782608695,1425.3919758963257
1119.1256830601094,1368.567041675854
1125.2747252747254,1290.5566602231766
1131.4917127071824,1218.6669269562356
1137.7777777777778,1132.1661356147742
1144.1340782122904,1032.3353554721327
1150.5617977528088,942.745519387322
1157.0621468926552,851.7974460657645
1163.6363636363635,755.616515152603
1170.2857142857142,671.7026836788343
1177.0114942528735,594.3765605721701
1183.815028901734,515.1478228358328
1190.6976744186047,444.54230622141944
1197.6608187134502,383.9608182383655
1204.705882352941,325.8426483256396
1211.834319526627,272.3375636591187
1219.0476190476188,226.1712251376398
1226.3473053892214,184.25663446405414
1233.734939759036,146.6864487102566
1241.2121212121212,115.78211988564536
1248.780487804878,90.28419367991127
1256.441717791411,68.49727394429256
1264.1975308641975,51.138452146804646
1272.0496894409937,38.09887143581821
1280.0,27.63485745601287
1288.0503144654087,19.247667460335354
1296.2025316455697,13.24685700854678
1304.4585987261146,8.855137346055463
1312.8205128205127,5.5334668247551875
1321.2903225806451,3.411870345785118
1329.8701298701299,2.110230105871691
1338.562091503268,1.3404525462526133
1347.3684210526317,1.1055931489106012
1356.291390728477,1.13744696896781
1365.3333333333333,1.4024941413688312
1374.496644295302,1.8571619359972884
1383.7837837837837,2.1774686386080173
1393.1972789115646,2.465123895124829
1402.7397260273972,2.8012233641819324
1412.4137931034481,2.914614787755729
1422.2222222222222,2.962112059354125
1432.1678321678319,3.128433932259671
1442.2535211267605,3.1443897873138433
1452.482269503546,3.0647310516540647
1462.857142857143,3.131855965441583
1473.3812949640287,3.1311916427423374
1484.0579710144928,2.99802140324213
1494.890510948905,2.9738985736255032
1505.8823529411766,2.9277696341760917
1517.037037037037,2.7192111476912957
1528.358208955224,2.5612812808184318
1539.8496240601505,2.437423462117959
1551.5151515151515,2.1917403684897248
1563.3587786259543,1.9474739490758215
1575.3846153846155,1.7591765270724813
1587.596899224806,1.5283721178522063
1600.0,1.30751272296527
1612.5984251968505,1.1535342845705439
1625.3968253968253,1.006419601396314
1638.3999999999999,0.8692606223671114
1651.6129032258063,0.7796645361207809
1665.040650406504,0.7079325190807422
1678.6885245901638,0.6383874988496065
1692.5619834710744,0.5818121209229402
1706.6666666666667,0.5221642956956755
1721.0084033613446,0.46152975209046393
1735.5932203389832,0.4148364015885577
1750.4273504273506,0.3677214042905843
1765.5172413793102,0.3180025990000408
1780.8695652173913,0.2755723985807067
1796.4912280701753,0.2339673904097096
1812.3893805309733,0.19770549040655627
1828.5714285714284,0.17214945816345223
1845.0450450450448,0.1466854999585084
1861.8181818181815,0.1223794369711857
1878.8990825688072,0.10654531468413467
1896.2962962962965,0.09412014163380855
1914.0186915887853,0.08351297619048363
1932.0754716981132,0.0801287027485823
1950.4761904761906,0.08005273255887958
1969.2307692307693,0.07670847263869482
1988.3495145631066,0.07395647339286936
2007.843137254902,0.07272150363678889
2027.7227722772277,0.06713011418244959
2047.9999999999998,0.057945575334140575
2068.686868686869,0.04858587230238376
2089.795918367347,0.03859378905788934
2111.340206185567,0.028386028324135865
2133.333333333333,0.019408364316154142
2155.789473684211,0.01245530133732958
2178.723404255319,0.007554184242884936
2202.1505376344085,0.00421428275022502
2226.086956521739,0.0023039757109247867
2250.5494505494507,0.001390349222706443
2275.5555555555557,0.0009020468074878521
2301.1235955056177,0.0006700922933757797
2327.272727272727,0.0004677430064738295
2354.022988505747,0.0003771460236528067
2381.3953488372094,0.0004689535841695969
2409.411764705882,0.0006113114364356777
2438.0952380952376,0.0009093837030050865
2467.469879518072,0.0012456625135462964
2497.560975609756,0.0014939659380196464
2528.395061728395,0.0016877678908676919
2560.0,0.0016383395519322047
2592.4050632911394,0.0013665637408833376
2625.6410256410254,0.001061920301513409
2659.7402597402597,0.0007366945788558828
2694.7368421052633,0.0004455831887700928
2730.6666666666665,0.0002601634881099433
2767.5675675675675,0.00019248912157002912
2805.4794520547944,0.00023023698036225487
2844.4444444444443,0.00031263086474353274
2884.507042253521,0.0003903025441027143
2925.714285714286,0.0004477746255083568
2968.1159420289855,0.0004798761279692619
3011.764705882353,0.00047735189929168256
3056.716417910448,0.00044918989021439245
3103.030303030303,0.0004311320776825791
3150.769230769231,0.0004169715594183888
3200.0,0.0003766255179728295
3250.7936507936506,0.00033439833789030126
3303.2258064516127,0.0003170931358275586
3357.3770491803275,0.0002931520008114036
3413.3333333333335,0.0002505546157816607
3471.1864406779664,0.0002210482082944439
3531.0344827586205,0.00020826070865778966
3592.9824561403507,0.00018387457477518003
3657.142857142857,0.0001389441899189421
3723.636363636363,0.00011473303186044579
3792.592592592593,0.00014958660877457673
3864.1509433962265,0.00021823131656446333
3938.4615384615386,0.0002899875306248849
4015.686274509804,0.0003654253700534797
4095.9999999999995,0.0004375773719004194
4179.591836734694,0.0004173412219363764
4266.666666666666,0.00021126380863174406
4357.446808510638,4.5311929448054945e-05
4452.173913043478,7.611177444498313e-06
4551.111111111111,7.104681427852976e-07
4654.545454545454,5.417843520752989e-08
4762.790697674419,7.927306653250096e-08
4876.190476190475,1.200876519674603e-08
4995.121951219512,7.579243412101559e-10
5120.0,3.425033108114703e-09
5251.282051282051,9.213540363193633e-10
5389.473684210527,1.9442178615465224e-11
5535.135135135135,2.1776395363228658e-10
5688.888888888889,1.088599832619714e-10
5851.428571428572,6.363837521212563e-12
6023.529411764706,1.358246263742808e-11
6206.060606060606,1.1365065709261664e-11
6400.0,2.9303577742339172e-12
6606.451612903225,1.286021332110742e-12
6826.666666666667,1.0343125134225656e-12
7062.068965517241,5.985194160354874e-13
7314.285714285714,2.9180695979638e-13
7585.185185185186,1.9167872138219487e-13
7876.923076923077,1.2050224313618006e-13
