"Wavelength, nm",Intensity
136.44237175216523,6.716765142096427e-22
136.53333333333333,8.801492547667578e-22
136.62441627751835,1.161611332805272e-21
136.71562082777035,1.5406690074915503e-21
136.80694722778892,2.0450990251271922e-21
136.89839572192514,2.6287508334104893e-21
136.98996655518394,5.600948776296043e-20
137.08165997322624,6.011434286928995e-18
137.17347622237108,3.115511982857457e-16
137.26541554959786,7.21817189484439e-15
137.35747820254863,8.95175878206795e-14
137.4496644295302,6.947832579585759e-13
137.54197447951645,3.76875886692386e-12
137.63440860215053,1.5445874099555428e-11
137.72696704774717,5.079925532729559e-11
137.81965006729476,1.422730940582525e-10
137.9124579124579,3.654153148336254e-10
138.0053908355795,9.334411811809212e-10
138.09844908968307,2.4680300928595907e-09
138.19163292847506,6.556536665623187e-09
138.28494260634707,1.655170070885802e-08
138.37837837837836,3.82779711625748e-08
138.47194050033806,8.013131115990601e-08
138.5656292286874,1.5226346021447572e-07
138.65944482058225,2.650802013917824e-07
138.75338753387533,4.277819612836817e-07
138.84745762711862,6.474761503235048e-07
138.94165535956583,9.281535013181873e-07
139.03598099117448,1.2679632711297564e-06
139.1304347826087,1.6546648580028867e-06
139.22501699524133,2.0615475895789278e-06
139.31972789115645,2.4467936328013395e-06
139.4145677331518,2.759033692988224e-06
139.50953678474113,2.9511078499677567e-06
139.60463531015677,2.9989455434904616e-06
139.69986357435198,2.91478944902614e-06
139.79522184300342,2.744399598382632e-06
139.89071038251367,2.5488723102908563e-06
139.98632946001365,2.3821909902001077e-06
140.08207934336525,2.2779670609359206e-06
140.17796030116358,2.253996850986162e-06
140.27397260273972,2.3339725694235503e-06
140.37011651816314,2.577801455941034e-06
140.46639231824417,3.1105639881794826e-06
140.56280027453673,4.141446390691254e-06
140.65934065934067,5.962916750670206e-06
140.75601374570448,8.9199009738673e-06
140.85281980742778,1.3341182254965629e-05
140.949759119064,1.9425811212333846e-05
141.04683195592284,2.7092161978847365e-05
141.14403859407307,3.5859793755667155e-05
141.24137931034483,4.4890985491190625e-05
141.33885438233264,5.325296887468136e-05
141.4364640883978,6.032362291937266e-05
141.53420870767104,6.62086913369369e-05
141.6320885200553,7.20209594519372e-05
141.73010380622836,7.981800085910593e-05
141.8282548476454,9.207897094558719e-05
141.92654192654192,0.0001108789855083245
142.0249653259362,0.00013715120397453747
142.1235253296322,0.00017047047953536217
142.22222222222223,0.00020958318212097846
142.32105628908963,0.0002534168112643248
142.42002781641168,0.00030201563330048734
142.51913709116212,0.00035711611567336486
142.6183844011142,0.0004220792853481546
142.7177700348432,0.0005003076358402131
142.81729428172943,0.0005918043726419792
142.91695743196092,0.0006896902928552683
143.0167597765363,0.0007792665626714388
143.11670160726763,0.0008403499289949852
143.21678321678323,0.0008526395057468307
143.31700489853043,0.0008044390108175197
143.4173669467787,0.0007025133633800822
143.5178696566223,0.0005765440780412638
143.61851332398317,0.00047329966549940845
143.71929824561403,0.0004422415682803451
143.8202247191011,0.0005181125810994719
143.92129304286718,0.0007075550757897909
144.0225035161744,0.0009876692608457123
144.12385643912737,0.0013188701422774062
144.22535211267606,0.0016650609032974873
144.32699083861874,0.0020116804358197562
144.42877291960508,0.0023731962368749495
144.530698659139,0.00278153279984588
144.6327683615819,0.003257747348930624
144.73498233215545,0.0037866964573393487
144.83734087694484,0.004311767999269749
144.9398443029016,0.004748595362534057
145.04249291784703,0.005012255161678804
145.14528703047483,0.005054095010013359
145.24822695035462,0.004891577649827032
145.35131298793468,0.004609104325440885
145.45454545454544,0.004328911846640121
145.55792466240226,0.004170833061933357
145.66145092460883,0.004217170240383543
145.76512455516016,0.004491489195679361
145.86894586894587,0.004957061060061992
145.9729151817534,0.005535136703920349
146.07703281027102,0.006139796892408765
146.18129907209135,0.006723616935484344
146.28571428571428,0.007315857959120655
146.39027877055037,0.008028833975961387
146.49499284692416,0.00903002477862855
146.59985683607732,0.010496580582994212
146.7048710601719,0.012552993148408806
146.8100358422939,0.015188392381787132
146.91535150645623,0.018195042045585648
147.0208183776023,0.021188157749844675
147.1264367816092,0.023702695187802134
147.23220704529115,0.025312177164780618
147.33812949640287,0.02574780186192232
147.4442044636429,0.025009606382686712
147.55043227665706,0.023406499892803075
147.6568132660418,0.021468256571417113
147.76334776334778,0.019772500642646212
147.87003610108303,0.0187776542601581
147.97687861271675,0.018711889945440482
148.08387563268258,0.0195355632709176
148.19102749638205,0.020983542403366827
148.29833454018825,0.022674816756013846
148.40579710144928,0.02426097785205493
148.51341551849166,0.025554991502300162
148.6211901306241,0.026565167088481
148.72912127814087,0.02743333614256792
148.8372093023256,0.02835244004148051
148.94545454545454,0.02949360077280928
149.0538573508006,0.030926453477733082
149.16241806263656,0.03257079899849715
149.27113702623907,0.03422621291576852
149.38001458789202,0.035642336347742894
149.4890510948905,0.03657755514475944
149.59824689554418,0.03685435586345762
149.70760233918128,0.03641788969133513
149.81711777615214,0.03536326066216767
149.9267935578331,0.03391552307126663
150.03663003663004,0.03238508426341854
150.1466275659824,0.031113553225489546
150.25678650036684,0.030405447908923647
150.36710719530103,0.03044974736191296
150.47759000734754,0.03125266122307684
150.58823529411762,0.03260829787275958
150.69904341427517,0.03412892125363368
150.8100147275405,0.03533759236861755
150.92114959469419,0.03579051683950098
151.03244837758112,0.0351816850727226
151.1439114391144,0.03341738922661756
151.25553914327915,0.030662067206869977
151.3673318551367,0.0273094343556138
151.47928994082838,0.023850709437416653
151.59141376757958,0.02072191001813783
151.7037037037037,0.018217440984736245
151.81616011860638,0.016448834755282273
151.92878338278933,0.015326437346314026
152.04157386785448,0.014614862495956985
152.15453194650817,0.014064815499814216
152.26765799256503,0.013535913025476326
152.38095238095235,0.013053492959362673
152.4944154877141,0.012807190520977545
152.6080476900149,0.013103266703322309
152.72184936614468,0.014275235447415066
152.8358208955224,0.016575587423737922
152.9499626587005,0.02008296982098235
153.0642750373692,0.024650576939812045
153.1787584143605,0.029911155611640143
153.29341317365268,0.03533812969741569
153.40823970037454,0.040331937171931107
153.5232383808096,0.044297255200860426
153.6384096024006,0.046717427766981776
153.75375375375376,0.0472383713888915
153.86927122464311,0.04572621266707294
153.98496240601503,0.042268693727026886
154.10082768999246,0.03715513544952516
154.2168674698795,0.03086383375445839
154.33308214016577,0.024020155680497906
154.4494720965309,0.017299170962081493
154.56603773584905,0.011312193286848982
154.68277945619334,0.006514930275389183
154.79969765684052,0.003135337948133111
154.91679273827532,0.0011335853335643113
155.0340651021953,0.00022977279883787152
155.15151515151516,3.432184990348585e-06
155.2691432903715,3.397334775597726e-05
155.38694992412746,4.760047248762569e-05
155.50493545937738,2.7114573725292695e-05
155.62310030395136,0.00024083386867540185
155.74144486692012,0.0011802773582579877
155.8599695585997,0.0034177178838308226
155.97867479055597,0.007409237989958853
156.09756097560975,0.013313601120713997
156.21662852784135,0.020893195794418087
156.33587786259542,0.02949660701795697
156.45530939648586,0.03813315044689243
156.5749235474006,0.04568220363728577
156.69472073450652,0.05116672465368923
156.8147013782542,0.05393877113480011
156.93486590038313,0.05376162062288838
157.05521472392638,0.05085984908987791
157.17574827321565,0.04588960966069421
157.29646697388634,0.039764686854122135
157.4173712528824,0.03343478617276406
157.53846153846155,0.027733897102519726
157.65973826020013,0.023285127421189537
157.78120184899845,0.020425770213789638
157.9028527370856,0.019179684519698544
158.02469135802468,0.019294507715532982
158.14671814671814,0.02032102367713754
158.26893353941267,0.021706329266070693
158.39133797370457,0.022878074569498214
158.5139318885449,0.02332263037038873
158.63671572424477,0.022679832237954733
158.7596899224806,0.020831406936380695
158.88285492629947,0.01792928198247922
159.0062111801242,0.014367164225255077
159.12975912975912,0.010723536631740525
159.25349922239502,0.00765654855960542
159.37743190661476,0.005747638523437552
159.50155763239874,0.0053509567201291556
159.62587685113016,0.006494596599166056
159.7503900156006,0.008854808075566444
159.87509758001562,0.011823898694192451
160.0,0.014656324701151894
160.12509773260362,0.01665146290550335
160.2503912363067,0.017342810826753558
160.37588097102582,0.016646217651089774
160.5015673981191,0.014915397053155584
160.62745098039213,0.012895428956899968
160.7535321821036,0.01158100739744816
160.87981146897093,0.011996865308007719
161.0062893081761,0.014956760244959
161.13296616837135,0.02086183279040329
161.25984251968504,0.029586831172791105
161.38691883372735,0.04049168542240382
161.51419558359618,0.052534616683667955
161.64167324388316,0.06443657450468324
161.7693522906793,0.0748957731157627
161.89723320158103,0.0828202020522074
162.0253164556962,0.08748100519368623
162.15360253365006,0.08856358833786142
162.28209191759112,0.0861686162490823
162.41078509119745,0.08076590900048544
162.53968253968253,0.0731020264831193
162.66878474980143,0.06412219046245989
162.79809220985692,0.05491882279178787
162.92760540970565,0.04664599757530152
163.05732484076432,0.04038809156303859
163.18725099601593,0.037024636097557614
163.31738437001593,0.037102996924992505
163.44772545889865,0.04072112090168715
163.57827476038338,0.047454162752216235
163.709032773781,0.05635642131354028
163.84,0.06605209041192162
163.97117694155327,0.07492438435895617
164.1025641025641,0.08138682275658622
164.23416198877305,0.08416919639280133
164.3659711075441,0.08253515183402207
164.49799196787149,0.0764088268911013
164.63022508038586,0.066436463347713
164.76267095736122,0.05394886635778744
164.89533011272144,0.04075540728919932
165.02820306204674,0.02881139861256696
165.16129032258064,0.019874816618049834
165.29459241323647,0.015211281261671261
165.4281098546042,0.015384057501280928
165.56184316895713,0.02017527729990198
165.6957928802589,0.028643632228283613
165.82995951417004,0.03931241447630921
165.9643435980551,0.05045264252091613
166.09894566098947,0.060348686917683386
166.23376623376623,0.06751027867672788
166.36880584890332,0.0709111600746978
166.5040650406504,0.07019644761599673
166.63954434499593,0.06569295112015197
166.77524429967426,0.05826379048628413
166.9111654441728,0.049164734178931475
167.047308319739,0.03988631341599767
167.18367346938777,0.031920464115453906
167.3202614379085,0.026544966745714497
167.45707277187245,0.024719019763647643
167.59410801963992,0.02704573781163891
167.7313677313677,0.033735392600102464
167.86885245901638,0.044558103409522216
168.00656275635768,0.05878608127040664
168.14449917898193,0.0751620235044945
168.28266228430567,0.09198833051191266
168.42105263157896,0.10735643247553633
168.559670781893,0.1194115429119605
168.6985172981878,0.12661833096482877
168.83759274525966,0.1280724166446567
168.97689768976898,0.1237258382380807
169.11643270024774,0.1143489985511249
169.25619834710741,0.10136792059589954
169.39619520264682,0.08677612434536006
169.53642384105962,0.07299147272491505
169.67688483844242,0.06251952555699891
169.81757877280262,0.05755917354863259
169.95850622406635,0.05966383606470251
170.09966777408638,0.06945191328545511
170.24106400665005,0.0864227900487067
170.3826955074875,0.10895514509055267
170.52456286427974,0.1345466859345692
170.66666666666666,0.1602916872455273
170.8090075062552,0.18336665660088525
170.9515859766277,0.20133816405491223
171.09440267335003,0.21244885328700377
171.23745819397996,0.2159078065067934
171.3807531380753,0.2118963723997885
171.52428810720266,0.20134750819913746
171.66806370494552,0.18585996484352044
171.81208053691276,0.16766888061316976
171.95633921074725,0.14937532476117
172.10084033613444,0.13355466388936965
172.24558452481077,0.12249033861575119
172.3905723905724,0.11798940530604059
172.5358045492839,0.12119227747578437
172.681281618887,0.13244066626023873
172.82700421940928,0.15126602183076382
172.97297297297297,0.17647638026337858
173.11918850380385,0.2062854944954228
173.26565143824024,0.23846517048817534
173.41236240474177,0.2705378860731713
173.55932203389833,0.2999582720521793
173.70653095843934,0.32423153003832555
173.85398981324278,0.34108960087816054
174.0016992353441,0.34881602117822424
174.14965986394557,0.34654588943942793
174.2978723404255,0.3344222948255446
174.44633730834755,0.3137646813791326
174.59505541346974,0.2872599119196344
174.74402730375425,0.2588615454265452
174.8932536293766,0.23323067861654342
175.04273504273505,0.21493057181997713
175.1924721984602,0.20764843888331447
175.34246575342465,0.2135860592735037
175.49271636675235,0.23312462960603886
175.6432246998285,0.2648368666493233
175.79399141630904,0.30582260897339103
175.94501718213058,0.35227199773419277
176.0963026655202,0.40006489803328094
176.24784853700515,0.4451794231083433
176.3996554694229,0.4839316544119832
176.55172413793102,0.513264924053895
176.70405522001724,0.531070238835707
176.85664939550952,0.53638174920436
177.00950734658602,0.5295222686327762
177.16262975778545,0.5122096473042174
177.3160173160173,0.4873746416302522
177.46967071057193,0.45870872415261144
177.62359063313096,0.43027091179232985
177.77777777777777,0.40619337210256834
177.93223284100782,0.3903138699528148
178.08695652173913,0.3858290847938887
178.24194952132288,0.3951290270063837
178.397212543554,0.41968866239135555
178.55274629468178,0.45983613099305765
178.70855148342056,0.5144832958703812
178.86462882096066,0.5810605894749868
179.02097902097898,0.6557147893279518
179.17760279965006,0.7336220118408382
179.33450087565674,0.8093651758197647
179.4916739702016,0.8773994785871608
179.64912280701753,0.9325138835106629
179.80684811237927,0.9703263150898317
179.96485061511424,0.9879593830261109
180.12313104661388,0.9846876301436401
180.28169014084506,0.9622690491312869
180.44052863436124,0.9250165485584451
180.59964726631395,0.8794941097383098
180.75904677846424,0.8335454224102421
180.91872791519435,0.7949918638963889
181.07869142351902,0.7706300211621938
181.23893805309734,0.7655399420788368
181.39946855624444,0.7824641622301457
181.56028368794324,0.8214657210587446
181.72138420585628,0.8801643547616175
181.88277087033748,0.9543017668077339
182.04444444444445,1.0381187185203251
182.20640569395016,1.1246261859637192
182.3686553873553,1.2063213298072024
182.53119429590015,1.2762783751542384
182.69402319357712,1.3289997011256374
182.85714285714286,1.3608989809470051
183.0205540661305,1.3705953770452532
183.18425760286226,1.3589044760161522
183.34825425246197,1.3285651116339712
183.51254480286738,1.283984586325269
183.67713004484304,1.230886974504482
183.84201077199282,1.1756306711607725
184.00718778077265,1.1244941768113113
184.1726618705036,1.0833087740668603
184.33843384338437,1.0572556438812932
184.5045045045045,1.0504103382117194
184.67087466185754,1.0650145120562355
184.83754512635377,1.1009269840567923
185.0045167118338,1.1557046522909722
185.17179023508135,1.2251921274735906
185.33936651583707,1.3039887887337311
185.5072463768116,1.3856274014401835
185.675430643699,1.4631936013784679
185.84392014519057,1.5305876378259182
186.01271571298818,1.5832279945390004
186.1818181818182,1.6176244597240894
186.3512283894449,1.6311754535981102
186.52094717668484,1.6229651376031136
186.69097538742025,1.5942419499202019
186.86131386861314,1.5478307476423936
187.03196347031962,1.4877130769472708
187.20292504570384,1.4194115295795184
187.37419945105214,1.3499952478985158
187.54578754578753,1.286991226958992
187.71769019248396,1.2371213045249532
187.88990825688072,1.2057094472460552
188.06244260789717,1.1963718609048424
188.23529411764707,1.2103601828373527
188.40846366145354,1.2457808768097234
188.5819521178637,1.2974316307050275
188.75576036866357,1.3574378665864812
188.92988929889296,1.4160951184684172
189.10433979686056,1.4626855926255815
189.27911275415894,1.486992890442756
189.45420906567992,1.481707244799512
189.62962962962962,1.444300287891395
189.80537534754404,1.3770831659714906
189.98144712430428,1.2859677680763923
190.15784586815226,1.1789900421149793
190.3345724907063,1.0647767986761856
190.51162790697674,0.9510429992449683
190.68901303538178,0.8436848367937697
190.8667287977633,0.7466966904138916
191.044776119403,0.6625368337061804
191.22315592903828,0.5924977766682664
191.4018691588785,0.5368786002293213
191.5809167446211,0.49512286551073525
191.76029962546815,0.46615879378225744
191.94001874414244,0.4486720256860971
192.12007504690433,0.4409393433949853
192.3004694835681,0.4406924011112042
192.48120300751881,0.4458087755105193
192.66227657572907,0.455446591307455
192.8436911487759,0.47029479381033096
193.02544769085767,0.49173804336865223
193.2075471698113,0.521132609756368
193.38999055712932,0.5595646642175326
193.57277882797732,0.6073217257373036
193.75591296121098,0.6632351472483881
193.93939393939394,0.7248327734436386
194.12322274881518,0.7891904146741349
194.30740037950665,0.8536005974399071
194.49192782526114,0.9156097675122435
194.67680608365018,0.9725925630817839
194.86203615604185,1.0215943487786716
195.04761904761907,1.060051333040061
195.23355576739752,1.0868519348795522
195.4198473282443,1.1028579423317917
195.6064947468959,1.1109246214035808
195.79349904397705,1.1155205750133883
195.9808612440191,1.121499183760955
196.1685823754789,1.13236497180089
196.35666347075744,1.149141302987097
196.5451055662188,1.1701269400830652
196.73390970220942,1.1912179336543294
196.92307692307693,1.2067982742173482
197.1126082771896,1.2112016462432242
197.30250481695566,1.2004996009905609
197.4927675988428,1.1741746881079922
197.68339768339766,1.1357147768803915
197.8743961352657,1.0912242667888021
198.06576402321085,1.0466379556265708
198.25750242013552,1.0053801848632475
198.44961240310076,0.9676702753474092
198.64209505334625,0.9314614865979657
198.83495145631065,0.8943879229666515
199.02818270165207,0.8554663272812527
199.22178988326846,0.8156464458084476
199.4157740993184,0.7777168369072599
199.61013645224173,0.7457414570149242
199.8048780487805,0.7233314603055883
200.0,0.7119785440259879
200.19550342130987,0.7115255814147489
200.3913894324853,0.7214436731680219
200.58765915768853,0.7405358587268518
200.78431372549022,0.7666546714348507
200.9813542688911,0.7985239580173612
201.17878192534383,0.8370011378804239
201.37659783677483,0.8831254579410706
201.5748031496063,0.9359668042336887
201.77339901477833,0.9930932283260517
201.9723865877712,1.0507235873178142
202.1717670286278,1.1022209397549518
202.3715415019763,1.1394380156875592
202.57171117705244,1.1574289314528765
202.77227722772278,1.1564254909058589
202.97324083250743,1.1399666767203642
203.17460317460316,1.1136163681920799
203.37636544190661,1.0837026564246137
203.57852882703776,1.0539449903478024
203.78109452736314,1.0239012349030292
203.98406374501994,0.9915349757603027
204.1874376869392,0.9558662891388686
204.39121756487026,0.9177908956896104
204.5954045954046,0.8806507125206551
204.79999999999998,0.8499564423271779
205.005005005005,0.8316132316352612
205.21042084168334,0.8300973750468295
205.41624874623875,0.8472079735926908
205.62248995983938,0.8814535148857011
205.8291457286432,0.9282517408857796
206.03621730382292,0.9804304972578282
206.24370594159112,1.0296371058308993
206.4516129032258,1.0694933397810205
206.65993945509584,1.098186359654863
206.86868686868684,1.1182642408679822
207.07785642062692,1.1343964361986358
207.28744939271257,1.1501595264290432
207.49746707193518,1.1653640865259742
207.7079107505071,1.175987484377624
207.9187817258883,1.1764660715008095
208.130081300813,1.1626711412447401
208.34181078331636,1.1345210376511772
208.55397148676167,1.0966683840092841
208.7665647298675,1.0564451290945645
208.9795918367347,1.0206323808164375
209.19305413687437,0.9929913377110614
209.40695296523518,0.9740223606786094
209.6212896622313,0.9625761248910755
209.83606557377047,0.9568902988581769
210.05128205128204,0.9555709743040118
210.26694045174537,0.9601519719243147
210.48304213771837,0.974955030188425
210.69958847736626,1.0025283600458115
210.91658084449023,1.04195605581958
211.1340206185567,1.0912290856270168
211.3519091847265,1.146665093421328
211.5702479338843,1.2009482157341544
211.78903826266804,1.2464964129358282
212.00828157349895,1.28107741569648
212.22797927461139,1.3081124812617533
212.448132780083,1.3316904809898693
212.668743509865,1.3527684533467708
212.88981288981287,1.3692558301540814
213.11134235171693,1.375922647681979
213.33333333333334,1.3645336637219483
213.555787278415,1.3296480470183645
213.7787056367432,1.2751331440209352
214.00208986415882,1.2120262052127382
214.22594142259413,1.1526160656232576
214.4502617801047,1.1072923469526343
214.67505241090146,1.080442693436845
214.900314795383,1.0674667943228544
215.12605042016807,1.0592002413837016
215.35226077812828,1.0483818810986667
215.57894736842104,1.0317042880606393
215.80611169652263,1.0110422876785283
216.03375527426158,0.9946862312157312
216.26187961985215,0.9953453907949973
216.49048625792813,1.0255428171288434
216.7195767195767,1.091766098385115
216.9491525423729,1.189443821192955
217.17921527041358,1.3014548269251194
217.40976645435242,1.4014978161047786
217.64080765143464,1.4637268397653023
217.87234042553192,1.4760485386128954
218.10436634717786,1.4464212093564137
218.33688699360337,1.3981244995275992
218.5699039487727,1.360853030674554
218.80341880341882,1.3578503200955823
219.0374331550802,1.3912930783941926
219.27194860813702,1.4399910450911624
219.5069667738478,1.4723470027121905
219.74248927038627,1.461095307430486
219.97851772287862,1.3939911273667214
220.21505376344086,1.2809612291432297
220.45209903121636,1.150477674252088
220.68965517241378,1.0363536229785233
220.92772384034518,0.9664143157865809
221.16630669546436,0.9555354301856489
221.4054054054054,1.002087781249294
221.64502164502164,1.0903047740964054
221.88515709642468,1.1959538165927466
222.12581344902384,1.2913156800229113
222.36699239956567,1.3528648700589951
222.6086956521739,1.3707684166601608
222.85092491838955,1.351985334569671
223.09368191721134,1.3186661382446256
223.3369683751363,1.3048067837607207
223.58078602620085,1.3416921831129835
223.82513661202185,1.4377849479832365
224.07002188183807,1.5751689660112493
224.31544359255204,1.7168004342427197
224.56140350877192,1.8137021022723643
224.80790340285398,1.8269397416409765
225.05494505494505,1.7493062713125604
225.30253025302528,1.600539793047058
225.55066079295153,1.420224049083588
225.79933847850054,1.2628653876139468
226.0485651214128,1.1698376283854386
226.29834254143645,1.1513691651263858
226.54867256637166,1.1996012416698094
226.79955703211516,1.287371691499531
227.0509977827051,1.3670374924426705
227.30299667036624,1.4057250711190938
227.55555555555554,1.3974594036263912
227.80867630700777,1.339601472426715
228.06236080178175,1.2471187458693995
228.31661092530658,1.1685641297121805
228.57142857142856,1.1423126081367756
228.82681564245812,1.1819983683328523
229.082774049217,1.310469772304004
229.33930571108624,1.5207569352111103
229.59641255605382,1.742386940088262
229.8540965207632,1.925329030846769
230.1123595505618,2.0469277595312176
230.37120359955006,2.045443080143056
230.6306306306306,1.9224065277920819
230.89064261555805,1.7770325478233204
231.1512415349887,1.6369371447028938
231.41242937853107,1.5079303928504786
231.67420814479635,1.4777786538189142
231.9365798414496,1.523889264705266
232.19954648526078,1.5426794183913073
232.46311010215663,1.5765130252902486
232.7272727272727,1.6286025623753255
232.9920364050057,1.5776271430230857
233.25740318906605,1.4810664310215027
233.52337514253134,1.45191022657463
233.78995433789953,1.382615653118129
234.05714285714288,1.264182396345092
234.32494279176203,1.2784590544910794
234.59335624284074,1.3505813762819658
234.8623853211009,1.343915209575898
235.13203214695753,1.4648485706364862
235.4022988505747,1.7180234049090268
235.67318757192174,1.788074680505864
235.9447004608295,1.834208320070435
236.2168396770473,2.0608686245693
236.48960739030022,2.0390693055118962
236.76300578034682,1.7879123193132336
237.03703703703707,1.8306326331576968
237.3117033603708,1.8269617090111845
237.58700696055683,1.5361759807031357
237.862950058072,1.666837868033882
238.13953488372093,1.9997089959684269
238.41676367869616,1.8538040562310234
238.69463869463866,1.9602513892829336
238.97316219369893,2.4215073016899846
239.25233644859816,2.1337473077755185
239.53216374269007,1.6983767032254578
239.81264637002343,1.953683368002746
240.0937866354044,1.7481840717658517
240.37558685446012,1.1036222832886797
240.65804935370153,1.3733536425274233
240.94117647058823,1.6908053650683297
241.2249705535924,1.1855001542350554
241.50943396226415,1.4242078127692797
241.79456906729635,2.3462847611069155
242.080378250591,1.9670140204169901
242.3668639053254,1.486173515884566
242.65402843601896,2.536799601050715
242.94187425860022,2.5716939692993295
243.23040380047507,1.2832371965224683
243.51961950059456,1.9601092918436887
243.80952380952382,2.74232954311584
244.1001191895113,1.3303550206524088
244.39140811455846,1.7672701225676641
244.68339307048984,3.5244560271174525
244.97607655502392,2.1529885646102147
245.2694610778443,1.5958246729202636
245.56354916067144,3.994154468991069
245.85834333733493,3.261365213642372
246.15384615384616,1.0117223807962585
246.4500601684717,2.812820410609265
246.7469879518072,3.624123971228013
247.04463208685164,0.8475404243278677
247.34299516908212,1.2311493114840488
247.6420798065296,3.4910434522019327
247.9418886198547,1.5355907932522384
248.24242424242422,0.46929879468485747
248.54368932038832,4.026320436236177
248.8456865127582,3.8650647487743695
249.14841849148416,0.42760364264103595
249.45188794153472,3.640866366611288
249.75609756097558,6.917506335379341
250.06105006105005,2.0665250075866117
250.36674816625916,1.2117328044984472
250.6731946144431,6.529024507186828
250.98039215686276,4.019671645309013
251.2883435582822,0.056570287143297086
251.5970515970516,5.352876786032757
251.90651906519062,6.339769801817225
252.21674876847288,0.37750336365073645
252.52774352651045,4.023775024937642
252.8395061728395,10.443534887359938
253.15203955500616,4.637301701237301
253.46534653465346,0.29959069139103744
253.7794299876084,7.286594314059554
254.09429280397023,8.680091087042776
254.40993788819875,1.3410565630134903
254.726368159204,1.7858548624358792
255.04358655043586,6.572188298124193
255.36159600997507,3.0022044367937646
255.6803995006242,0.3976564778498813
255.99999999999997,6.3500729269468295
256.3204005006258,7.5177107384422905
256.64160401002505,1.2359258327328222
256.9636135508155,2.424308036996458
257.286432160804,9.33521035766664
257.61006289308176,7.405774633043305
257.9345088161209,1.0557716051182415
258.2597730138714,2.443080866544948
258.5858585858586,6.1355565333342375
258.91276864728195,3.471557072221364
259.24050632911394,0.20623382353576808
259.5690747782003,2.4591358102328873
259.8984771573604,4.81167690872829
260.22871664548916,2.5432195097765176
260.55979643765903,0.7488701708276045
260.89171974522293,3.7986356570070763
261.2244897959184,6.563204875968909
261.5581098339719,4.008086272004772
261.89258312020456,0.9739850940933168
262.2279129321382,2.9604665754310995
262.56410256410254,5.446406453999885
262.9011553273428,3.09598571327356
263.2390745501285,0.3773856721318337
263.5778635778636,2.227680105363515
263.91752577319585,4.356937418731565
264.258064516129,2.596659149711735
264.59948320413434,1.1449794377018363
264.9417852522639,3.6287626862776174
265.2849740932642,6.339088532291597
265.6290531776913,5.583997081103782
265.974025974026,3.454542343970931
266.3198959687906,3.403882305907007
266.66666666666663,5.130563394528795
267.01434159061273,5.436978985736282
267.3629242819843,3.0548741780162962
267.7124183006536,0.9827846506926642
268.0628272251309,1.5302121048722253
268.41415465268676,2.249356100403474
268.76640419947506,1.2677973456939897
269.119579500657,1.0802502652326285
269.47368421052636,3.0884089640464434
269.82872200263506,4.994616549143757
270.1846965699208,5.394395120084513
270.5416116248349,5.213068892553767
270.8994708994709,5.251034003776845
271.25827814569533,5.996640653081435
271.6180371352785,6.9634174581199915
271.97875166002655,5.994243097930331
272.3404255319149,3.226663822630118
272.70306258322233,1.8739887538313127
273.06666666666666,2.3345392283641457
273.4312416555407,2.2183767836448207
273.7967914438503,1.5700074829095851
274.1633199464525,1.7001018069263425
274.5308310991957,2.5215451513416567
274.8993288590604,3.99972347965469
275.26881720430106,5.7504959015485
275.6393001345895,6.0417859044894
276.010781671159,4.969726189199542
276.3832658569501,4.825225393139721
276.7567567567567,5.408986513434899
277.1312584573748,4.873304529222109
277.50677506775065,3.699541124829083
277.88331071913166,2.7928591654123527
278.2608695652174,2.0510963471097097
278.6394557823129,2.1150174019701478
279.01907356948226,3.1402821436987405
279.39972714870396,3.845405908402242
279.78142076502735,4.0937650854168774
280.1641586867305,5.005498064966792
280.54794520547944,6.233565893484862
280.93278463648835,6.741297317627135
281.31868131868134,6.733206677761839
281.70563961485556,6.361510796964606
282.0936639118457,5.338734062017202
282.48275862068965,4.159596409152488
282.8729281767956,3.2840913019941227
283.2641770401106,2.5447657592238997
283.6565096952908,2.1389472331927024
284.0499306518724,2.3334225080609894
284.44444444444446,2.8364240500662263
284.84005563282335,3.6144911332933405
285.2367688022284,4.970556852058423
285.63458856345886,6.583964841586508
286.0335195530726,7.7954435552973385
286.43356643356645,8.413403865072835
286.8347338935574,8.557540493078383
287.23702664796633,8.347067365954025
287.6404494382022,7.7613897288483145
288.0450070323488,6.608708270821863
288.4507042253521,5.035037754926263
288.85754583921016,3.6813305183775413
289.2655367231638,2.9186848040764835
289.6746817538897,2.5655306099146262
290.08498583569406,2.491986724669708
290.49645390070924,2.9188122350248036
290.9090909090909,4.087286046034538
291.32290184921766,5.766151889934498
291.73789173789174,7.1982853722092655
292.15406562054204,7.934773513968119
292.57142857142856,8.442940649834869
292.9899856938483,9.190781394989557
293.4097421203438,9.62720722286155
293.83070301291247,8.899879603511883
294.2528735632184,7.144048018053963
294.67625899280574,5.40104898937399
295.1008645533141,4.434450683417456
295.52669552669556,3.996793684397585
295.9537572254335,3.4215504768291884
296.3820549927641,2.7949104517817522
296.81159420289856,3.013536514840733
297.2423802612482,4.491465323750587
297.6744186046512,6.339554401919344
298.1077147016012,7.2938682685936325
298.54227405247815,7.279684650476011
298.978102189781,7.526190565750454
299.41520467836256,8.808581313352123
299.8535871156662,10.001340238464463
300.2932551319648,9.202353454603642
300.73421439060206,6.319135979892031
301.17647058823525,3.6347453805222996
301.620029455081,3.263671296760733
302.06489675516224,4.578948667013971
302.5110782865583,4.996505122555419
302.95857988165676,3.379297979781571
303.4074074074074,1.8920723984364003
303.85756676557867,3.729469300934933
304.30906389301634,9.057964181245367
304.7619047619047,13.901088379445376
305.2160953800298,13.749402896395045
305.6716417910448,8.450882862142238
306.1285500747384,2.964753172284834
306.58682634730536,2.519319084405044
307.0464767616192,6.964575337209976
307.5075075075075,10.70278950722058
307.96992481203006,8.825817183399662
308.433734939759,2.9555647851545372
308.8989441930618,0.053790592395472535
309.3655589123867,5.065742787676281
309.83358547655064,15.169797145105804
310.3030303030303,21.87755140067351
310.7738998482549,19.080657746932715
311.2462006079027,9.090529392359809
311.7199391171994,0.890551316416136
312.1951219512195,2.2391954593162926
312.67175572519085,12.691199132433217
313.1498470948012,23.713771621819184
313.6294027565084,26.11002569033796
314.11042944785277,18.747489368380844
314.5929339477727,10.742859667050364
315.0769230769231,13.772553841923598
315.5624036979969,30.04844152676077
316.04938271604937,47.575689126459345
316.53786707882534,49.83727855126432
317.0278637770898,33.0759356966123
317.5193798449612,13.758647509197528
318.0124223602484,15.591485112579697
318.50699844479004,46.324682855116905
319.0031152647975,87.83848502110733
319.5007800312012,111.62978207189404
320.0,105.61734127139212
320.5007824726134,85.41032968272414
321.0031347962382,78.62140062726193
321.5070643642072,98.00855746838074
322.0125786163522,129.61201361828188
322.5196850393701,146.78985467657526
323.02839116719235,136.80168594071012
323.5387045813586,115.82306823111844
324.0506329113924,118.24844262518724
324.56418383518223,167.23849259769943
325.07936507936506,250.37243514861078
325.59618441971384,323.50835153540623
326.11464968152865,344.2894350874091
326.63476874003186,308.9075515232169
327.15654952076676,257.80359253299855
327.68,241.2974398322772
328.2051282051282,275.00406270711466
328.7319422150882,327.78597067422714
329.2604501607717,354.90519319580744
329.7906602254429,344.2158777675845
330.3225806451613,329.7514963873844
330.8562197092084,359.38441047745846
331.3915857605178,447.94733013139074
331.9286871961102,559.6270813463022
332.46753246753246,634.3204405411672
333.0081300813008,633.4135461912663
333.5504885993485,567.1343156846566
334.094616639478,484.7678462724051
334.640522875817,438.7834945677242
335.18821603927984,450.3225935925794
335.73770491803276,499.2116888001167
336.28899835796386,543.783442650367
336.8421052631579,555.7894318693611
337.3970345963756,544.5405998219314
337.95379537953795,550.4171416905397
338.51239669421483,610.3349500440494
339.07284768211923,721.7117368690729
339.63515754560524,836.0049948540902
340.19933554817277,890.5152480698072
340.765391014975,854.7957881464281
341.3333333333333,754.2018517993683
341.9031719532554,651.3024263469104
342.4749163879599,600.5922671083771
343.04857621440533,612.7822473040436
343.6241610738255,654.8536196616469
344.2016806722689,681.9072653997648
344.7811447811448,673.2957163750208
345.362563237774,646.2154966342325
345.94594594594594,640.2005586139419
346.5313028764805,687.0172495301515
347.11864406779665,787.4606971607753
347.70797962648555,908.6446594375918
348.29931972789115,1001.6211531732255
348.8926746166951,1028.4367824452984
349.4880546075085,983.6418733764484
350.0854700854701,897.9950010606165
350.6849315068493,820.9832603512157
351.286449399657,791.1072431186731
351.89003436426117,812.0968517423771
352.4956970740103,851.6898171556527
353.10344827586204,865.5607945524804
353.71329879101904,830.8262493823114
354.3252595155709,765.1059610647351
354.93934142114387,716.3978449791528
355.55555555555554,730.1813663492128
356.17391304347825,817.1810008737889
356.794425087108,944.7835883104564
357.4171029668411,1057.626513819579
358.04195804195797,1112.0735083101101
358.6690017513135,1100.7777966268184
359.29824561403507,1052.4681982085683
359.9297012302285,1010.130901228068
360.5633802816901,1004.0260146635978
361.1992945326279,1036.2795609068094
361.8374558303887,1083.593831486531
362.4778761061947,1113.0335554817493
363.1205673758865,1100.3884309209996
363.76554174067496,1042.2948213666807
364.4128113879003,958.1759878866582
365.0623885918003,882.2593761798622
365.7142857142857,848.678557015208
366.3685152057245,875.0650217326843
367.02508960573476,952.0465057340265
367.68402154398564,1045.4275575004783
368.3453237410072,1112.4847981137682
369.009009009009,1125.318767310156
369.67509025270755,1088.0103319701775
370.3435804701627,1035.9313226367092
371.0144927536232,1015.5874094653195
371.68784029038113,1056.0311941992645
372.3636363636364,1149.4432016246546
373.0418943533697,1253.6759214950405
373.7226277372263,1315.9694470612826
374.4058500914077,1303.5578597149463
375.09157509157507,1222.4905303392286
375.77981651376143,1113.5615633015054
376.47058823529414,1028.6003506562652
377.1639042357274,1002.042409159162
377.8597785977859,1034.4429348892543
378.5582255083179,1096.1160105292086
379.25925925925924,1146.6030651043443
379.96289424860856,1157.2439151785084
380.6691449814126,1124.2917257063157
381.37802607076355,1067.3466918479962
382.089552238806,1016.7542993084668
382.803738317757,998.5326882109407
383.5205992509363,1024.403043231175
384.24015009380867,1089.7175502110795
384.96240601503763,1177.4943341747946
385.6873822975518,1265.0502739426195
386.4150943396226,1330.7582628448135
387.14555765595463,1360.1388731302359
387.8787878787879,1350.848627873412
388.6148007590133,1315.0946092144284
389.35361216730035,1277.1799906666208
390.09523809523813,1264.9769719603332
390.8396946564886,1297.3713081249937
391.5869980879541,1373.1979509291343
392.3371647509578,1468.162316959711
393.0902111324376,1543.2348494506389
393.84615384615387,1562.078607961863
394.6050096339113,1509.5150000516971
395.3667953667953,1401.2732333715464
396.1315280464217,1278.906872028643
396.8992248062015,1191.2727973737199
397.6699029126213,1171.2218410637904
398.4435797665369,1219.1966684958854
399.22027290448347,1302.3874165608072
400.0,1370.2762662895432
400.7827788649706,1379.0721171519074
401.56862745098044,1312.9849099080748
402.35756385068765,1191.8523140179775
403.1496062992126,1061.5734644314466
403.9447731755424,972.2894045044536
404.7430830039526,955.0595276516351
405.54455445544556,1008.1920938974723
406.3492063492063,1099.2837385860973
407.1570576540755,1181.3198143624913
407.9681274900399,1214.6820714404712
408.7824351297405,1184.6022821037284
409.59999999999997,1106.3976791500847
410.4208416833667,1016.9122741576665
411.24497991967877,956.943769794772
412.07243460764585,953.0992853706753
412.9032258064516,1007.085560569001
413.7373737373737,1096.5715067094059
414.57489878542515,1186.2785584093363
415.4158215010142,1243.6386787934036
416.260162601626,1252.0307619507419
417.10794297352334,1216.2105511691252
417.9591836734694,1158.416677197722
418.81390593047036,1107.7183887672027
419.67213114754094,1087.5681098834268
420.53388090349074,1106.8947240366938
421.3991769547325,1158.004142847172
422.2680412371134,1221.2083793001843
423.1404958677686,1273.6353093413197
424.0165631469979,1298.3268675031156
424.896265560166,1289.955191286367
425.77962577962575,1255.4487481284507
426.6666666666667,1209.954131290442
427.5574112734864,1170.222121404968
428.45188284518827,1148.3585882382456
429.3501048218029,1148.1475772689514
430.25210084033614,1164.7615469075677
431.1578947368421,1187.628136536396
432.06751054852316,1205.0494284093497
432.98097251585625,1208.4105246546305
433.8983050847458,1194.6246713791843
434.81953290870484,1166.4895301288395
435.74468085106383,1130.9232846157017
436.67377398720674,1095.9979611489434
437.60683760683764,1068.178714518776
438.54389721627405,1050.4241739280037
439.48497854077254,1041.786871542893
440.4301075268817,1038.4897119210575
441.37931034482756,1035.3910276579904
442.3326133909287,1027.80828859902
443.2900432900433,1013.3019480419083
444.2516268980477,991.9404563217596
445.2173913043478,965.678691230005
446.1873638344227,937.6900082821869
447.1615720524017,911.1560056304735
448.14004376367615,888.3548348951459
449.12280701754383,870.2507518983817
450.1098901098901,856.0709364798222
451.10132158590307,844.0043132121652
452.0971302428256,832.2466070199163
453.0973451327433,819.0183791799343
454.1019955654102,803.1543749958236
455.1111111111111,784.9110974139207
456.1247216035635,765.3052474057989
457.1428571428571,745.4608897938576
458.165548098434,726.5593248748189
459.19282511210764,709.4757784206546
460.2247191011236,694.6190955254621
461.2612612612612,681.7493689233381
462.3024830699774,669.8367122581602
463.3484162895927,657.9973997806063
464.39909297052156,645.9182800634846
465.4545454545454,633.0805793786533
466.5148063781321,619.1980613101745
467.57990867579906,604.9848952059333
468.64988558352405,591.2352643230234
469.7247706422018,578.2693234123946
470.8045977011494,566.2896855268522
471.889400921659,555.3244469521312
472.97921478060044,545.4648117149994
474.07407407407413,536.520048078816
475.17401392111367,527.5295160366339
476.27906976744185,518.4496626254796
477.3892773892773,510.15505521417424
478.5046728971963,502.22934558692253
479.62529274004686,494.3934541467831
480.75117370892025,487.6630091474724
481.88235294117646,482.1017738895895
483.0188679245283,477.23869493883217
484.160756501182,473.0547586828961
485.3080568720379,469.368122902997
486.46080760095015,466.72412066006837
487.61904761904765,464.94695100002883
488.7828162291169,462.61354894986584
489.95215311004785,460.79991504153446
491.1270983213429,460.7647050874573
492.3076923076923,460.8957807102579
493.4939759036144,461.0519510800839
494.68599033816423,462.2425216526816
495.8837772397094,464.01901793282406
497.08737864077665,466.35450228813977
498.29683698296833,468.77635088486267
499.51219512195115,471.6486964399908
500.7334963325183,476.7716691703401
501.9607843137255,481.8860132227231
503.1941031941032,485.6500937750494
504.43349753694577,491.9114240367067
505.679012345679,499.9521692385975
506.9306930693069,506.9810535523651
508.18858560794047,515.1421991740986
509.452736318408,525.1578446040851
510.72319201995015,536.9524758928811
511.99999999999994,550.6607687260316
513.2832080200501,564.3933999773759
514.572864321608,581.9464068965423
515.8690176322418,604.9325882181838
517.1717171717172,625.4322115779865
518.4810126582279,645.9285813323278
519.7969543147208,674.1086577634123
521.1195928753181,704.3186078176915
522.4489795918367,734.6137637806778
523.7851662404091,770.4119485783615
525.1282051282051,811.2543390197279
526.478149100257,856.1992001197186
527.8350515463917,901.1644143439206
529.1989664082687,945.7066443646643
530.5699481865284,1000.1939118591156
531.948051948052,1057.3465327817353
533.3333333333333,1106.2260972342285
534.7258485639686,1162.268575355763
536.1256544502618,1226.5591054632455
537.5328083989501,1282.8604938339463
538.9473684210527,1336.437445917333
540.3693931398416,1394.0387897522007
541.7989417989418,1453.8911823323763
543.236074270557,1510.0367761202674
544.6808510638298,1552.1421899912352
546.1333333333333,1596.765284872109
547.5935828877006,1651.403807970719
549.0616621983914,1685.0776061354443
550.5376344086021,1708.328677298058
552.021563342318,1749.8220410231986
553.5135135135134,1785.2461131735238
555.0135501355013,1804.5280668021858
556.5217391304348,1828.33639058512
558.0381471389645,1860.7977858277027
559.5628415300547,1896.5831564788
561.0958904109589,1918.0408053958067
562.6373626373627,1936.5859477376757
564.1873278236914,1989.3733913460205
565.7458563535912,2038.3014607059315
567.3130193905816,2058.7336507023538
568.8888888888889,2114.812314057557
570.4735376044569,2188.544480126211
572.0670391061452,2214.995110793351
573.6694677871149,2230.2261118657966
575.2808988764044,2262.3858059179884
576.9014084507043,2291.408114030567
578.5310734463276,2297.4147150008
580.1699716713881,2270.189099129182
581.8181818181818,2267.534105371962
583.4757834757835,2275.756169847632
585.1428571428571,2204.471947093223
586.8194842406876,2157.094774614029
588.5057471264367,2196.8426368977107
590.2017291066282,2165.2619871659367
591.907514450867,2097.6611140899
593.6231884057971,2110.844032344814
595.3488372093024,2093.2862027620918
597.0845481049563,2009.329409796119
598.8304093567251,1892.6270464051672
600.5865102639297,1788.317826635759
602.3529411764705,1788.911548953418
604.1297935103245,1543.8945502387342
605.9171597633135,1004.2215528083603
607.7151335311573,928.1052066544603
609.5238095238094,1438.7583405000908
611.3432835820896,1549.0807666401113
613.1736526946107,1083.824001064588
615.015015015015,895.3906987074265
616.867469879518,831.1620030773047
618.7311178247734,675.9435475741388
620.6060606060606,700.44720975728
622.4924012158054,770.2413821801263
624.390243902439,666.4621771921164
626.2996941896024,601.5966421930993
628.2208588957055,606.7975982784301
630.1538461538462,568.7264212067422
632.0987654320987,603.1105462608879
634.0557275541796,721.4248624972505
636.0248447204968,777.9403806715678
638.006230529595,965.1203814282204
640.0,1147.4974929396808
642.0062695924764,1048.979002332998
644.0251572327044,1080.3822394712631
646.0567823343847,1316.774355409807
648.1012658227849,1316.9205646938658
650.1587301587301,1399.0150202884174
652.2292993630573,1711.110468833271
654.3130990415335,1711.501836043851
656.4102564102564,1579.4082093265579
658.5209003215434,1537.5773526378855
660.6451612903226,1357.607765372465
662.7831715210356,1260.5293520206621
664.9350649350649,1274.233512058169
667.100977198697,1149.8639845254913
669.281045751634,1076.888300345692
671.4754098360655,1034.498386536344
673.6842105263158,903.3912929150433
675.9075907590759,858.1248289866875
678.1456953642385,741.134872000683
680.3986710963455,510.0823211022719
682.6666666666666,486.1990543844966
684.9498327759198,650.4050542095008
687.248322147651,542.6033167066083
689.5622895622896,372.1465134356153
691.8918918918919,479.8776529670412
694.2372881355933,699.0614932214796
696.5986394557823,686.1815785991195
698.976109215017,693.9496090646734
701.3698630136986,875.1312149336133
703.7800687285223,980.4497988976196
706.2068965517241,1037.1204077870088
708.6505190311418,1202.8892795453437
711.1111111111111,1299.556233705174
713.588850174216,1291.879527816961
716.0839160839159,1320.2331109311613
718.5964912280701,1301.109848392994
721.1267605633802,1201.9654721691268
723.6749116607774,1076.0756604136086
726.241134751773,926.2775361099887
728.8256227758006,806.5979130698174
731.4285714285714,657.41627795325
734.0501792114695,464.03785721325545
736.6906474820144,371.0179179620959
739.3501805054151,405.30581739453135
742.0289855072464,543.6768936082163
744.7272727272727,735.4146690113786
747.4452554744526,772.9773732701458
750.1831501831501,644.8368437207967
752.9411764705883,636.0221713735664
755.7195571955718,815.5817509004631
758.5185185185185,1025.7406239102402
761.3382899628252,1250.1990341382682
764.179104477612,1349.1543104200393
767.0411985018726,1251.7672508558928
769.9248120300753,1201.249416423462
772.8301886792452,1015.2881210057856
775.7575757575758,742.2624302647185
778.7072243346007,547.3525699260742
781.6793893129772,462.8987616050189
784.6743295019156,503.44126766148906
787.6923076923077,712.5370851644515
790.7335907335906,929.129996296973
793.798449612403,907.9655826635819
796.8871595330738,918.5896854103594
800.0,978.6064949736522
803.1372549019609,740.1413234527004
806.2992125984252,681.4275077649991
809.4861660079052,1122.5816992367068
812.6984126984127,1818.2960543702616
815.9362549800798,2223.185523329502
819.1999999999999,1996.9566641647993
822.4899598393575,1294.8704101792246
825.8064516129032,690.7819536258502
829.1497975708503,340.23305068714836
832.520325203252,210.0418158922287
835.9183673469388,477.1766365440107
839.3442622950819,884.9007759531103
842.798353909465,1351.1566167009948
846.2809917355372,1907.0469264803187
849.792531120332,2174.1735724441455
853.3333333333334,1980.6627614445404
856.9037656903765,1777.405719653086
860.5042016806723,1659.1880052246788
864.1350210970463,1332.1447270319622
867.7966101694916,781.202141126148
871.4893617021277,501.37222396938444
875.2136752136753,506.0337291242153
878.9699570815451,563.3639091965069
882.7586206896551,616.4205945509041
886.5800865800866,805.5465439702265
890.4347826086956,954.0677737314707
894.3231441048034,974.8250676454417
898.2456140350877,1082.0956781190362
902.2026431718061,1262.9615624412743
906.1946902654867,1322.0979749471749
910.2222222222222,1316.2155307637065
914.2857142857142,1372.7958941102936
918.3856502242153,1347.7243514308357
922.5225225225224,1126.0461290901237
926.6968325791854,905.3404726259836
930.9090909090908,786.1065137202677
935.1598173515981,681.8169751222911
939.4495412844036,590.7261602065001
943.778801843318,558.9016147497958
948.1481481481483,517.7100332511963
952.5581395348837,436.52792245365816
957.0093457943926,466.26332558106446
961.5023474178405,508.78550106143774
966.0377358490566,522.1272069832992
970.6161137440758,585.1416733892796
975.2380952380953,751.6210957429307
979.9043062200957,878.276937522187
984.6153846153846,868.9455402464849
989.3719806763285,858.3371374397165
994.1747572815533,892.5581018926993
999.0243902439023,916.2229412587707
1003.921568627451,915.0091073520161
1008.8669950738915,882.9242557470476
1013.8613861386139,787.3030876729997
1018.905472636816,666.3050867755887
1023.9999999999999,572.2660804126608
1029.145728643216,483.18856578245993
1034.3434343434344,382.0388295570194
1039.5939086294416,297.4836836257033
1044.8979591836735,235.83751455376012
1050.2564102564102,183.90742703779463
1055.6701030927834,149.65113855354622
1061.139896373057,142.918382709143
1066.6666666666665,153.13751087201416
1072.2513089005236,174.74409326885262
1077.8947368421054,218.91312269624163
1083.5978835978835,279.81618969613396
1089.3617021276596,342.1595303389722
1095.1871657754011,416.1574049860005
1101.0752688172042,503.0680984746002
1107.0270270270269,583.2190765864473
1113.0434782608695,664.6229929373216
1119.1256830601094,755.0713837293744
1125.2747252747254,832.7923062438294
1131.4917127071824,899.8607044098466
1137.7777777777778,966.8772593319397
1144.1340782122904,1013.5993647546659
1150.5617977528088,1039.469264421007
1157.0621468926552,1060.6086467847106
1163.6363636363635,1064.3828728713488
1170.2857142857142,1048.8010862770573
1177.0114942528735,1031.1811628381686
1183.815028901734,1006.247270713909
1190.6976744186047,969.9461883490019
1197.6608187134502,932.6357056439662
1204.705882352941,889.7522114494003
1211.834319526627,836.9691350911819
1219.0476190476188,781.5954156877982
1226.3473053892214,721.9732826418616
1233.734939759036,656.5021606670622
1241.2121212121212,591.7529136484036
1248.780487804878,528.8869006602129
1256.441717791411,468.81001491743166
1264.1975308641975,415.39462417332714
1272.0496894409937,367.00793939176447
1280.0,322.7317900440492
1288.0503144654087,283.8669690768291
1296.2025316455697,247.60231159155114
1304.4585987261146,213.06334913661996
1312.8205128205127,181.97947698227094
1321.2903225806451,153.01847435922062
1329.8701298701299,126.45244815993642
1338.562091503268,104.4379889598913
1347.3684210526317,85.8665687268839
1356.291390728477,69.96785511128073
1365.3333333333333,57.63788612294405
1374.496644295302,47.623649796052234
1383.7837837837837,38.801429648670506
1393.1972789115646,31.670506993282146
1402.7397260273972,25.581323846556895
1412.4137931034481,19.90064775356344
1422.2222222222222,15.255112719870246
1432.1678321678319,11.581226141342107
1442.2535211267605,8.493758743142672
1452.482269503546,6.2457170372174735
1462.857142857143,4.719883295220828
1473.3812949640287,3.5384372400906416
1484.0579710144928,2.7069540558472864
1494.890510948905,2.1423362007037614
1505.8823529411766,1.6340390214357963
1517.037037037037,1.2070804894432274
1528.358208955224,0.8905353983368776
1539.8496240601505,0.6108275665318613
1551.5151515151515,0.3880825527388733
1563.3587786259543,0.24933710894056949
1575.3846153846155,0.15521142865423762
1587.596899224806,0.098799835338208
1600.0,0.07999229760793344
1612.5984251968505,0.07495693585387443
1625.3968253968253,0.07413249925553504
1638.3999999999999,0.0766294511190261
1651.6129032258063,0.07680085853154867
1665.040650406504,0.07084587931075034
1678.6885245901638,0.06161631996124184
1692.5619834710744,0.050191273596624605
1706.6666666666667,0.03668312840444143
1721.0084033613446,0.026916217044753686
1735.5932203389832,0.022480135686380527
1750.4273504273506,0.024422521734641905
1765.5172413793102,0.03215730260422466
1780.8695652173913,0.039668306878763264
1796.4912280701753,0.04739075105243979
1812.3893805309733,0.05245147096150555
1828.5714285714284,0.04900754844350735
1845.0450450450448,0.04178171049324659
1861.8181818181815,0.03336042123807067
1878.8990825688072,0.02302608805481582
1896.2962962962965,0.01556687542234508
1914.0186915887853,0.012875271280689575
1932.0754716981132,0.011717913034502321
1950.4761904761906,0.011706088333458948
1969.2307692307693,0.012890197094759715
1988.3495145631066,0.011926744694082659
2007.843137254902,0.009008411543981748
2027.7227722772277,0.006421911554736934
2047.9999999999998,0.0036035807529917153
2068.686868686869,0.00138241518527483
2089.795918367347,0.0007029427329205871
2111.340206185567,0.000904380549339887
2133.333333333333,0.001634724357466105
2155.789473684211,0.0020218005819439364
2178.723404255319,0.002001214242289782
2202.1505376344085,0.0020379620948759104
2226.086956521739,0.0017343565649082116
2250.5494505494507,0.0014081193555045954
2275.5555555555557,0.0016700993231075734
2301.1235955056177,0.0022358827858574145
2327.272727272727,0.0026376851600961116
2354.022988505747,0.0028927340597354875
2381.3953488372094,0.0030498712237117323
2409.411764705882,0.0028763608320958927
2438.0952380952376,0.0024202057745845895
2467.469879518072,0.0020258935506315473
2497.560975609756,0.001813942046079356
2528.395061728395,0.0016558778768469896
2560.0,0.0015341599815311313
2592.4050632911394,0.0015559256378280396
2625.6410256410254,0.001463314664826764
2659.7402597402597,0.0011490205200984948
2694.7368421052633,0.0009075802373286433
2730.6666666666665,0.0007295618663227556
2767.5675675675675,0.0005173474249941498
2805.4794520547944,0.00040350735430001646
2844.4444444444443,0.00040809514677952183
2884.507042253521,0.00042890132868133755
2925.714285714286,0.00042807049853250614
2968.1159420289855,0.000416520033472816
3011.764705882353,0.0003882930480703926
3056.716417910448,0.000317731744514696
3103.030303030303,0.00021041125388358104
3150.769230769231,0.0001057713458243491
3200.0,3.350926673558064e-05
3250.7936507936506,6.565303367732651e-06
3303.2258064516127,2.418846281053528e-05
3357.3770491803275,6.95667825083418e-05
3413.3333333333335,0.00010377145522420349
3471.1864406779664,0.00010628819936954081
3531.0344827586205,8.910499494287312e-05
3592.9824561403507,6.081731454140156e-05
3657.142857142857,3.391891099053326e-05
3723.636363636363,2.368660057376761e-05
3792.592592592593,3.177668468769106e-05
3864.1509433962265,5.050008308646887e-05
3938.4615384615386,6.346923343543237e-05
4015.686274509804,6.337206279006064e-05
4095.9999999999995,6.906658432357754e-05
4179.591836734694,7.448576219186415e-05
4266.666666666666,4.8774351701932874e-05
4357.446808510638,2.0494503040067016e-05
4452.173913043478,8.420781873062402e-06
4551.111111111111,1.9771661798623186e-06
4654.545454545454,3.353904252980317e-07
4762.790697674419,1.1929946125686565e-07
4876.190476190475,5.148245134127459e-08
4995.121951219512,1.2881334626036744e-08
5120.0,3.4214226645189822e-09
5251.282051282051,2.859107477831075e-09
5389.473684210527,1.1125589253252822e-09
5535.135135135135,1.7441676775500572e-10
5688.888888888889,7.382599832013102e-11
5851.428571428572,5.2558574682783947e-11
6023.529411764706,8.925713571638071e-12
6206.060606060606,1.333053509836935e-13
6400.0,1.0996403360279826e-12
6606.451612903225,6.102648023250365e-13
6826.666666666667,2.8086146074226085e-13
7062.068965517241,1.5176426945313252e-13
7314.285714285714,7.391059283690895e-14
7585.185185185186,5.55634605115412e-14
7876.923076923077,3.1622305159581055e-14
