"Wavelength, nm",Intensity
136.44237175216523,3.3175983521339814e-19
136.53333333333333,3.879809890118478e-19
136.62441627751835,4.540203053567779e-19
136.71562082777035,5.31634662544344e-19
136.80694722778892,6.234022429863642e-19
136.89839572192514,6.015722585748869e-19
136.98996655518394,6.97115916758678e-18
137.08165997322624,9.60730341675046e-16
137.17347622237108,4.5378897128687985e-14
137.26541554959786,1.041828427977762e-12
137.35747820254863,1.3452379592532402e-11
137.4496644295302,1.129654509191238e-10
137.54197447951645,6.842745266530719e-10
137.63440860215053,3.2105326981415494e-09
137.72696704774717,1.2282895508413181e-08
137.81965006729476,3.9817988544180105e-08
137.9124579124579,1.1258391400895014e-07
138.0053908355795,2.838250602781429e-07
138.09844908968307,6.489832242396081e-07
138.19163292847506,1.364312014775658e-06
138.28494260634707,2.665924219056397e-06
138.37837837837836,4.8864382535335555e-06
138.47194050033806,8.4670392060855e-06
138.5656292286874,1.3963808985658495e-05
138.65944482058225,2.2049990306741218e-05
138.75338753387533,3.351843053760627e-05
138.84745762711862,4.92831566574497e-05
138.94165535956583,7.037245176174689e-05
139.03598099117448,9.791102019435093e-05
139.1304347826087,0.00013308532463549672
139.22501699524133,0.0001770666768035359
139.31972789115645,0.0002308906248147644
139.4145677331518,0.0002953485135597499
139.50953678474113,0.0003709249833951663
139.60463531015677,0.0004577693057401456
139.69986357435198,0.0005557653818667264
139.79522184300342,0.0006647871242070782
139.89071038251367,0.0007850279379574243
139.98632946001365,0.0009172249269100002
140.08207934336525,0.0010627936975103104
140.17796030116358,0.0012238531906993981
140.27397260273972,0.0014028961388213184
140.37011651816314,0.001602087565805231
140.46639231824417,0.0018225698048389245
140.56280027453673,0.002063996877353791
140.65934065934067,0.002324239775587681
140.75601374570448,0.0025994367023109955
140.85281980742778,0.0028848064770348194
140.949759119064,0.003176213938783574
141.04683195592284,0.0034717139908126164
141.14403859407307,0.003772399501046034
141.24137931034483,0.0040829938779480815
141.33885438233264,0.004412456662430259
141.4364640883978,0.0047729847722065765
141.53420870767104,0.005176700094665319
141.6320885200553,0.005632994473291733
141.73010380622836,0.006148109568337184
141.8282548476454,0.006723676721465042
141.92654192654192,0.007354026094206414
142.0249653259362,0.008027868751622041
142.1235253296322,0.008734131001280268
142.22222222222223,0.009464864872139675
142.32105628908963,0.01021557631226819
142.42002781641168,0.010988759134566305
142.51913709116212,0.011797277772667814
142.6183844011142,0.012661192594118824
142.7177700348432,0.013601291567899052
142.81729428172943,0.014633719675023815
142.91695743196092,0.015763913322137738
143.0167597765363,0.01698080414878633
143.11670160726763,0.018254770736125258
143.21678321678323,0.019537735438969604
143.31700489853043,0.020766064758336623
143.4173669467787,0.021872496837425388
143.5178696566223,0.02280266682379483
143.61851332398317,0.023524001821918772
143.71929824561403,0.024031991097751025
143.8202247191011,0.024359714263334616
143.92129304286718,0.024575543920224967
144.0225035161744,0.024774812996467582
144.12385643912737,0.02507240416574774
144.22535211267606,0.02556010011876499
144.32699083861874,0.02627660910850745
144.42877291960508,0.02725186013554217
144.530698659139,0.02846945434524118
144.6327683615819,0.029773031690026222
144.73498233215545,0.0309959664247463
144.83734087694484,0.03203145127685552
144.9398443029016,0.032650559326361184
145.04249291784703,0.032668587345909696
145.14528703047483,0.032122884423653006
145.24822695035462,0.03092396786889622
145.35131298793468,0.029070326364733726
145.45454545454544,0.026965984720013804
145.55792466240226,0.024677982095958326
145.66145092460883,0.022202682750490484
145.76512455516016,0.020191404828917073
145.86894586894587,0.01866190017958355
145.9729151817534,0.017255331744676073
146.07703281027102,0.016646164170314334
146.18129907209135,0.016584832718536203
146.28571428571428,0.016234852140755554
146.39027877055037,0.01651288395279511
146.49499284692416,0.01695136040240204
146.59985683607732,0.016275117731950943
146.7048710601719,0.016194620929804043
146.8100358422939,0.01621314897844953
146.91535150645623,0.014535930294924863
147.0208183776023,0.014063751883330046
147.1264367816092,0.01402141189094666
147.23220704529115,0.011937929932864143
147.33812949640287,0.012443248316269967
147.4442044636429,0.012689212552278646
147.55043227665706,0.009781418479873334
147.6568132660418,0.015560768622127632
147.76334776334778,0.019167213398470856
147.87003610108303,0.005476046669107828
147.97687861271675,0.014944639862402916
148.08387563268258,0.050846045968558955
148.19102749638205,0.03524850658877059
148.29833454018825,0.00024450833916157025
148.40579710144928,0.05738063614492304
148.51341551849166,0.11786258781141677
148.6211901306241,0.05068517122401199
148.72912127814087,0.010157294382632185
148.8372093023256,0.126593224122539
148.94545454545454,0.18131438144799186
149.0538573508006,0.05723025080770428
149.16241806263656,0.027091286921536978
149.27113702623907,0.1913989905913062
149.38001458789202,0.23455767392758053
149.4890510948905,0.06934941046846547
149.59824689554418,0.0473533425452275
149.70760233918128,0.24756973899078005
149.81711777615214,0.28611664232912654
149.9267935578331,0.09193747068152532
150.03663003663004,0.08095809750873721
150.1466275659824,0.31403670808789563
150.25678650036684,0.3435840594014361
150.36710719530103,0.12073314895000849
150.47759000734754,0.12328655519952171
150.58823529411762,0.389602664499121
150.69904341427517,0.4127764793998844
150.8100147275405,0.15731354107791196
150.92114959469419,0.15591372988823396
151.03244837758112,0.4505600948154983
151.1439114391144,0.48619551995581406
151.25553914327915,0.20338279913578017
151.3673318551367,0.17282300384146237
151.47928994082838,0.47966519614357234
151.59141376757958,0.5446342744824367
151.7037037037037,0.24796511016123227
151.81616011860638,0.16681202979011078
151.92878338278933,0.4627673242374654
152.04157386785448,0.5731090714581651
152.15453194650817,0.2872784538787817
152.26765799256503,0.1365198340331409
152.38095238095235,0.38204846849490126
152.4944154877141,0.5427088874617796
152.6080476900149,0.31202190290377046
152.72184936614468,0.103708425377493
152.8358208955224,0.2569495023496886
152.9499626587005,0.4388650772990136
153.0642750373692,0.2969702415095658
153.1787584143605,0.0793866702005546
153.29341317365268,0.13338470367177171
153.40823970037454,0.2945397802096754
153.5232383808096,0.24065022406418138
153.6384096024006,0.06268574224340275
153.75375375375376,0.0436743063492954
153.86927122464311,0.15324262789780632
153.98496240601503,0.159480589114008
154.10082768999246,0.05083333617788241
154.2168674698795,0.004116053898385833
154.33308214016577,0.05437529334154016
154.4494720965309,0.0781735952734607
154.56603773584905,0.03454445341907954
154.68277945619334,0.0018806291783827883
154.79969765684052,0.014292842480858822
154.91679273827532,0.026535718525302832
155.0340651021953,0.017937313616043206
155.15151515151516,0.012128067984568853
155.2691432903715,0.013610502680525653
155.38694992412746,0.008854515097776912
155.50493545937738,0.006940976495561743
155.62310030395136,0.01864941388609844
155.74144486692012,0.02461250907938019
155.8599695585997,0.010964739102316072
155.97867479055597,0.0018783729711692484
156.09756097560975,0.016348392406930822
156.21662852784135,0.030116801551816792
156.33587786259542,0.018998268319168846
156.45530939648586,0.0032743282403968448
156.5749235474006,0.010552097561098853
156.69472073450652,0.027347448040791106
156.8147013782542,0.025901926318056556
156.93486590038313,0.01223609218170385
157.05521472392638,0.0107031401683018
157.17574827321565,0.021258474370540518
157.29646697388634,0.025876273886383982
157.4173712528824,0.022345054061902424
157.53846153846155,0.02194178269984975
157.65973826020013,0.025028440398106134
157.78120184899845,0.024704115940817853
157.9028527370856,0.025028706077871173
158.02469135802468,0.032756367150733975
158.14671814671814,0.039755443210558995
158.26893353941267,0.03524659672944081
158.39133797370457,0.027754425961564015
158.5139318885449,0.03327443175689142
158.63671572424477,0.0473768648305603
158.7596899224806,0.05102719265025719
158.88285492629947,0.04155064987541018
159.0062111801242,0.036273281422607107
159.12975912975912,0.0441209497696455
159.25349922239502,0.053465912870542226
159.37743190661476,0.05319439267930219
159.50155763239874,0.04870882516432367
159.62587685113016,0.04906736540851201
159.7503900156006,0.05217893207680121
159.87509758001562,0.05252641070005542
160.0,0.05271833712316873
160.12509773260362,0.05671493265669928
160.2503912363067,0.05966756077275349
160.37588097102582,0.05555620976087367
160.5015673981191,0.049565443578708
160.62745098039213,0.05161277481704571
160.7535321821036,0.05997444040904015
160.87981146897093,0.06247211172336716
161.0062893081761,0.054769855706691
161.13296616837135,0.04719543339317453
161.25984251968504,0.049393884118491695
161.38691883372735,0.05662652740501279
161.51419558359618,0.057742219678025064
161.64167324388316,0.05121033495337888
161.7693522906793,0.04563517382812122
161.89723320158103,0.04651966192398486
162.0253164556962,0.04983600230107012
162.15360253365006,0.049646624736596284
162.28209191759112,0.04623462784192844
162.41078509119745,0.043683410390377035
162.53968253968253,0.04327494609525266
162.66878474980143,0.04306736175811968
162.79809220985692,0.04204194500539696
162.92760540970565,0.04118682644976419
163.05732484076432,0.0409960654755507
163.18725099601593,0.040491883259796836
163.31738437001593,0.03911791664921926
163.44772545889865,0.03797066532490464
163.57827476038338,0.03824481720436656
163.709032773781,0.03933170178309044
163.84,0.03963479342490766
163.97117694155327,0.038891554362634626
164.1025641025641,0.038433050717620654
164.23416198877305,0.03921079214889931
164.3659711075441,0.04069947107995321
164.49799196787149,0.04189181146117512
164.63022508038586,0.04256285487317468
164.76267095736122,0.04328139248556186
164.89533011272144,0.044555926776642274
165.02820306204674,0.04628619906112077
165.16129032258064,0.04807964804369039
165.29459241323647,0.04981380389412292
165.4281098546042,0.05158853070260712
165.56184316895713,0.05335185693982816
165.6957928802589,0.05499407467039706
165.82995951417004,0.056679676538663834
165.9643435980551,0.05866910560591862
166.09894566098947,0.060837780232770616
166.23376623376623,0.06270249982895897
166.36880584890332,0.06399141360926221
166.5040650406504,0.06499252894032403
166.63954434499593,0.06621414795389995
166.77524429967426,0.06773896211920678
166.9111654441728,0.06905720274038839
167.047308319739,0.06965485136506606
167.18367346938777,0.06962719534635571
167.3202614379085,0.06947303765581461
167.45707277187245,0.06941003901745298
167.59410801963992,0.06917629048373854
167.7313677313677,0.06840173534027863
167.86885245901638,0.06697575634352403
168.00656275635768,0.06514038735637187
168.14449917898193,0.0632278578613152
168.28266228430567,0.06122511665505607
168.42105263157896,0.058802750615042476
168.559670781893,0.05581245122338276
168.6985172981878,0.05241773420783428
168.83759274525966,0.048792463212489055
168.97689768976898,0.0450484517798213
169.11643270024774,0.04130937993430047
169.25619834710741,0.03758987695873429
169.39619520264682,0.03376865953175567
169.53642384105962,0.02978281438892579
169.67688483844242,0.02573471260168873
169.81757877280262,0.0218396008858907
169.95850622406635,0.018308627401533918
170.09966777408638,0.015220342185313979
170.24106400665005,0.012504370361646786
170.3826955074875,0.010045581758633357
170.52456286427974,0.0077944126274514395
170.66666666666666,0.005834172789498115
170.8090075062552,0.004331179585351598
170.9515859766277,0.003372973508525699
171.09440267335003,0.0028925782045936825
171.23745819397996,0.0027479493890720332
171.3807531380753,0.00283035418105124
171.52428810720266,0.0031309059215088803
171.66806370494552,0.003737649371388612
171.81208053691276,0.004741313047105649
171.95633921074725,0.0061192383261318125
172.10084033613444,0.0077112974939172445
172.24558452481077,0.009314376337546126
172.3905723905724,0.01079566507386343
172.5358045492839,0.012148364810584419
172.681281618887,0.013503187912952849
172.82700421940928,0.015035966272002729
172.97297297297297,0.01678665439429706
173.11918850380385,0.018638987956145218
173.26565143824024,0.020468055358045852
173.41236240474177,0.022178520266149145
173.55932203389833,0.02370890551888959
173.70653095843934,0.025178914754789276
173.85398981324278,0.02691146774229582
174.0016992353441,0.029212005708540392
174.14965986394557,0.03227375965570558
174.2978723404255,0.03628747631272572
174.44633730834755,0.04142713194078075
174.59505541346974,0.04773292115001285
174.74402730375425,0.05517187286348374
174.8932536293766,0.0637573087149265
175.04273504273505,0.07350158874157366
175.1924721984602,0.08439556261813874
175.34246575342465,0.09652953979423544
175.49271636675235,0.11006335449558756
175.6432246998285,0.1250403750219706
175.79399141630904,0.14136773042074013
175.94501718213058,0.15883491111814638
176.0963026655202,0.17699125636177918
176.24784853700515,0.19528278530831517
176.3996554694229,0.21341419419060292
176.55172413793102,0.23126136344423942
176.70405522001724,0.2486011843552295
176.85664939550952,0.26531714480637186
177.00950734658602,0.28144986057132804
177.16262975778545,0.29675565774121404
177.3160173160173,0.31077253532055127
177.46967071057193,0.3232451181839608
177.62359063313096,0.33389605051748805
177.77777777777777,0.3422677113320318
177.93223284100782,0.348180424922948
178.08695652173913,0.3516232768978524
178.24194952132288,0.3523168350521187
178.397212543554,0.3501598681017297
178.55274629468178,0.34549596482843903
178.70855148342056,0.3384962017488398
178.86462882096066,0.32917734625031947
179.02097902097898,0.3178790956723785
179.17760279965006,0.30491413791066124
179.33450087565674,0.29045254526515557
179.4916739702016,0.2750962593419822
179.64912280701753,0.2597199174111277
179.80684811237927,0.24508586349336492
179.96485061511424,0.23214077064704325
180.12313104661388,0.2218823785365932
180.28169014084506,0.21495661298091592
180.44052863436124,0.21197922115086473
180.59964726631395,0.21359742262836937
180.75904677846424,0.22011508621356587
180.91872791519435,0.23168377968607526
181.07869142351902,0.2483189829461867
181.23893805309734,0.2695083522621393
181.39946855624444,0.29453457567901914
181.56028368794324,0.322849471685443
181.72138420585628,0.3537169499400499
181.88277087033748,0.38608065897193133
182.04444444444445,0.4187300922311434
182.20640569395016,0.4502297092464029
182.3686553873553,0.479043861557545
182.53119429590015,0.5038518952876564
182.69402319357712,0.5236791890387221
182.85714285714286,0.5379404729773262
183.0205540661305,0.5462797575540126
183.18425760286226,0.5483463308374719
183.34825425246197,0.5438820508532674
183.51254480286738,0.5328169621748016
183.67713004484304,0.5153711089489076
183.84201077199282,0.49237291868357513
184.00718778077265,0.46513083961431917
184.1726618705036,0.43486955538600686
184.33843384338437,0.4026058573504811
184.5045045045045,0.3692138180245137
184.67087466185754,0.3353015107020906
184.83754512635377,0.30142092164709955
185.0045167118338,0.2684037843421588
185.17179023508135,0.23723129184112096
185.33936651583707,0.20877356523009014
185.5072463768116,0.1836643235510705
185.675430643699,0.16213693444668084
185.84392014519057,0.14399398157577692
186.01271571298818,0.12880719038533384
186.1818181818182,0.11611031101129252
186.3512283894449,0.10553956161483367
186.52094717668484,0.0969117080275428
186.69097538742025,0.09013466425655961
186.86131386861314,0.08509119931786914
187.03196347031962,0.0816035163778792
187.20292504570384,0.07932426624761398
187.37419945105214,0.07765665071011729
187.54578754578753,0.07593536334914136
187.71769019248396,0.0736592793880081
187.88990825688072,0.07061773372492618
188.06244260789717,0.06703457455108178
188.23529411764707,0.06347627470366536
188.40846366145354,0.06039451507422162
188.5819521178637,0.05786230355140937
188.75576036866357,0.055658899660845064
188.92988929889296,0.05333096431350015
189.10433979686056,0.050375234692296614
189.27911275415894,0.046650122245027556
189.45420906567992,0.04252673134469777
189.62962962962962,0.03864796165999451
189.80537534754404,0.03563524619331194
189.98144712430428,0.03385829201181088
190.15784586815226,0.03331703604817372
190.3345724907063,0.03375001284315505
190.51162790697674,0.03485053934394264
190.68901303538178,0.03639579083972875
190.8667287977633,0.03829716871253997
191.044776119403,0.04067250256794723
191.22315592903828,0.043971153014032364
191.4018691588785,0.04908346998189097
191.5809167446211,0.057288898518054604
191.76029962546815,0.06994745014674157
191.94001874414244,0.08798702728270626
192.12007504690433,0.11132419791569903
192.3004694835681,0.1385268820424286
192.48120300751881,0.16716647938038884
192.66227657572907,0.19486975268621523
192.8436911487759,0.22058328112989586
193.02544769085767,0.24558496482810485
193.2075471698113,0.2735646037535155
193.38999055712932,0.30920153390361327
193.57277882797732,0.35597532003960386
193.75591296121098,0.41439077015563125
193.93939393939394,0.4809964640957432
194.12322274881518,0.5489266905820724
194.30740037950665,0.6106778105654065
194.49192782526114,0.6617962615579849
194.67680608365018,0.7034913767201726
194.86203615604185,0.7432865610023047
195.04761904761907,0.792931681495904
195.23355576739752,0.863677226100526
195.4198473282443,0.9611181263194888
195.6064947468959,1.0817909534144536
195.79349904397705,1.2127078706284693
195.9808612440191,1.334853624771718
196.1685823754789,1.430015887551502
196.35666347075744,1.488233213861649
196.5451055662188,1.5131794416224946
196.73390970220942,1.5231311550067164
196.92307692307693,1.5461318383805984
197.1126082771896,1.6109733121664838
197.30250481695566,1.7371037635068818
197.4927675988428,1.9261350461025586
197.68339768339766,2.1584365432367907
197.8743961352657,2.397560380967165
198.06576402321085,2.601292305197083
198.25750242013552,2.7357662235900007
198.44961240310076,2.7885456687282706
198.64209505334625,2.775629001411084
198.83495145631065,2.7390791756275785
199.02818270165207,2.7358878443222876
199.22178988326846,2.8205113559467097
199.4157740993184,3.025489527944523
199.61013645224173,3.347497728302358
199.8048780487805,3.7445895523641757
200.0,4.145543414842927
200.19550342130987,4.4697230858675745
200.3913894324853,4.653228455215348
200.58765915768853,4.672795168736638
200.78431372549022,4.5588119515269385
200.9813542688911,4.39310942642461
201.17878192534383,4.290337115271784
201.37659783677483,4.365537602318578
201.5748031496063,4.697154309406089
201.77339901477833,5.297681479334847
201.9723865877712,6.1004971714696365
202.1717670286278,6.967670822743367
202.3715415019763,7.720964050421334
202.57171117705244,8.190645039338355
202.77227722772278,8.267526795805052
202.97324083250743,7.942594867001218
203.17460317460316,7.324233669242641
203.37636544190661,6.626200815623825
203.57852882703776,6.1224197931012085
203.78109452736314,6.077068634029643
203.98406374501994,6.670033477284649
204.1874376869392,7.936692002115843
204.39121756487026,9.737893038104877
204.5954045954046,11.773381495580578
204.79999999999998,13.641063764647068
205.005005005005,14.930065940312492
205.21042084168334,15.328054946791488
205.41624874623875,14.717435913750396
205.62248995983938,13.229985166689168
205.8291457286432,11.242251089935008
206.03621730382292,9.310015259035643
206.24370594159112,8.047836535442235
206.4516129032258,7.977828951757047
206.65993945509584,9.386399317167417
206.86868686868684,12.225707777966257
207.07785642062692,16.08720184561676
207.28744939271257,20.262678053847946
207.49746707193518,23.88906377676306
207.7079107505071,26.14494383950516
207.9187817258883,26.45561663252301
208.130081300813,24.66076189780931
208.34181078331636,21.097217272521597
208.55397148676167,16.568448918913308
208.7665647298675,12.195503848650231
208.9795918367347,9.177286404163015
209.19305413687437,8.513962057093945
209.40695296523518,10.749118378111495
209.6212896622313,15.79540088885982
209.83606557377047,22.897802749445756
210.05128205128204,30.752914386450332
210.26694045174537,37.763470425624725
210.48304213771837,42.3803647036901
210.69958847736626,43.46824192036067
210.91658084449023,40.59981793014843
211.1340206185567,34.205887561076125
211.3519091847265,25.550821197847913
211.5702479338843,16.511252864252352
211.78903826266804,9.197346221059792
212.00828157349895,5.502490682181868
212.22797927461139,6.668816997324308
212.448132780083,12.969122224342344
212.668743509865,23.582177713680704
212.88981288981287,36.7015283686344
213.11134235171693,49.863993433246016
213.33333333333334,60.43617093675732
213.555787278415,66.16929837348079
213.7787056367432,65.69391900178509
214.00208986415882,58.85849725855379
214.22594142259413,46.83580401432427
214.4502617801047,31.941193095280546
214.67505241090146,17.21574314081474
214.900314795383,5.850100715984232
215.12605042016807,0.5410698986617192
215.35226077812828,2.926079099925706
215.57894736842104,13.207662255944953
215.80611169652263,30.050578702481374
216.03375527426158,50.77895836121863
216.26187961985215,71.84234156237432
216.49048625792813,89.47607423059965
216.7195767195767,100.41609753343084
216.9491525423729,102.55047994465775
217.17921527041358,95.38366079020312
217.40976645435242,80.19554076672952
217.64080765143464,59.87907510118313
217.87234042553192,38.468396069974816
218.10436634717786,20.435758704525124
218.33688699360337,9.88542112069544
218.5699039487727,9.767885821401654
218.80341880341882,21.29110049836933
219.0374331550802,43.62805397639651
219.27194860813702,73.96839934515107
219.5069667738478,107.95404359396298
219.74248927038627,140.40885203439663
219.97851772287862,166.24759051107594
220.21505376344086,181.41483996602375
220.45209903121636,183.6733367860025
220.68965517241378,173.11115367667884
220.92772384034518,152.22787212319687
221.16630669546436,125.59394966813178
221.4054054054054,99.1391738862003
221.64502164502164,79.12139762393257
221.88515709642468,71.00437993310685
222.12581344902384,78.43853081395513
222.36699239956567,102.5045290506186
222.6086956521739,141.41644623047335
222.85092491838955,190.71275857162553
223.09368191721134,243.92091185814363
223.3369683751363,293.61879094298496
223.58078602620085,332.7124451629936
223.82513661202185,355.7033277426535
224.07002188183807,359.6605841390907
224.31544359255204,344.78339925809047
224.56140350877192,314.43245248371335
224.80790340285398,274.54101391936007
225.05494505494505,232.61565476785637
225.30253025302528,196.43103450155277
225.55066079295153,172.61421351895177
225.79933847850054,165.501827727281
226.0485651214128,176.39134068960072
226.29834254143645,203.3156399347632
226.54867256637166,241.40508032081928
226.79955703211516,283.74081421736884
227.0509977827051,322.5961837520841
227.30299667036624,350.75712926173725
227.55555555555554,362.74075887237666
227.80867630700777,355.73259102837056
228.06236080178175,329.925958056649
228.31661092530658,288.352568462791
228.57142857142856,236.26594820612112
228.82681564245812,180.08813838982786
229.082774049217,126.25872656661281
229.33930571108624,80.16802054716366
229.59641255605382,45.33009155384819
229.8540965207632,22.990746185388627
230.1123595505618,12.1594539770327
230.37120359955006,10.080359186377342
230.6306306306306,13.026359492535349
230.89064261555805,17.191654061887746
231.1512415349887,19.544277033996238
231.41242937853107,18.450173896302232
231.67420814479635,13.947268771078102
231.9365798414496,7.6326998917280555
232.19954648526078,2.189198080765247
232.46311010215663,0.6856560907646763
232.7272727272727,5.800102941014555
232.9920364050057,19.134342575807416
233.25740318906605,40.75748332026761
233.52337514253134,69.08177200133517
233.78995433789953,101.07961740802794
234.05714285714288,132.74594200378306
234.32494279176203,159.81970478563338
234.59335624284074,178.60529658170927
234.8623853211009,186.59002405223373
235.13203214695753,182.84031025948636
235.4022988505747,168.14760759875134
235.67318757192174,144.84278159208833
235.9447004608295,116.33929562329381
236.2168396770473,86.47525621568829
236.48960739030022,58.83307979951545
236.76300578034682,36.179766116362835
237.03703703703707,20.069667610530555
237.3117033603708,10.72524317838956
237.58700696055683,7.181922109505576
237.862950058072,7.62703480103514
238.13953488372093,9.901246707564571
238.41676367869616,12.015740176721451
238.69463869463866,12.577407430364973
238.97316219369893,11.056447396567943
239.25233644859816,7.821254910733333
239.53216374269007,3.96237353515745
239.81264637002343,0.9610682941396796
240.0937866354044,0.2820709892091951
240.37558685446012,2.9893397075839574
240.65804935370153,9.460464511277085
240.94117647058823,19.26346404995872
241.2249705535924,31.214939467892844
241.50943396226415,43.60098057836918
241.79456906729635,54.503403409653615
242.080378250591,62.17001046570585
242.3668639053254,65.37126948531541
242.65402843601896,63.64044806818753
242.94187425860022,57.36087771166582
243.23040380047507,47.703646219829466
243.51961950059456,36.385021499674984
243.80952380952382,25.302062412068192
244.1001191895113,16.153833110900848
244.39140811455846,10.13446800435251
244.68339307048984,7.76220072450029
244.97607655502392,8.84839809976516
245.2694610778443,12.58905312393018
245.56354916067144,17.752555085611906
245.85834333733493,22.94048062493396
246.15384615384616,26.880146913434416
246.4500601684717,28.66610450112069
246.7469879518072,27.911874561940408
247.04463208685164,24.78417022312266
247.34299516908212,19.906136212640675
247.6420798065296,14.189801754014631
247.9418886198547,8.630675139035734
248.24242424242422,4.0942949342185955
248.54368932038832,1.1594453083884102
248.8456865127582,0.03590287649978067
249.14841849148416,0.5563248888873991
249.45188794153472,2.24256278649221
249.75609756097558,4.428353645662797
250.06105006105005,6.41301137537751
250.36674816625916,7.621143143888355
250.6731946144431,7.7394284561393265
250.98039215686276,6.7795897420683096
251.2883435582822,5.053039758881139
251.5970515970516,3.0796713889068252
251.90651906519062,1.4382380883451993
252.21674876847288,0.6125108027903078
252.52774352651045,0.8932531596606649
252.8395061728395,2.331266217907946
253.15203955500616,4.737282849901667
253.46534653465346,7.730458153031529
253.7794299876084,10.818385988791343
254.09429280397023,13.488961503637979
254.40993788819875,15.309121165897928
254.726368159204,16.023983505412698
255.04358655043586,15.607438931662774
255.36159600997507,14.246321600047587
255.6803995006242,12.300001555206135
255.99999999999997,10.230282892475321
256.3204005006258,8.49203350241229
256.64160401002505,7.437758956184906
256.9636135508155,7.265375104677953
257.286432160804,7.992326938015165
257.61006289308176,9.454589782527446
257.9345088161209,11.348503445286893
258.2597730138714,13.30337895409773
258.5858585858586,14.947061214836774
258.91276864728195,15.968246069357178
259.24050632911394,16.18397285110195
259.5690747782003,15.568959787964245
259.8984771573604,14.23831302964988
260.22871664548916,12.423536685378624
260.55979643765903,10.434926250625276
260.89171974522293,8.589736239653567
261.2244897959184,7.139264935314184
261.5581098339719,6.22630660686988
261.89258312020456,5.867032074999229
262.2279129321382,5.959039092731004
262.56410256410254,6.320966999534399
262.9011553273428,6.7443358182318125
263.2390745501285,7.040040003629868
263.5778635778636,7.074669014178705
263.91752577319585,6.790763434252469
264.258064516129,6.208883966526123
264.59948320413434,5.4137170511754915
264.9417852522639,4.528801706178279
265.2849740932642,3.6863048242148677
265.6290531776913,2.9983515737834487
265.974025974026,2.5385307491919096
266.3198959687906,2.336424683764057
266.66666666666663,2.379004852878183
267.01434159061273,2.615426723784767
267.3629242819843,2.968913139362151
267.7124183006536,3.356732105749591
268.0628272251309,3.7074306819185394
268.41415465268676,3.9690132013127597
268.76640419947506,4.11744733840061
269.119579500657,4.164420726429753
269.47368421052636,4.152362495547815
269.82872200263506,4.141616216863615
270.1846965699208,4.1984592608127365
270.5416116248349,4.3784078343366355
270.8994708994709,4.704625166941102
271.25827814569533,5.1539199439491785
271.6180371352785,5.660053698551016
271.97875166002655,6.136781337328349
272.3404255319149,6.5108452550066005
272.70306258322233,6.7450777184568045
273.06666666666666,6.844255163785492
273.4312416555407,6.848509527672193
273.7967914438503,6.816178039837235
274.1633199464525,6.801202740860874
274.5308310991957,6.834535332906336
274.8993288590604,6.915817723224528
275.26881720430106,7.020001310393583
275.6393001345895,7.11508893293804
276.010781671159,7.1747685746278735
276.3832658569501,7.182285893190817
276.7567567567567,7.13665519069891
277.1312584573748,7.053681925594948
277.50677506775065,6.95064786317402
277.88331071913166,6.833115843625372
278.2608695652174,6.698854301684996
278.6394557823129,6.544091042678157
279.01907356948226,6.363833006340038
279.39972714870396,6.155416748622108
279.78142076502735,5.921652646432091
280.1641586867305,5.6670963252249695
280.54794520547944,5.398506270391406
280.93278463648835,5.130702506880316
281.31868131868134,4.883647314744759
281.70563961485556,4.675756744725594
282.0936639118457,4.526063289083937
282.48275862068965,4.454899324774765
282.8729281767956,4.47445993417571
283.2641770401106,4.583111491466955
283.6565096952908,4.771030746599343
284.0499306518724,5.026326384620947
284.44444444444446,5.335941077964119
284.84005563282335,5.685903544565401
285.2367688022284,6.061491279540855
285.63458856345886,6.446274556850039
286.0335195530726,6.823278096832716
286.43356643356645,7.178384031373065
286.8347338935574,7.50280188922813
287.23702664796633,7.793861390533743
287.6404494382022,8.053834075909265
288.0450070323488,8.288191302155157
288.4507042253521,8.506297888944744
288.85754583921016,8.721968011031123
289.2655367231638,8.95146203518213
289.6746817538897,9.213140286954236
290.08498583569406,9.528274550477509
290.49645390070924,9.91876355101733
290.9090909090909,10.406634489046267
291.32290184921766,11.01790017290378
291.73789173789174,11.781465634202661
292.15406562054204,12.723012732211236
292.57142857142856,13.866916302548491
292.9899856938483,15.243626293775062
293.4097421203438,16.8854258455826
293.83070301291247,18.81482069691495
294.2528735632184,21.045372290394177
294.67625899280574,23.587336706925946
295.1008645533141,26.4380076522405
295.52669552669556,29.573346564624163
295.9537572254335,32.96002100700199
296.3820549927641,36.5603296519676
296.81159420289856,40.31724816043822
297.2423802612482,44.15674657593349
297.6744186046512,48.0082024335281
298.1077147016012,51.80218098357715
298.54227405247815,55.456699503206764
298.978102189781,58.885176700132874
299.41520467836256,62.008108529476324
299.8535871156662,64.75081020315825
300.2932551319648,67.0433734104697
300.73421439060206,68.82547919478566
301.17647058823525,70.04815934761699
301.620029455081,70.67586965555046
302.06489675516224,70.68802366691631
302.5110782865583,70.07943598882878
302.95857988165676,68.86163064240884
303.4074074074074,67.0592486874995
303.85756676557867,64.70716550527257
304.30906389301634,61.85626322926423
304.7619047619047,58.57227006569302
305.2160953800298,54.92565942619577
305.6716417910448,50.99253631944741
306.1285500747384,46.85737515314277
306.58682634730536,42.60335157739594
307.0464767616192,38.31004962217768
307.5075075075075,34.06075888145948
307.96992481203006,29.935104498105073
308.433734939759,25.996410691691413
308.8989441930618,22.295684975354227
309.3655589123867,18.878259215915392
309.83358547655064,15.778871158385538
310.3030303030303,13.017036893020867
310.7738998482549,10.598987788171609
311.2462006079027,8.519993976485939
311.7199391171994,6.765805590050423
312.1951219512195,5.314188228151064
312.67175572519085,4.136207388600824
313.1498470948012,3.198540587092595
313.6294027565084,2.466320620785177
314.11042944785277,1.9048895755736028
314.5929339477727,1.481440564864524
315.0769230769231,1.1669640979799547
315.5624036979969,0.9372557745291774
316.04938271604937,0.7731809937886754
316.53786707882534,0.6608655611542135
317.0278637770898,0.5913911217360299
317.5193798449612,0.5599478008566307
318.0124223602484,0.564916813829115
318.50699844479004,0.6068140297925835
319.0031152647975,0.6870309455460141
319.5007800312012,0.8068187230055177
320.0,0.9665879160794707
320.5007824726134,1.1651057012429789
321.0031347962382,1.3987729910716615
321.5070643642072,1.6616245820566087
322.0125786163522,1.9459291914532653
322.5196850393701,2.2426092811045386
323.02839116719235,2.5412930022486657
323.5387045813586,2.830677435179218
324.0506329113924,3.0995631797543943
324.56418383518223,3.3379204382416896
325.07936507936506,3.5373975542890572
325.59618441971384,3.6914314584203516
326.11464968152865,3.7953178925884394
326.63476874003186,3.8465318729763798
327.15654952076676,3.8450743197504513
327.68,3.7931082024573746
328.2051282051282,3.694275799401765
328.7319422150882,3.553686252522392
329.2604501607717,3.377815994362341
329.7906602254429,3.1735772066991457
330.3225806451613,2.9478170674151225
330.8562197092084,2.7075687246238234
331.3915857605178,2.4596831081521966
331.9286871961102,2.2101004974685234
332.46753246753246,1.9639561411424529
333.0081300813008,1.7258848452396254
333.5504885993485,1.4996880303945614
334.094616639478,1.2881009283578928
334.640522875817,1.0931380205560783
335.18821603927984,0.9163171349425743
335.73770491803276,0.7584754205546598
336.28899835796386,0.6197379238158782
336.8421052631579,0.49980184919161985
337.3970345963756,0.3980919833249777
337.95379537953795,0.31369133189804427
338.51239669421483,0.24536124974035273
339.07284768211923,0.19167625768688756
339.63515754560524,0.15108284576146458
340.19933554817277,0.12192086159050881
340.765391014975,0.10250702278958519
341.3333333333333,0.09120226356397193
341.9031719532554,0.0864107739631712
342.4749163879599,0.0866066691390533
343.04857621440533,0.09042160297598725
343.6241610738255,0.09669185409509487
344.2016806722689,0.1044416613679322
344.7811447811448,0.11288266942828508
345.362563237774,0.12142105926249509
345.94594594594594,0.12963846452341404
346.5313028764805,0.13729314715887245
347.11864406779665,0.14430510451291773
347.70797962648555,0.1506683489691486
348.29931972789115,0.15642120644674395
348.8926746166951,0.16170352099835017
349.4880546075085,0.16669332551161675
350.0854700854701,0.17148548025003235
350.6849315068493,0.17615844312559034
351.286449399657,0.18084197859465934
351.89003436426117,0.18558007510079197
352.4956970740103,0.19029953754083576
353.10344827586204,0.19497185615577323
353.71329879101904,0.1995945273750947
354.3252595155709,0.2040621719451877
354.93934142114387,0.20825855415304867
355.55555555555554,0.21215387896054705
356.17391304347825,0.21570401594851796
356.794425087108,0.2188305883165562
357.4171029668411,0.2215226317890693
358.04195804195797,0.22381773933474422
358.6690017513135,0.22574811461390856
359.29824561403507,0.2273826391602971
359.9297012302285,0.22882744167850794
360.5633802816901,0.23017740587035737
361.1992945326279,0.2315398361702109
361.8374558303887,0.23305946695007648
362.4778761061947,0.2348800262588892
363.1205673758865,0.23713183383915437
363.76554174067496,0.239952349231457
364.4128113879003,0.24347381842802876
365.0623885918003,0.24780852569500378
365.7142857142857,0.25306577341652403
366.3685152057245,0.25935838576585657
367.02508960573476,0.266780628193134
367.68402154398564,0.2753978241105988
368.3453237410072,0.2852736099732039
369.009009009009,0.2964922968821085
369.67509025270755,0.30912140431483476
370.3435804701627,0.3231698663287193
371.0144927536232,0.33862741617224007
371.68784029038113,0.355511004002809
372.3636363636364,0.3738320627246061
373.0418943533697,0.3935705575440575
373.7226277372263,0.41468621432982455
374.4058500914077,0.43709393091281235
375.09157509157507,0.46068549738417564
375.77981651376143,0.4854197628438367
376.47058823529414,0.5112692753476181
377.1639042357274,0.5380859064879305
377.8597785977859,0.5656792646012802
378.5582255083179,0.5939560301377927
379.25925925925924,0.6228388618550191
379.96289424860856,0.6521710577564288
380.6691449814126,0.6817988031873085
381.37802607076355,0.711622731172171
382.089552238806,0.7415187832921669
382.803738317757,0.7713151769178064
383.5205992509363,0.8008910843195766
384.24015009380867,0.8301970461820831
384.96240601503763,0.8591272625912708
385.6873822975518,0.8875168421506863
386.4150943396226,0.9152971956196314
387.14555765595463,0.942447331332984
387.8787878787879,0.9688251461790217
388.6148007590133,0.9942785797407294
389.35361216730035,1.0188209826526642
390.09523809523813,1.0424956727234753
390.8396946564886,1.0652033831902505
391.5869980879541,1.0868403230364059
392.3371647509578,1.1074566379357549
393.0902111324376,1.1270814674403593
393.84615384615387,1.1456041922486653
394.6050096339113,1.163009543103519
395.3667953667953,1.1793809054001962
396.1315280464217,1.194641385108415
396.8992248062015,1.208714651401396
397.6699029126213,1.2217105818143723
398.4435797665369,1.233660142429327
399.22027290448347,1.2444628094290557
400.0,1.2541338845626067
400.7827788649706,1.2628144343341288
401.56862745098044,1.2706116631900832
402.35756385068765,1.2775020636594445
403.1496062992126,1.2834864193429416
403.9447731755424,1.288752558089555
404.7430830039526,1.2934095262612268
405.54455445544556,1.2974439138860039
406.3492063492063,1.3010202429512718
407.1570576540755,1.3043165268587484
407.9681274900399,1.3074415656586555
408.7824351297405,1.3105840503003643
409.59999999999997,1.3138101479236735
410.4208416833667,1.3172794421622007
411.24497991967877,1.321409940726387
412.07243460764585,1.3263596936674662
412.9032258064516,1.3322889031811511
413.7373737373737,1.3395931997003885
414.57489878542515,1.3483740581902395
415.4158215010142,1.358886619109882
416.260162601626,1.371504445109686
417.10794297352334,1.3859758960642274
417.9591836734694,1.4024239636116969
418.81390593047036,1.4213747270016617
419.67213114754094,1.4426067282750117
420.53388090349074,1.4662777851462034
421.3991769547325,1.4930208472993727
422.2680412371134,1.5226824917994086
423.1404958677686,1.5553309579162333
424.0165631469979,1.5913039925627175
424.896265560166,1.6304995855466349
425.77962577962575,1.673139531265776
426.6666666666667,1.719051475891319
427.5574112734864,1.7679835062936782
428.45188284518827,1.8204578345689932
429.3501048218029,1.8757517883182426
430.25210084033614,1.9335111291993008
431.1578947368421,1.9948699256453293
432.06751054852316,2.0586015403840334
432.98097251585625,2.1244995625199983
433.8983050847458,2.1947710756106242
434.81953290870484,2.2669281705963398
435.74468085106383,2.3396626572887276
436.67377398720674,2.417050767319586
437.60683760683764,2.497478888374441
438.54389721627405,2.578729948219322
439.48497854077254,2.663971972271959
440.4301075268817,2.7481856782498717
441.37931034482756,2.8264209741931126
442.3326133909287,2.908191679937375
443.2900432900433,2.9978906619268906
444.2516268980477,3.0862696268910716
445.2173913043478,3.1687695728812235
446.1873638344227,3.2500054670474525
447.1615720524017,3.33499266125807
448.14004376367615,3.422669822598683
449.12280701754383,3.509177282768369
450.1098901098901,3.5937786784403993
451.10132158590307,3.671666422161758
452.0971302428256,3.7408317717201407
453.0973451327433,3.8109255075063304
454.1019955654102,3.878551297224203
455.1111111111111,3.933732624660618
456.1247216035635,3.985493759967464
457.1428571428571,4.032365730325303
458.165548098434,4.066187317273765
459.19282511210764,4.101618586034276
460.2247191011236,4.133447072058724
461.2612612612612,4.145460947695983
462.3024830699774,4.159077826924259
463.3484162895927,4.174344332870771
464.39909297052156,4.163563496666419
465.4545454545454,4.1410042819700985
466.5148063781321,4.11831659293356
467.57990867579906,4.080205161649483
468.64988558352405,4.029291392472813
469.7247706422018,3.958622912135555
470.8045977011494,3.8670671142522437
471.889400921659,3.778420867569411
472.97921478060044,3.668815013614763
474.07407407407413,3.517526779687638
475.17401392111367,3.367335542347583
476.27906976744185,3.224715795513123
477.3892773892773,3.0697635371445773
478.5046728971963,2.914126843163343
479.62529274004686,2.7497364510196207
480.75117370892025,2.574793070846475
481.88235294117646,2.4001531931096176
483.0188679245283,2.2082540778624464
484.160756501182,2.0196397828040857
485.3080568720379,1.846954701390031
486.46080760095015,1.641255292239208
487.61904761904765,1.4297016281883304
488.7828162291169,1.2599269800733575
489.95215311004785,1.0878436510047493
491.1270983213429,0.9277506918577638
492.3076923076923,0.8232548590871734
493.4939759036144,0.7217477292164429
494.68599033816423,0.6279910986527016
495.8837772397094,0.5986615733968523
497.08737864077665,0.5883360786919963
498.29683698296833,0.5846566743357017
499.51219512195115,0.6581115341093299
500.7334963325183,0.7758236823803331
501.9607843137255,0.902959997566933
503.1941031941032,1.1362309400204513
504.43349753694577,1.4476547727893008
505.679012345679,1.73658887860257
506.9306930693069,2.1330140584833677
508.18858560794047,2.639161642730513
509.452736318408,3.0795131392241193
510.72319201995015,3.667388006415693
511.99999999999994,4.480571374406928
513.2832080200501,5.207393039687418
514.572864321608,6.093988026636143
515.8690176322418,7.2820086052285165
517.1717171717172,8.305442351122592
518.4810126582279,9.456387805284317
519.7969543147208,10.99733684924078
521.1195928753181,12.364214705567845
522.4489795918367,13.817920652934793
523.7851662404091,15.616807024374138
525.1282051282051,17.21419395612146
526.478149100257,18.92588414133115
527.8350515463917,20.969158336961474
529.1989664082687,23.0875626459398
530.5699481865284,25.656746375775473
531.948051948052,28.28111237962198
533.3333333333333,31.071130395387705
534.7258485639686,34.98073037602917
536.1256544502618,38.65804051834555
537.5328083989501,42.192150520386484
538.9473684210527,47.426936999018466
540.3693931398416,52.144921597794564
541.7989417989418,56.406575038205894
543.236074270557,63.476339921784216
544.6808510638298,70.49425037340042
546.1333333333333,76.77774540883665
547.5935828877006,86.49150013796219
549.0616621983914,96.70289785486284
550.5376344086021,106.02952923454563
552.021563342318,118.6960151188116
553.5135135135134,132.6329097887189
555.0135501355013,146.613182618709
556.5217391304348,162.71623724707223
558.0381471389645,179.49736489934114
559.5628415300547,198.41535236067932
561.0958904109589,218.45915649939923
562.6373626373627,238.59870051244306
564.1873278236914,266.68281919909936
565.7458563535912,296.7256742599716
567.3130193905816,323.1152832435146
568.8888888888889,362.17603475963995
570.4735376044569,404.6611189905454
572.0670391061452,436.40864627269724
573.6694677871149,482.85680490459566
575.2808988764044,536.5412599729231
576.9014084507043,574.0216581416507
578.5310734463276,626.5774574218244
580.1699716713881,691.64538796057
581.8181818181818,739.6472801234164
583.4757834757835,802.7196509115792
585.1428571428571,883.2845429315583
586.8194842406876,953.236996293694
588.5057471264367,1036.1031257732745
590.2017291066282,1129.6380491505065
591.907514450867,1225.5183244474833
593.6231884057971,1332.5715083109928
595.3488372093024,1417.529474790358
597.0845481049563,1531.1885038629512
598.8304093567251,1676.1920818328952
600.5865102639297,1713.6001491621907
602.3529411764705,1849.1034707012113
604.1297935103245,2148.6826616987296
605.9171597633135,1883.2664306507086
607.7151335311573,1335.4341673550964
609.5238095238094,1600.9246928382997
611.3432835820896,2543.7505682032274
613.1736526946107,2810.257238453043
615.015015015015,2693.784740797525
616.867469879518,2968.671629380738
618.7311178247734,2969.654749693667
620.6060606060606,2770.1210637430404
622.4924012158054,3063.0315454829934
624.390243902439,3368.7993698173445
626.2996941896024,3309.0158145172713
628.2208588957055,3410.536559189298
630.1538461538462,3587.6361596958805
632.0987654320987,3634.872670643993
634.0557275541796,3761.2653416789726
636.0248447204968,3857.9047332983478
638.006230529595,4051.5537085683495
640.0,4578.7398369425055
642.0062695924764,4600.375565923764
644.0251572327044,4334.047900443551
646.0567823343847,4472.89532801501
648.1012658227849,4405.305325916069
650.1587301587301,3997.064215524239
652.2292993630573,4071.0691712973226
654.3130990415335,4235.932974604948
656.4102564102564,4008.002043844154
658.5209003215434,4064.0045549563206
660.6451612903226,4177.183824923
662.7831715210356,3893.0696072398
664.9350649350649,4029.3933853843832
667.100977198697,4458.30344696534
669.281045751634,4133.916482197771
671.4754098360655,3697.8705094101592
673.6842105263158,3738.548021439351
675.9075907590759,3579.036421992325
678.1456953642385,3289.9337928457567
680.3986710963455,3330.3533372367187
682.6666666666666,3320.4529064044636
684.9498327759198,2996.7051268579153
687.248322147651,2822.554378493665
689.5622895622896,2644.948940495503
691.8918918918919,2412.897854146643
694.2372881355933,2273.218434855181
696.5986394557823,2155.4150122147157
698.976109215017,1905.5339623011628
701.3698630136986,1684.2935496092687
703.7800687285223,1511.962415254615
706.2068965517241,1288.365412395445
708.6505190311418,1082.7454118519825
711.1111111111111,939.9533789967137
713.588850174216,786.0733422670985
716.0839160839159,638.8203916913861
718.5964912280701,554.9492617851406
721.1267605633802,485.3990032972146
723.6749116607774,410.74430031854234
726.241134751773,392.33065331279715
728.8256227758006,412.1941294742536
731.4285714285714,419.623709804495
734.0501792114695,487.05502816263095
736.6906474820144,664.349227961052
739.3501805054151,794.4443286920222
742.0289855072464,721.289763821972
744.7272727272727,514.3468442667721
747.4452554744526,333.12653729379576
750.1831501831501,299.76427046879974
752.9411764705883,408.8846847993339
755.7195571955718,506.7149163790019
758.5185185185185,516.0478970802019
761.3382899628252,503.0475458085004
764.179104477612,466.90920677461503
767.0411985018726,526.3536293998504
769.9248120300753,819.5951442817792
772.8301886792452,1111.8552128152612
775.7575757575758,1091.1813517565665
778.7072243346007,1095.0830671704653
781.6793893129772,1201.299809420315
784.6743295019156,1261.374620641994
787.6923076923077,1395.7980159937522
790.7335907335906,1619.437976614072
793.798449612403,1664.5223375643043
796.8871595330738,1647.1211222136787
800.0,1735.149779425095
803.1372549019609,1951.8186501355988
806.2992125984252,2867.700890662706
809.4861660079052,4038.9307225752345
812.6984126984127,3881.2595065085256
815.9362549800798,2618.597265247876
819.1999999999999,1249.2149568023556
822.4899598393575,495.33175714962397
825.8064516129032,254.0463352356842
829.1497975708503,185.26280955281476
832.520325203252,142.09667941909623
835.9183673469388,42.15570594602467
839.3442622950819,179.96647920079755
842.798353909465,301.770404121267
846.2809917355372,698.2904743395882
849.792531120332,2012.3242703851834
853.3333333333334,2989.492258330133
856.9037656903765,2874.6147552216867
860.5042016806723,3589.1902853179504
864.1350210970463,5391.451251582436
867.7966101694916,6186.347990049011
871.4893617021277,5771.649763998551
875.2136752136753,5779.752273197265
878.9699570815451,6292.8602245656275
882.7586206896551,6591.407017608455
886.5800865800866,6685.370978608251
890.4347826086956,6814.309026965316
894.3231441048034,6693.71863347469
898.2456140350877,6180.863150137692
902.2026431718061,5727.895164926234
906.1946902654867,5490.700332989255
910.2222222222222,5148.116216914642
914.2857142857142,4762.340852208717
918.3856502242153,4594.052024549813
922.5225225225224,4399.756958280714
926.6968325791854,3927.919921950784
930.9090909090908,3445.4859012702195
935.1598173515981,3052.045849627872
939.4495412844036,2631.0755888710164
943.778801843318,2271.9461643571963
948.1481481481483,2033.8222068730283
952.5581395348837,1809.088102496387
957.0093457943926,1479.6157382510453
961.5023474178405,1199.4889761227093
966.0377358490566,997.4933710765417
970.6161137440758,822.4826911481377
975.2380952380953,671.3789204560671
979.9043062200957,528.1982410587304
984.6153846153846,419.4132446998721
989.3719806763285,322.26229677040556
994.1747572815533,246.61653310124382
999.0243902439023,185.3417697018623
1003.921568627451,136.6686363229731
1008.8669950738915,99.32387201370838
1013.8613861386139,68.92953327092279
1018.905472636816,47.17597538909347
1023.9999999999999,35.89549769284843
1029.145728643216,26.44113243798763
1034.3434343434344,19.407971798512342
1039.5939086294416,20.66649367649914
1044.8979591836735,20.9753737959
1050.2564102564102,19.234100282000952
1055.6701030927834,23.777899453765304
1061.139896373057,26.963888787287303
1066.6666666666665,25.729293084040492
1072.2513089005236,29.0102429919917
1077.8947368421054,31.79297618215643
1083.5978835978835,29.63785304721633
1089.3617021276596,30.52836277147313
1095.1871657754011,32.04711176152554
1101.0752688172042,29.25350139070853
1107.0270270270269,28.326746984353402
1113.0434782608695,28.816546978261588
1119.1256830601094,26.04566687082468
1125.2747252747254,24.211750181615542
1131.4917127071824,24.042965466155895
1137.7777777777778,21.602962233077008
1144.1340782122904,19.40928515911252
1150.5617977528088,18.785167174284524
1157.0621468926552,16.777349044801216
1163.6363636363635,14.698669751471508
1170.2857142857142,14.00239600773776
1177.0114942528735,12.592386240320359
1183.815028901734,10.945728387420397
1190.6976744186047,10.382976257076697
1197.6608187134502,9.525174108429367
1204.705882352941,8.360608975432514
1211.834319526627,7.95852058868293
1219.0476190476188,7.491537496079121
1226.3473053892214,6.7322939082214495
1233.734939759036,6.47329195914806
1241.2121212121212,6.231340475791321
1248.780487804878,5.690149248057687
1256.441717791411,5.401318220051693
1264.1975308641975,5.133123017910807
1272.0496894409937,4.606047110137691
1280.0,4.206558701305732
1288.0503144654087,3.868590818508709
1296.2025316455697,3.3735508437666946
1304.4585987261146,2.9708736455050806
1312.8205128205127,2.6704193580433655
1321.2903225806451,2.300627368557418
1329.8701298701299,1.9965787654601754
1338.562091503268,1.785485919093193
1347.3684210526317,1.540040351629606
1356.291390728477,1.332680905126705
1365.3333333333333,1.1975465589439158
1374.496644295302,1.0415656633011638
1383.7837837837837,0.8953879783888676
1393.1972789115646,0.7970496695884127
1402.7397260273972,0.6951506139937962
1412.4137931034481,0.5996660032620474
1422.2222222222222,0.5353259154416822
1432.1678321678319,0.472048793984552
1442.2535211267605,0.4112645349182463
1452.482269503546,0.36719791752096526
1462.857142857143,0.3245433728976119
1473.3812949640287,0.2851436304564765
1484.0579710144928,0.25624388702207196
1494.890510948905,0.22847822970469092
1505.8823529411766,0.20393942139429636
1517.037037037037,0.1858781056863044
1528.358208955224,0.1680735783623715
1539.8496240601505,0.15238149555977287
1551.5151515151515,0.1389857834203439
1563.3587786259543,0.12435019338675035
1575.3846153846155,0.11268344755226803
1587.596899224806,0.10348919295853592
1600.0,0.09272364799403646
1612.5984251968505,0.08383986933546791
1625.3968253968253,0.07664372694770985
1638.3999999999999,0.06809604563652567
1651.6129032258063,0.06124893871152928
1665.040650406504,0.05584570527934972
1678.6885245901638,0.049001903339552226
1692.5619834710744,0.04323979939810504
1706.6666666666667,0.03897112024143407
1721.0084033613446,0.03382066110147637
1735.5932203389832,0.029331546648939114
1750.4273504273506,0.026105785908303616
1765.5172413793102,0.02237078332001167
1780.8695652173913,0.018968361445112963
1796.4912280701753,0.016598030460501664
1812.3893805309733,0.01411944648024469
1828.5714285714284,0.011844088276228246
1845.0450450450448,0.01029882680474376
1861.8181818181815,0.008792003121074738
1878.8990825688072,0.0073908466751556505
1896.2962962962965,0.006477198588769441
1914.0186915887853,0.0056495138193289945
1932.0754716981132,0.004851272462139058
1950.4761904761906,0.004344960215821591
1969.2307692307693,0.003917264014994371
1988.3495145631066,0.003473254297305434
2007.843137254902,0.003190951337399114
2027.7227722772277,0.0029706854233400473
2047.9999999999998,0.002713362068080329
2068.686868686869,0.0025292860093689795
2089.795918367347,0.002381392891702082
2111.340206185567,0.0021950233089117017
2133.333333333333,0.0020435871110189873
2155.789473684211,0.0019185472028584668
2178.723404255319,0.0017604880059022535
2202.1505376344085,0.0016143457275024063
2226.086956521739,0.0014909096734404706
2250.5494505494507,0.001353073936410909
2275.5555555555557,0.00122367450670214
2301.1235955056177,0.0011149844480228036
2327.272727272727,0.001004826212971331
2354.022988505747,0.0009017290076247463
2381.3953488372094,0.0008167493401293779
2409.411764705882,0.0007408438315389364
2438.0952380952376,0.0006733993846271215
2467.469879518072,0.0006184076935031158
2497.560975609756,0.0005741707150362395
2528.395061728395,0.0005382169227099035
2560.0,0.0005089339323431833
2592.4050632911394,0.0004861565416462304
2625.6410256410254,0.00046826158800223526
2659.7402597402597,0.00045210881917714333
2694.7368421052633,0.00043709802026920534
2730.6666666666665,0.0004223694496471956
2767.5675675675675,0.00040579991174624316
2805.4794520547944,0.00038699801404436674
2844.4444444444443,0.00036593503343833057
2884.507042253521,0.0003425407617130623
2925.714285714286,0.0003171574449046211
2968.1159420289855,0.0002899220364435713
3011.764705882353,0.00026215011660011184
3056.716417910448,0.00023488406788438367
3103.030303030303,0.0002079954504769609
3150.769230769231,0.0001826405882040986
3200.0,0.00015967068078945874
3250.7936507936506,0.00013904829963901186
3303.2258064516127,0.00012109112224503073
3357.3770491803275,0.00010553119444915872
3413.3333333333335,9.281970642606346e-05
3471.1864406779664,8.276924799773835e-05
3531.0344827586205,7.396247154350104e-05
3592.9824561403507,6.743314942997069e-05
3657.142857142857,6.309298170670071e-05
3723.636363636363,5.892358528324556e-05
3792.592592592593,5.5946486179441753e-05
3864.1509433962265,5.441026460537662e-05
3938.4615384615386,5.265857449212565e-05
4015.686274509804,5.055396036108141e-05
4095.9999999999995,4.8995557169189496e-05
4179.591836734694,4.82467538754665e-05
4266.666666666666,3.901302542980275e-05
4357.446808510638,1.748345776312731e-05
4452.173913043478,3.592461221108183e-06
4551.111111111111,5.906610147418808e-07
4654.545454545454,2.1502090474123387e-07
4762.790697674419,9.072579203039508e-08
4876.190476190475,4.31001473492098e-08
4995.121951219512,2.7135198013496836e-08
5120.0,1.4151835865999507e-08
5251.282051282051,7.692413672640065e-09
5389.473684210527,4.430095932632263e-09
5535.135135135135,2.139189114102561e-09
5688.888888888889,1.0420081651029263e-09
5851.428571428572,4.918768891156864e-10
6023.529411764706,1.8659430360073421e-10
6206.060606060606,6.311807136711845e-11
6400.0,1.8260126223485692e-11
6606.451612903225,3.162444820991651e-12
6826.666666666667,2.373340384266124e-13
7062.068965517241,1.6944427831335508e-14
7314.285714285714,5.608617154787674e-15
7585.185185185186,1.8414864522407232e-15
7876.923076923077,6.658849407713213e-16
