"Wavelength, nm",Intensity
136.44237175216523,2.9894334134391518e-21
136.53333333333333,3.5274465244305874e-21
136.62441627751835,4.1713552272105735e-21
136.71562082777035,4.9332195569193964e-21
136.80694722778892,5.862217444441267e-21
136.89839572192514,1.2628095416955382e-20
136.98996655518394,1.0086542219474501e-18
137.08165997322624,1.8944244325035e-16
137.17347622237108,1.0008673512310818e-14
137.26541554959786,2.403133635086436e-13
137.35747820254863,3.2926712907190286e-12
137.4496644295302,2.959514344324831e-11
137.54197447951645,1.9205364318756624e-10
137.63440860215053,9.636119070970907e-10
137.72696704774717,3.93207373094467e-09
137.81965006729476,1.3560147784783302e-08
137.9124579124579,4.070858824649712e-08
138.0053908355795,1.0884700271230628e-07
138.09844908968307,2.6384119537868964e-07
138.19163292847506,5.878547131825108e-07
138.28494260634707,1.2171938482294575e-06
138.37837837837836,2.3629487358753532e-06
138.47194050033806,4.332417940742263e-06
138.5656292286874,7.5492439280605635e-06
138.65944482058225,1.257155118365631e-05
138.75338753387533,2.01097298703039e-05
138.84745762711862,3.104603129139868e-05
138.94165535956583,4.645264421235826e-05
139.03598099117448,6.759220324336224e-05
139.1304347826087,9.587015642312291e-05
139.22501699524133,0.00013270638367498714
139.31972789115645,0.00017932344189141788
139.4145677331518,0.00023651236284901974
139.50953678474113,0.00030449506044617487
139.60463531015677,0.0003829944327778299
139.69986357435198,0.0004715116815983864
139.79522184300342,0.0005696256099509285
139.89071038251367,0.000677002580805132
139.98632946001365,0.0007929057076756835
140.08207934336525,0.000915336546230681
140.17796030116358,0.0010403187991505295
140.27397260273972,0.0011619428695121346
140.37011651816314,0.0012734601210014187
140.46639231824417,0.001369050667336947
140.56280027453673,0.0014453132940339865
140.65934065934067,0.0015015326304376956
140.75601374570448,0.001538460854602034
140.85281980742778,0.0015562766182187758
140.949759119064,0.0015529560279771795
141.04683195592284,0.0015241310879828141
141.14403859407307,0.001464665846359547
141.24137931034483,0.001371179973388867
141.33885438233264,0.0012442619977500473
141.4364640883978,0.0010893752303164082
141.53420870767104,0.0009161616557076425
141.6320885200553,0.0007365293417249016
141.73010380622836,0.0005622873447980497
141.8282548476454,0.0004031384938536642
141.92654192654192,0.00026566434082281955
142.0249653259362,0.00015363370930437974
142.1235253296322,6.953510840516302e-05
142.22222222222223,1.666853449284336e-05
142.32105628908963,6.645626816221099e-07
142.42002781641168,2.937212237557455e-05
142.51913709116212,0.00011087072755013205
142.6183844011142,0.00025055831683502806
142.7177700348432,0.00044908283568050164
142.81729428172943,0.0007026688317308715
142.91695743196092,0.0010060613986513864
143.0167597765363,0.001356381678940372
143.11670160726763,0.0017550567220933856
143.21678321678323,0.0022060455834634046
143.31700489853043,0.0027105825621454704
143.4173669467787,0.0032605675262802896
143.5178696566223,0.0038356337996401646
143.61851332398317,0.004407666471263557
143.71929824561403,0.004949598183604856
143.8202247191011,0.005446106659994645
143.92129304286718,0.0059047498311398045
144.0225035161744,0.0063539158573151875
144.12385643912737,0.006826572459906099
144.22535211267606,0.007351631841581313
144.32699083861874,0.007940994630043156
144.42877291960508,0.00856494752254011
144.530698659139,0.009171941977236394
144.6327683615819,0.00972381303151345
144.73498233215545,0.010171444316801325
144.83734087694484,0.010482266881272764
144.9398443029016,0.010714620649584724
145.04249291784703,0.010926155370945115
145.14528703047483,0.011124380281496234
145.24822695035462,0.011418720293863007
145.35131298793468,0.011889345289233657
145.45454545454544,0.012405654359911191
145.55792466240226,0.012979048876293165
145.66145092460883,0.013721085575460057
145.76512455516016,0.014355082946636495
145.86894586894587,0.01479580553330554
145.9729151817534,0.015438347498055503
146.07703281027102,0.016027426400828212
146.18129907209135,0.016245765501754224
146.28571428571428,0.016899496359239843
146.39027877055037,0.01792603540940824
146.49499284692416,0.018317842915601915
146.59985683607732,0.019134104111819566
146.7048710601719,0.020979935351929855
146.8100358422939,0.021723062478856945
146.91535150645623,0.022143612527448477
147.0208183776023,0.024582800398809775
147.1264367816092,0.02596978748218756
147.23220704529115,0.025349124393216068
147.33812949640287,0.02774990537095182
147.4442044636429,0.030846608896486532
147.55043227665706,0.029602409262558162
147.6568132660418,0.030547723679589366
147.76334776334778,0.035776423919280695
147.87003610108303,0.03584309216233148
147.97687861271675,0.03396363304347164
148.08387563268258,0.03890996521535785
148.19102749638205,0.04198325461167014
148.29833454018825,0.03910394055991624
148.40579710144928,0.04157656972694369
148.51341551849166,0.04676010189420474
148.6211901306241,0.04548603182027456
148.72912127814087,0.045634349687163595
148.8372093023256,0.05021489726971706
148.94545454545454,0.05001015246124627
149.0538573508006,0.04814841563348579
149.16241806263656,0.05017878719578152
149.27113702623907,0.04974896515467091
149.38001458789202,0.04701648810894095
149.4890510948905,0.04735990089411935
149.59824689554418,0.04705424093881651
149.70760233918128,0.04490388384684902
149.81711777615214,0.04475186499379768
149.9267935578331,0.0442524807460587
150.03663003663004,0.0419415874883692
150.1466275659824,0.04030747345685326
150.25678650036684,0.038021810428408354
150.36710719530103,0.034450845793845844
150.47759000734754,0.03132467364129847
150.58823529411762,0.027718729489643365
150.69904341427517,0.023837999636578903
150.8100147275405,0.020805334649799122
150.92114959469419,0.01735059047628358
151.03244837758112,0.01405997889706176
151.1439114391144,0.011885448141466193
151.25553914327915,0.009290547105745442
151.3673318551367,0.006813236940183211
151.47928994082838,0.005641269972546269
151.59141376757958,0.0045671770518715925
151.7037037037037,0.003490141679724424
151.81616011860638,0.003729863445784384
151.92878338278933,0.005122245228522559
152.04157386785448,0.00616183465615891
152.15453194650817,0.007935491262366692
152.26765799256503,0.012695221493369884
152.38095238095235,0.016828058528810287
152.4944154877141,0.020006443475602646
152.6080476900149,0.028638160479034166
152.72184936614468,0.03671563321092156
152.8358208955224,0.04035756678146682
152.9499626587005,0.05212358915751127
153.0642750373692,0.06449845046474124
153.1787584143605,0.06704154285722118
153.29341317365268,0.08017218845136058
153.40823970037454,0.0974771670976043
153.5232383808096,0.0980556184541528
153.6384096024006,0.11002178093490009
153.75375375375376,0.13256430892894042
153.86927122464311,0.13100485951317248
153.98496240601503,0.13845697784859778
154.10082768999246,0.16562858824043453
154.2168674698795,0.16276550716948782
154.33308214016577,0.16233074922249294
154.4494720965309,0.19261965713160048
154.56603773584905,0.1907448686056928
154.68277945619334,0.1797704887510641
154.79969765684052,0.2097504687781307
154.91679273827532,0.2115584841566507
155.0340651021953,0.18895390811764368
155.15151515151516,0.21345889594321077
155.2691432903715,0.22149530251779984
155.38694992412746,0.18919810208473004
155.50493545937738,0.2022117556390698
155.62310030395136,0.21751924693753297
155.74144486692012,0.1816632580842783
155.8599695585997,0.17894550298786993
155.97867479055597,0.19924776308780198
156.09756097560975,0.16783397025523117
156.21662852784135,0.14845549680471015
156.33587786259542,0.16748713625907788
156.45530939648586,0.14762449584015766
156.5749235474006,0.11642293593266913
156.69472073450652,0.12644531447785243
156.8147013782542,0.1211300557637681
156.93486590038313,0.08910859683827643
157.05521472392638,0.08592885336291757
157.17574827321565,0.0916763678985281
157.29646697388634,0.07128462355390568
157.4173712528824,0.058150004953562894
157.53846153846155,0.06616629046431849
157.65973826020013,0.06361872038993337
157.78120184899845,0.051396703069605865
157.9028527370856,0.05504805763846602
158.02469135802468,0.06634880105248156
158.14671814671814,0.0663187619770664
158.26893353941267,0.06757790017550837
158.39133797370457,0.08336682625027729
158.5139318885449,0.09880711464966832
158.63671572424477,0.10667146877843449
158.7596899224806,0.12116112759163532
158.88285492629947,0.14453619393577216
159.0062111801242,0.16632824791880627
159.12975912975912,0.18465625950410558
159.25349922239502,0.20527741896396018
159.37743190661476,0.23535445912885233
159.50155763239874,0.26839552882878925
159.62587685113016,0.28753377854703815
159.7503900156006,0.30951873662052426
159.87509758001562,0.35683292043435266
160.0,0.39082817539957493
160.12509773260362,0.395861506033884
160.2503912363067,0.4357685444320757
160.37588097102582,0.4982406034310536
160.5015673981191,0.5030507910312567
160.62745098039213,0.5077552030096056
160.7535321821036,0.5827419435348185
160.87981146897093,0.619480153417832
161.0062893081761,0.5895977751227045
161.13296616837135,0.6346877152170732
161.25984251968504,0.7139227819690747
161.38691883372735,0.6887347817444956
161.51419558359618,0.6731956691509282
161.64167324388316,0.7589031320871376
161.7693522906793,0.7807699811030624
161.89723320158103,0.7240123266288013
162.0253164556962,0.7607664952259376
162.15360253365006,0.8247437519223357
162.28209191759112,0.7818162272579695
162.41078509119745,0.7543859070974722
162.53968253968253,0.8098287005806016
162.66878474980143,0.8106201576113594
162.79809220985692,0.7580943169669218
162.92760540970565,0.7665058313534969
163.05732484076432,0.7878734921654953
163.18725099601593,0.7534457658298942
163.31738437001593,0.7270609625829111
163.44772545889865,0.732992082690552
163.57827476038338,0.7198263867653507
163.709032773781,0.6940980469179658
163.84,0.6832061068123259
163.97117694155327,0.6712815965993171
164.1025641025641,0.656063932370399
164.23416198877305,0.649332085382875
164.3659711075441,0.6389840755184394
164.49799196787149,0.6260823826257856
164.63022508038586,0.6283070594122881
164.76267095736122,0.6340564288993356
164.89533011272144,0.6296580321883288
165.02820306204674,0.6337002362010427
165.16129032258064,0.6528379685841834
165.29459241323647,0.6681056209079428
165.4281098546042,0.6804373439972747
165.56184316895713,0.7041544149982919
165.6957928802589,0.7329563786056503
165.82995951417004,0.7600888177113329
165.9643435980551,0.7933887251180145
166.09894566098947,0.8309927352447948
166.23376623376623,0.8665993981017066
166.36880584890332,0.9084623711194765
166.5040650406504,0.9579256621147734
166.63954434499593,1.0022418131705761
166.77524429967426,1.0446598612360711
166.9111654441728,1.097929177465204
167.047308319739,1.154036424401283
167.18367346938777,1.20191204815524
167.3202614379085,1.2512429504684057
167.45707277187245,1.308693720072759
167.59410801963992,1.36376642898549
167.7313677313677,1.4129117832480065
167.86885245901638,1.4642440527428218
168.00656275635768,1.5178058623773218
168.14449917898193,1.5674055839007837
168.28266228430567,1.612618440260593
168.42105263157896,1.6540567522656962
168.559670781893,1.6909270214750318
168.6985172981878,1.7255566954000083
168.83759274525966,1.7561501813900002
168.97689768976898,1.7749668719839122
169.11643270024774,1.7846155527832241
169.25619834710741,1.7957863509093344
169.39619520264682,1.8030279196262862
169.53642384105962,1.7913584449248443
169.67688483844242,1.7671418706554305
169.81757877280262,1.7480941794798477
169.95850622406635,1.7272823994758695
170.09966777408638,1.684935074035828
170.24106400665005,1.6284601652124937
170.3826955074875,1.5814105338804263
170.52456286427974,1.540795545618608
170.66666666666666,1.4843086848440157
170.8090075062552,1.4135468496434573
170.9515859766277,1.352752716371937
171.09440267335003,1.307254778805067
171.23745819397996,1.2572932822932474
171.3807531380753,1.1953923545657725
171.52428810720266,1.1403402366665583
171.66806370494552,1.1066979670308823
171.81208053691276,1.0838113593735694
171.95633921074725,1.0566159475758987
172.10084033613444,1.031053842943974
172.24558452481077,1.0245618320256904
172.3905723905724,1.0395727607434497
172.5358045492839,1.0612301337321726
172.681281618887,1.080876621246191
172.82700421940928,1.1087278861755596
172.97297297297297,1.1570712557225584
173.11918850380385,1.2203907275596835
173.26565143824024,1.283343568914772
173.41236240474177,1.3439092582230416
173.55932203389833,1.414762888242852
173.70653095843934,1.501028827560116
173.85398981324278,1.5911358354201013
174.0016992353441,1.6753561197067615
174.14965986394557,1.7604187250845393
174.2978723404255,1.8562371823000634
174.44633730834755,1.9584174412230244
174.59505541346974,2.0562520643335667
174.74402730375425,2.151480261737319
174.8932536293766,2.255314461450648
175.04273504273505,2.369484800384638
175.1924721984602,2.484460594845081
175.34246575342465,2.5976605358953035
175.49271636675235,2.7191228148452935
175.6432246998285,2.853697211951948
175.79399141630904,2.9913253738055516
175.94501718213058,3.124870834553828
176.0963026655202,3.2651170034655945
176.24784853700515,3.423327000271752
176.3996554694229,3.588850941077808
176.55172413793102,3.743586465331022
176.70405522001724,3.8932287520565847
176.85664939550952,4.060490369171848
177.00950734658602,4.245113962455431
177.16262975778545,4.415689750281601
177.3160173160173,4.5535664630246036
177.46967071057193,4.682644567407739
177.62359063313096,4.831939843097089
177.77777777777777,4.983123625154924
177.93223284100782,5.089056394997861
178.08695652173913,5.1427945900343035
178.24194952132288,5.189203572046438
178.397212543554,5.254086244315495
178.55274629468178,5.299074060032653
178.70855148342056,5.276955708026138
178.86462882096066,5.205256117202017
179.02097902097898,5.142911353855724
179.17760279965006,5.102524830827611
179.33450087565674,5.032306847275728
179.4916739702016,4.898015714535682
179.64912280701753,4.741194898570369
179.80684811237927,4.622932275733838
179.96485061511424,4.5363257184797074
180.12313104661388,4.420252923740365
180.28169014084506,4.255248707378925
180.44052863436124,4.099619476192165
180.59964726631395,4.01184057198756
180.75904677846424,3.969875655865539
180.91872791519435,3.9026044322975233
181.07869142351902,3.7918147075106243
181.23893805309734,3.704073046439442
181.39946855624444,3.7045286875588834
181.56028368794324,3.7655659109853845
181.72138420585628,3.7965590288650533
181.88277087033748,3.7628456278968843
182.04444444444445,3.737165690081858
182.20640569395016,3.8061308567793803
182.3686553873553,3.9461702690667297
182.53119429590015,4.037725993020341
182.69402319357712,4.0144303995870985
182.85714285714286,3.9554289607406803
183.0205540661305,3.984608679623218
183.18425760286226,4.095413327852752
183.34825425246197,4.139227522280554
183.51254480286738,4.011523148017383
183.67713004484304,3.7963058061502313
183.84201077199282,3.6672148877888753
184.00718778077265,3.6645126458792587
184.1726618705036,3.6411720602657422
184.33843384338437,3.453715665368899
184.5045045045045,3.152948376074789
184.67087466185754,2.932926003885629
184.83754512635377,2.906893321005281
185.0045167118338,2.9843932503080004
185.17179023508135,2.9856619792722214
185.33936651583707,2.853218668744167
185.5072463768116,2.728135878713796
185.675430643699,2.8098517634020057
185.84392014519057,3.1362090298394936
186.01271571298818,3.513616911263966
186.1818181818182,3.704561542096834
186.3512283894449,3.7064188195512267
186.52094717668484,3.7948194289507904
186.69097538742025,4.214664897171558
186.86131386861314,4.839524294963935
187.03196347031962,5.248540265142354
187.20292504570384,5.210584035074424
187.37419945105214,5.0077028817094105
187.54578754578753,5.13576596316269
187.71769019248396,5.681700398378683
187.88990825688072,6.155953007374581
188.06244260789717,6.053725677864963
188.23529411764707,5.492218123385908
188.40846366145354,5.118213842102788
188.5819521178637,5.3534834847234185
188.75576036866357,5.874798053941012
188.92988929889296,5.970569063511298
189.10433979686056,5.374713983078236
189.27911275415894,4.604493612701756
189.45420906567992,4.400297424873333
189.62962962962962,4.896886049563048
189.80537534754404,5.456923678004537
189.98144712430428,5.357784320682741
190.15784586815226,4.5905223747902095
190.3345724907063,3.9065744143588867
190.51162790697674,4.038079349656093
190.68901303538178,4.894615727082456
190.8667287977633,5.60092857764098
191.044776119403,5.392090029117903
191.22315592903828,4.45998963715511
191.4018691588785,3.8250010108379278
191.5809167446211,4.288502430371103
191.76029962546815,5.529840875222219
191.94001874414244,6.349039449622656
192.12007504690433,5.8934880470981765
192.3004694835681,4.616233366036926
192.48120300751881,3.899472062345266
192.66227657572907,4.643477187270414
192.8436911487759,6.262472505519206
193.02544769085767,7.190194985918237
193.2075471698113,6.4606767673868415
193.38999055712932,4.769755621770049
193.57277882797732,3.8741621611654176
193.75591296121098,4.846682679272726
193.93939393939394,6.916506022240868
194.12322274881518,8.12273061718578
194.30740037950665,7.228735295923489
194.49192782526114,5.03277604544148
194.67680608365018,3.7108608816322346
194.86203615604185,4.7262843625900395
195.04761904761907,7.30953983752359
195.23355576739752,9.064606891592188
195.4198473282443,8.232726792127707
195.6064947468959,5.4714731702867425
195.79349904397705,3.364428690040104
195.9808612440191,4.0151074453183
196.1685823754789,6.975489864433171
196.35666347075744,9.53921151682119
196.5451055662188,9.219374530788983
196.73390970220942,6.119441911334829
196.92307692307693,2.94154267934625
197.1126082771896,2.5621486855870295
197.30250481695566,5.383201408463862
197.4927675988428,8.899793282138502
197.68339768339766,9.90245616321691
197.8743961352657,7.337623366714894
198.06576402321085,3.2734437359414925
198.25750242013552,1.1305189851648316
198.44961240310076,2.741315412104357
198.64209505334625,6.777100600050626
198.83495145631065,9.853287451897298
199.02818270165207,9.341825926635606
199.22178988326846,5.54320771133936
199.4157740993184,1.4680128970160427
199.61013645224173,0.44130149589496587
199.8048780487805,3.451607364301526
200.0,8.319689314345661
200.19550342130987,11.329086069345296
200.3913894324853,10.084116034992013
200.58765915768853,5.433811481208041
200.78431372549022,0.97128078221089
200.9813542688911,0.39663357334437965
201.17878192534383,4.646508699767918
201.37659783677483,10.968313678131992
201.5748031496063,14.782902775828411
201.77339901477833,13.11226698329936
201.9723865877712,7.046298651779741
202.1717670286278,1.2485431049240734
202.3715415019763,0.6240467310658053
202.57171117705244,6.495639889791918
202.77227722772278,15.238319697828098
202.97324083250743,20.663983505470227
203.17460317460316,18.623473727982947
203.37636544190661,10.420253118905292
203.57852882703776,2.27794646063434
203.78109452736314,0.9531049430309199
203.98406374501994,8.579232163279439
204.1874376869392,20.652078165240006
204.39121756487026,28.92919882951201
204.5954045954046,27.37853190819471
204.79999999999998,16.88668126355138
205.005005005005,5.116322227126987
205.21042084168334,1.3085550915571187
205.41624874623875,9.570798710556184
205.62248995983938,25.503737018916375
205.8291457286432,38.817436566430345
206.03621730382292,40.37948662827641
206.24370594159112,28.867284750010572
206.4516129032258,12.239457411274278
206.65993945509584,2.7067044718505286
206.86868686868684,8.400270504793358
207.07785642062692,27.39403447786877
207.28744939271257,48.38237246965725
207.49746707193518,57.90773993099279
207.7079107505071,49.484444295628066
207.9187817258883,28.50527052269935
208.130081300813,9.361192556843182
208.34181078331636,6.266296692402892
208.55397148676167,23.65971962223935
208.7665647298675,52.60612554748304
208.9795918367347,75.87998416945639
209.19305413687437,78.86368165494405
209.40695296523518,59.39236675710076
209.6212896622313,29.94137723427468
209.83606557377047,10.363002569364784
210.05128205128204,15.429728919107061
210.26694045174537,44.93875520151273
210.48304213771837,82.94948024281013
210.69958847736626,107.14295908941047
210.91658084449023,102.71389321331522
211.1340206185567,72.18991123822913
211.3519091847265,34.791382418540934
211.5702479338843,15.141262504464228
211.78903826266804,28.035022825297208
212.00828157349895,68.73761412503573
212.22797927461139,115.01545594970891
212.448132780083,140.12668761220536
212.668743509865,129.18634514471844
212.88981288981287,88.80847343397431
213.11134235171693,43.84010054699697
213.33333333333334,22.907582678627055
213.555787278415,41.18699358995127
213.7787056367432,90.739529563972
214.00208986415882,144.6084514165819
214.22594142259413,172.43353024542813
214.4502617801047,158.4028333734189
214.67505241090146,110.98396647349512
214.900314795383,58.508979470102446
215.12605042016807,32.93468336134085
215.35226077812828,51.23269646821934
215.57894736842104,105.34513347374278
215.80611169652263,166.43994150857256
216.03375527426158,201.16895983065294
216.26187961985215,190.68624351963416
216.49048625792813,141.42119740600407
216.7195767195767,81.57555841930122
216.9491525423729,45.478940202071776
217.17921527041358,54.52774724867726
217.40976645435242,105.31891626221727
217.64080765143464,171.60590498627857
217.87234042553192,218.65673377720321
218.10436634717786,222.02810799720908
218.33688699360337,180.62984744590483
218.5699039487727,117.07578316174538
218.80341880341882,65.417212106607
219.0374331550802,53.146901153770756
219.27194860813702,87.04675181757901
219.5069667738478,150.00677918763589
219.74248927038627,210.28345886895585
219.97851772287862,237.95730253667378
220.21505376344086,219.87152470908833
220.45209903121636,165.80882921565902
220.68965517241378,103.05864435305557
220.92772384034518,62.48446431746538
221.16630669546436,63.42155835284388
221.4054054054054,104.71839410835193
221.64502164502164,165.93954833384777
221.88515709642468,217.73835972734014
222.12581344902384,236.027134120227
222.36699239956567,213.05252395407175
222.6086956521739,160.36806007252702
222.85092491838955,102.83255461601047
223.09368191721134,66.72687968114609
223.3369683751363,67.74264075811986
223.58078602620085,104.35177450342363
223.82513661202185,159.14032641805954
224.07002188183807,207.191750919062
224.31544359255204,227.41633034295
224.56140350877192,211.6917405122063
224.80790340285398,167.8690597109398
225.05494505494505,115.62470702854519
225.30253025302528,77.38456602347615
225.55066079295153,68.50235672773753
225.79933847850054,91.02756712704203
226.0485651214128,133.44562423439103
226.29834254143645,176.27736601785682
226.54867256637166,200.7484724843196
226.79955703211516,196.62092318195084
227.0509977827051,165.99534059969412
227.30299667036624,121.58721749997828
227.55555555555554,80.70926734276551
227.80867630700777,57.72019858104269
228.06236080178175,58.26754421684342
228.31661092530658,77.71274690269779
228.57142857142856,103.96716156968454
228.82681564245812,123.23305686575603
229.082774049217,125.87452511037357
229.33930571108624,109.95870109677112
229.59641255605382,81.17062648421461
229.8540965207632,49.485934993025346
230.1123595505618,24.51969780076771
230.37120359955006,11.62750665473449
230.6306306306306,10.360414301927197
230.89064261555805,15.71147478552496
231.1512415349887,21.200561841117832
231.41242937853107,22.178048765969855
231.67420814479635,17.78286505951038
231.9365798414496,10.755309399828409
232.19954648526078,5.456964874625911
232.46311010215663,5.283414350310609
232.7272727272727,10.802122495087639
232.9920364050057,19.50679927503303
233.25740318906605,27.26607585242616
233.52337514253134,30.644798180123164
233.78995433789953,28.932576458589295
234.05714285714288,24.83365657702895
234.32494279176203,23.397081028053766
234.59335624284074,29.721431284567096
234.8623853211009,46.45424276926927
235.13203214695753,72.24777636820917
235.4022988505747,101.83691905072985
235.67318757192174,127.86601243806304
235.9447004608295,143.68449934812625
236.2168396770473,145.76901921865934
236.48960739030022,135.09599772353397
236.76300578034682,116.73487837681509
237.03703703703707,97.81124447991132
237.3117033603708,84.82626558809298
237.58700696055683,81.24153950621091
237.862950058072,86.42577073224996
238.13953488372093,96.11787493686052
238.41676367869616,104.29087665135991
238.69463869463866,105.66284008835619
238.97316219369893,97.56444636432232
239.25233644859816,80.75611982096578
239.53216374269007,58.86235459120293
239.81264637002343,36.75626211427496
240.0937866354044,18.719741411080655
240.37558685446012,7.0472245672218
240.65804935370153,1.6363832269263436
240.94117647058823,0.5307842153171702
241.2249705535924,1.1571227795795516
241.50943396226415,1.6356727391371988
241.79456906729635,1.5375258089814678
242.080378250591,1.8890160654502264
242.3668639053254,4.441783579693082
242.65402843601896,10.58447735750784
242.94187425860022,20.43371635718832
243.23040380047507,32.55369135463276
243.51961950059456,44.381386867464926
243.80952380952382,53.10828173607361
244.1001191895113,56.726757032127125
244.39140811455846,54.72021972786956
244.68339307048984,48.09043588813166
244.97607655502392,38.91051767306271
245.2694610778443,29.536652989980354
245.56354916067144,21.79129192777021
245.85834333733493,16.4554571674512
246.15384615384616,13.204534506886898
246.4500601684717,11.054951501055164
246.7469879518072,8.98015241844078
247.04463208685164,6.445664737750275
247.34299516908212,3.6678170044583247
247.6420798065296,1.4062161419716213
247.9418886198547,0.5218313002688513
248.24242424242422,1.525451483453252
248.54368932038832,4.2983781309122255
248.8456865127582,8.085347031736154
249.14841849148416,11.743783531964487
249.45188794153472,14.130020398491123
249.75609756097558,14.515168149093116
250.06105006105005,12.888594697679688
250.36674816625916,9.870209949768059
250.6731946144431,6.41897247349034
250.98039215686276,3.4864539379867807
251.2883435582822,1.6307108975961548
251.5970515970516,0.8825848227897951
251.90651906519062,0.8657531157153007
252.21674876847288,1.0487544854455249
252.52774352651045,1.0192696364042035
252.8395061728395,0.6697443793170419
253.15203955500616,0.24513848621258436
253.46534653465346,0.1975598767928918
253.7794299876084,0.9567565162386483
254.09429280397023,2.712024166539832
254.40993788819875,5.275300649053028
254.726368159204,8.099933178965413
255.04358655043586,10.438078168311776
255.36159600997507,11.613098095350807
255.6803995006242,11.278141111323155
255.99999999999997,9.540607213221529
256.3204005006258,6.936527812088311
256.64160401002505,4.223880859514368
256.9636135508155,2.1076961112602572
257.286432160804,1.0363992632449226
257.61006289308176,1.0881984331029912
257.9345088161209,1.9940661417508996
258.2597730138714,3.270820378147007
258.5858585858586,4.403046836406536
258.91276864728195,5.018334087135392
259.24050632911394,4.994244948684566
259.5690747782003,4.4526678616129
259.8984771573604,3.6259926549162427
260.22871664548916,2.747681493309197
260.55979643765903,1.9898781755749837
260.89171974522293,1.4072928669414182
261.2244897959184,0.9716749661356745
261.5581098339719,0.6252808936204217
261.89258312020456,0.32838666581024406
262.2279129321382,0.10408101661395458
262.56410256410254,0.03202185510311546
262.9011553273428,0.20872955354659792
263.2390745501285,0.6839396926743363
263.5778635778636,1.421325564445653
263.91752577319585,2.2818217494248545
264.258064516129,3.060680946854362
264.59948320413434,3.5807010493993987
264.9417852522639,3.7335176160562473
265.2849740932642,3.507476585041596
265.6290531776913,2.994875138577801
265.974025974026,2.3372097631398865
266.3198959687906,1.677963803821568
266.66666666666663,1.1204127204816818
267.01434159061273,0.7035281595367244
267.3629242819843,0.42008336716724526
267.7124183006536,0.2385899472144309
268.0628272251309,0.12603140845733352
268.41415465268676,0.0740711774318038
268.76640419947506,0.10886103000910939
269.119579500657,0.2855249250143172
269.47368421052636,0.6748496053060036
269.82872200263506,1.3311272787948236
270.1846965699208,2.2594408857850734
270.5416116248349,3.4028817686945736
270.8994708994709,4.643024576918902
271.25827814569533,5.8411959781978116
271.6180371352785,6.895174827761012
271.97875166002655,7.752528890232671
272.3404255319149,8.415496344867645
272.70306258322233,8.921717697617364
273.06666666666666,9.274822746740037
273.4312416555407,9.433671809315499
273.7967914438503,9.363177359889601
274.1633199464525,9.048351930181871
274.5308310991957,8.509535369296945
274.8993288590604,7.827596203098492
275.26881720430106,7.125959166894073
275.6393001345895,6.557308550156114
276.010781671159,6.29608893017163
276.3832658569501,6.527731716406513
276.7567567567567,7.458367875679332
277.1312584573748,9.271374030547326
277.50677506775065,12.087027060650884
277.88331071913166,15.966779328858308
278.2608695652174,20.823815795938636
278.6394557823129,26.382268938698225
279.01907356948226,32.277615667510084
279.39972714870396,38.0580524981724
279.78142076502735,43.18087203004638
280.1641586867305,47.14817031119445
280.54794520547944,49.59201424085545
280.93278463648835,50.32994286677641
281.31868131868134,49.42712195871187
281.70563961485556,47.15024847221114
282.0936639118457,43.93135423200196
282.48275862068965,40.33591233521985
282.8729281767956,36.92946837790059
283.2641770401106,34.23424784340358
283.6565096952908,32.78520901140272
284.0499306518724,33.1110888000506
284.44444444444446,35.709520947168194
284.84005563282335,41.01492434935504
285.2367688022284,49.284735669440074
285.63458856345886,60.527830481116176
286.0335195530726,74.49450097246107
286.43356643356645,90.65028315793845
286.8347338935574,108.21769737662746
287.23702664796633,126.28216982104716
287.6404494382022,143.89428060618292
288.0450070323488,160.23722243533828
288.4507042253521,174.75523478651067
288.85754583921016,187.1690941185844
289.2655367231638,197.58544429614705
289.6746817538897,206.51731397415546
290.08498583569406,214.62064691554738
290.49645390070924,222.59918031876998
290.9090909090909,231.2393894513044
291.32290184921766,241.12889633054598
291.73789173789174,252.40792493687798
292.15406562054204,264.7852088625555
292.57142857142856,277.57555147587857
292.9899856938483,289.84802392062176
293.4097421203438,300.59587787421464
293.83070301291247,308.87555800437383
294.2528735632184,314.1298183770904
294.67625899280574,316.2476822609008
295.1008645533141,315.30250656989966
295.52669552669556,311.64675786246477
295.9537572254335,305.964508765501
296.3820549927641,298.91498320372096
296.81159420289856,291.07663601364027
297.2423802612482,283.06382626097997
297.6744186046512,275.4050193116964
298.1077147016012,268.62752354390005
298.54227405247815,263.42941254264184
298.978102189781,260.6274011454389
299.41520467836256,261.20228975072206
299.8535871156662,266.3002416008752
300.2932551319648,276.99399117974826
300.73421439060206,294.1074673821646
301.17647058823525,318.0202066987809
301.620029455081,348.40661015350577
302.06489675516224,384.14983385847194
302.5110782865583,423.2643447516973
302.95857988165676,462.92014261109676
303.4074074074074,499.83778469198563
303.85756676557867,530.5960092672999
304.30906389301634,551.7839852601388
304.7619047619047,560.5454048652375
305.2160953800298,555.1582741605499
305.6716417910448,535.1557247521592
306.1285500747384,501.4032530014327
306.58682634730536,456.21458495096437
307.0464767616192,403.1244533730156
307.5075075075075,346.44783991349584
307.96992481203006,290.8156964051911
308.433734939759,240.66558155826496
308.8989441930618,199.78782655386107
309.3655589123867,170.90686252111243
309.83358547655064,155.34658369897352
310.3030303030303,153.01021114313087
310.7738998482549,162.50235991444274
311.2462006079027,181.2455509769447
311.7199391171994,205.86143771634104
312.1951219512195,232.6813922899826
312.67175572519085,258.0848573803667
313.1498470948012,278.87002068131335
313.6294027565084,292.6484801784495
314.11042944785277,297.9991860702743
314.5929339477727,294.5183603732238
315.0769230769231,282.8181057751142
315.5624036979969,264.3245887136842
316.04938271604937,241.02971625515292
316.53786707882534,215.2624322071528
317.0278637770898,189.36966106352273
317.5193798449612,165.45186597288898
318.0124223602484,145.20756835242588
318.50699844479004,129.77545831844404
319.0031152647975,119.68044327934872
319.5007800312012,114.8956750413881
320.0,114.88474310191847
320.5007824726134,118.7191858047735
321.0031347962382,125.28062720182221
321.5070643642072,133.37004564143317
322.0125786163522,141.80117339746025
322.5196850393701,149.56522578285177
323.02839116719235,155.90300668354132
323.5387045813586,160.28344557697352
324.0506329113924,162.42716630323747
324.56418383518223,162.31054962215438
325.07936507936506,160.089293657254
325.59618441971384,156.03352093407887
326.11464968152865,150.49419304084688
326.63476874003186,143.85042075229282
327.15654952076676,136.4547949881589
327.68,128.60626389454194
328.2051282051282,120.54054864860932
328.7319422150882,112.42578370543755
329.2604501607717,104.3647526640373
329.7906602254429,96.4097414855074
330.3225806451613,88.5848724191198
330.8562197092084,80.90377808579466
331.3915857605178,73.38519347867627
331.9286871961102,66.07113310439385
332.46753246753246,59.03820892402819
333.0081300813008,52.39639940176
333.5504885993485,46.281277481244096
334.094616639478,40.84660624830169
334.640522875817,36.25911897099862
335.18821603927984,32.689726188318026
335.73770491803276,30.296157549023956
336.28899835796386,29.203465415780624
336.8421052631579,29.491482670165247
337.3970345963756,31.189371404593796
337.95379537953795,34.27133055982225
338.51239669421483,38.65128119699843
339.07284768211923,44.1835962735687
339.63515754560524,50.67422125878209
340.19933554817277,57.89209161763108
340.765391014975,65.5738416262709
341.3333333333333,73.43041302914398
341.9031719532554,81.16095445107106
342.4749163879599,88.47012903374814
343.04857621440533,95.08567518425414
343.6241610738255,100.7683640089425
344.2016806722689,105.31008913480248
344.7811447811448,108.53608972304647
345.362563237774,110.32055114978665
345.94594594594594,110.59779495615902
346.5313028764805,109.3596245761535
347.11864406779665,106.65009995153936
347.70797962648555,102.56082451119063
348.29931972789115,97.22461160826215
348.8926746166951,90.81268345378471
349.4880546075085,83.53221109297529
350.0854700854701,75.616110041979
350.6849315068493,67.30977749895233
351.286449399657,58.86106462484707
351.89003436426117,50.51150186418637
352.4956970740103,42.48778645562092
353.10344827586204,34.99350919970166
353.71329879101904,28.200518978301456
354.3252595155709,22.243760580526516
354.93934142114387,17.220681634889797
355.55555555555554,13.18932656156255
356.17391304347825,10.165290465532129
356.794425087108,8.124399367790334
357.4171029668411,7.010151306419244
358.04195804195797,6.739695987896592
358.6690017513135,7.20867646868631
359.29824561403507,8.297587260554476
359.9297012302285,9.878444803379379
360.5633802816901,11.821056939730044
361.1992945326279,13.998804428294566
361.8374558303887,16.292248058733247
362.4778761061947,18.591818700299555
363.1205673758865,20.80196491786866
363.76554174067496,22.84391903375001
364.4128113879003,24.654977006675175
365.0623885918003,26.18748429968718
365.7142857142857,27.408624242228864
366.3685152057245,28.29990302674589
367.02508960573476,28.857258739726888
367.68402154398564,29.09000962621404
368.3453237410072,29.01653203196014
369.009009009009,28.660994116820017
369.67509025270755,28.053340177401317
370.3435804701627,27.228560406341263
371.0144927536232,26.225013634242085
371.68784029038113,25.083310066186705
372.3636363636364,23.844081508849992
373.0418943533697,22.54637285847912
373.7226277372263,21.228532728990533
374.4058500914077,19.92826371872216
375.09157509157507,18.68190908814314
375.77981651376143,17.52498957769726
376.47058823529414,16.491118847797058
377.1639042357274,15.610034150665067
377.8597785977859,14.908271016142322
378.5582255083179,14.409655975199104
379.25925925925924,14.134318078876912
379.96289424860856,14.09882993087949
380.6691449814126,14.315956380756
381.37802607076355,14.793957789487651
382.089552238806,15.5375670067444
382.803738317757,16.547776167881945
383.5205992509363,17.82033081626022
384.24015009380867,19.346370344904912
384.96240601503763,21.11261782368948
385.6873822975518,23.09973047361048
386.4150943396226,25.282529921669553
387.14555765595463,27.631695428149595
387.8787878787879,30.114325145576654
388.6148007590133,32.693305881309605
389.35361216730035,35.3271034483408
390.09523809523813,37.971767947960224
390.8396946564886,40.58220718871087
391.5869980879541,43.111132123901406
392.3371647509578,45.51074765352412
393.0902111324376,47.735366731631075
393.84615384615387,49.740905253803206
394.6050096339113,51.48613381403168
395.3667953667953,52.934213547090664
396.1315280464217,54.05151810787402
396.8992248062015,54.80953872091293
397.6699029126213,55.18606464372409
398.4435797665369,55.163640427058425
399.22027290448347,54.733637041368446
400.0,53.8972086494564
400.7827788649706,52.66020805760224
401.56862745098044,51.03751141203733
402.35756385068765,49.056647406763574
403.1496062992126,46.75207781097185
403.9447731755424,44.16726093378071
404.7430830039526,41.35612922382853
405.54455445544556,38.374736514091445
406.3492063492063,35.282102406705725
407.1570576540755,32.14423445385767
407.9681274900399,29.02912481747282
408.7824351297405,26.00490441194212
409.59999999999997,23.139859107780943
410.4208416833667,20.501204610543336
411.24497991967877,18.15515544551057
412.07243460764585,16.162711410155882
412.9032258064516,14.580613047464903
413.7373737373737,13.463933607281595
414.57489878542515,12.857766308010772
415.4158215010142,12.799285791661887
416.260162601626,13.322591148965262
417.10794297352334,14.448877998771918
417.9591836734694,16.191323887598788
418.81390593047036,18.559831676067517
419.67213114754094,21.548920271775998
420.53388090349074,25.145399328963386
421.3991769547325,29.331970442746567
422.2680412371134,34.077558256471576
423.1404958677686,39.34756802347971
424.0165631469979,45.097499379316474
424.896265560166,51.27158888080149
425.77962577962575,57.82313368771597
426.6666666666667,64.6860105446333
427.5574112734864,71.78201766491485
428.45188284518827,79.06343242597465
429.3501048218029,86.4525993416723
430.25210084033614,93.85326562526454
431.1578947368421,101.22874394639587
432.06751054852316,108.50442886744143
432.98097251585625,115.5714072378159
433.8983050847458,122.40952865459316
434.81953290870484,128.96343087372054
435.74468085106383,135.12824930331738
436.67377398720674,140.89972533730878
437.60683760683764,146.22849166359993
438.54389721627405,151.00387193040262
439.48497854077254,155.23969429539247
440.4301075268817,158.93058197101658
441.37931034482756,162.01575791957168
442.3326133909287,164.514742110948
443.2900432900433,166.40128111123775
444.2516268980477,167.65142708354023
445.2173913043478,168.31494410371928
446.1873638344227,168.3636342372028
447.1615720524017,167.84536055227363
448.14004376367615,166.83644852109074
449.12280701754383,165.2441082553147
450.1098901098901,163.18446222733454
451.10132158590307,160.82068690865123
452.0971302428256,158.0026103125242
453.0973451327433,154.8752279176417
454.1019955654102,151.68396921797353
455.1111111111111,148.23799238688719
456.1247216035635,144.68540688312294
457.1428571428571,141.3316330327421
458.165548098434,137.98360511123448
459.19282511210764,134.77723858560717
460.2247191011236,132.0181736088518
461.2612612612612,129.57853442301942
462.3024830699774,127.62708674442442
463.3484162895927,126.37244224876088
464.39909297052156,125.76702276812702
465.4545454545454,126.05641454742621
466.5148063781321,127.21905769679019
467.57990867579906,129.27824896763173
468.64988558352405,132.68748927694335
469.7247706422018,137.14364805658087
470.8045977011494,142.66249671866615
471.889400921659,149.93678154616597
472.97921478060044,158.36104797012817
474.07407407407413,167.89773612440354
475.17401392111367,179.49490206411042
476.27906976744185,192.37599192254814
477.3892773892773,206.61061464611922
478.5046728971963,223.30482247261315
479.62529274004686,241.20012006539127
480.75117370892025,260.2196277664452
481.88235294117646,281.7842908397508
483.0188679245283,304.826102014976
484.160756501182,329.0502653498126
485.3080568720379,354.99986232112434
486.46080760095015,381.74664696310657
487.61904761904765,410.0016362406732
488.7828162291169,439.486910810021
489.95215311004785,468.9304064625825
491.1270983213429,500.41655028195373
492.3076923076923,532.806166786946
493.4939759036144,564.0624317638388
494.68599033816423,597.9521171693398
495.8837772397094,632.4892591305007
497.08737864077665,663.9800441551935
498.29683698296833,697.7004549538655
499.51219512195115,732.3350859261072
500.7334963325183,763.0514178340001
501.9607843137255,793.9106448389248
503.1941031941032,822.8948780430052
504.43349753694577,847.6869347676289
505.679012345679,874.7568059823247
506.9306930693069,901.0301197459585
508.18858560794047,923.1867049303719
509.452736318408,945.3695236142357
510.72319201995015,963.7396966842828
511.99999999999994,980.6045496592576
513.2832080200501,1000.3516617440789
514.572864321608,1014.062858901454
515.8690176322418,1026.276335313913
517.1717171717172,1041.1371735067262
518.4810126582279,1045.9998552893271
519.7969543147208,1051.5831629627405
521.1195928753181,1064.2885649813375
522.4489795918367,1064.6734836733406
523.7851662404091,1065.608293178502
525.1282051282051,1078.0460199211811
526.478149100257,1078.5351702874955
527.8350515463917,1076.7030432893444
529.1989664082687,1087.155223587413
530.5699481865284,1092.6085113168067
531.948051948052,1097.7025938862316
533.3333333333333,1107.501627730117
534.7258485639686,1113.0277782077956
536.1256544502618,1123.253459743913
537.5328083989501,1133.577026609623
538.9473684210527,1145.5768842966238
540.3693931398416,1173.0933495050833
541.7989417989418,1189.6400184364995
543.236074270557,1203.1492132837475
544.6808510638298,1246.5961323090255
546.1333333333333,1278.625738999622
547.5935828877006,1301.1276631722003
549.0616621983914,1358.3394665880442
550.5376344086021,1402.9812675507683
552.021563342318,1434.0504080225348
553.5135135135134,1502.5915306735706
555.0135501355013,1563.3995997197715
556.5217391304348,1614.114347108292
558.0381471389645,1698.7846360690876
559.5628415300547,1778.1944241919607
561.0958904109589,1854.7940038937006
562.6373626373627,1948.4066119807792
564.1873278236914,2028.8543336481343
565.7458563535912,2124.961788183469
567.3130193905816,2218.4805365416064
568.8888888888889,2275.4685234645153
570.4735376044569,2379.9442553955264
572.0670391061452,2483.322229458192
573.6694677871149,2518.7303183506274
575.2808988764044,2627.344594144467
576.9014084507043,2751.2258004902387
578.5310734463276,2769.814212411677
580.1699716713881,2863.291980493549
581.8181818181818,2997.418443901385
583.4757834757835,3005.0386445122135
585.1428571428571,3064.060400985626
586.8194842406876,3179.102036330629
588.5057471264367,3179.1167905401603
590.2017291066282,3200.0509635673707
591.907514450867,3256.691546772531
593.6231884057971,3238.842061805185
595.3488372093024,3249.731692532938
597.0845481049563,3244.8693218985286
598.8304093567251,3195.744652440347
600.5865102639297,3233.8467196387423
602.3529411764705,3235.5236160084246
604.1297935103245,3303.4148122306215
605.9171597633135,3707.0230832502116
607.7151335311573,3741.1231659269215
609.5238095238094,3090.865726621654
611.3432835820896,2826.0901473284007
613.1736526946107,3189.4173050013596
615.015015015015,3407.576565827786
616.867469879518,3336.632817519538
618.7311178247734,3117.591870026427
620.6060606060606,2457.580076943084
622.4924012158054,1858.4297640801744
624.390243902439,2032.8089141637765
626.2996941896024,2757.331917292406
628.2208588957055,2835.430863944368
630.1538461538462,2055.950161728241
632.0987654320987,1671.0919681820571
634.0557275541796,1844.4351362596176
636.0248447204968,2132.58398278756
638.006230529595,2057.8416249133707
640.0,1791.6611248782667
642.0062695924764,1578.5651636869968
644.0251572327044,1469.9276984996086
646.0567823343847,1416.4409808323962
648.1012658227849,1348.3088412172858
650.1587301587301,1278.9192700444833
652.2292993630573,1297.6271496196898
654.3130990415335,1228.6107115157356
656.4102564102564,1118.5437559960449
658.5209003215434,1083.180583893584
660.6451612903226,1065.7128574397757
662.7831715210356,1147.4134654414238
664.9350649350649,1375.925860423153
667.100977198697,1272.8072963252055
669.281045751634,1025.67192322717
671.4754098360655,1163.8167834785734
673.6842105263158,1267.6760901525058
675.9075907590759,907.5237635740074
678.1456953642385,931.0035778881711
680.3986710963455,1494.4217851197752
682.6666666666666,1306.9682798228598
684.9498327759198,710.2257466657458
687.248322147651,906.2476325733808
689.5622895622896,1623.7110474719257
691.8918918918919,1664.2655830820772
694.2372881355933,1322.8384680805514
696.5986394557823,1182.0181266338714
698.976109215017,1058.3192664264886
701.3698630136986,1061.6764799356142
703.7800687285223,1281.5560126441455
706.2068965517241,1398.3387768555535
708.6505190311418,1310.323522229724
711.1111111111111,1259.1275196310019
713.588850174216,1293.685066608088
716.0839160839159,1368.3730736154812
718.5964912280701,1414.0610066927065
721.1267605633802,1334.077297989519
723.6749116607774,1282.883312572607
726.241134751773,1202.3338464304168
728.8256227758006,1063.0227139947237
731.4285714285714,984.6698570602947
734.0501792114695,1012.0887854396636
736.6906474820144,1010.909662674182
739.3501805054151,888.309060350089
742.0289855072464,656.0582803660021
744.7272727272727,546.7711810442246
747.4452554744526,721.9196509569726
750.1831501831501,841.4358388506138
752.9411764705883,612.6747453107595
755.7195571955718,493.16546949470035
758.5185185185185,530.5088632298671
761.3382899628252,523.2692533749038
764.179104477612,601.5398785996497
767.0411985018726,595.1017977597861
769.9248120300753,227.47478098417838
772.8301886792452,55.58193061709234
775.7575757575758,107.87842870109593
778.7072243346007,139.02149930642497
781.6793893129772,84.91074726194083
784.6743295019156,157.70279211832383
787.6923076923077,207.7749010087155
790.7335907335906,70.82887423016132
793.798449612403,55.45807657872092
796.8871595330738,155.00203118807784
800.0,217.38765459022562
803.1372549019609,442.9759874491319
806.2992125984252,1440.0172432454492
809.4861660079052,2285.079495048153
812.6984126984127,1671.9539989007976
815.9362549800798,801.3903787064138
819.1999999999999,235.95483549860748
822.4899598393575,106.71411775385178
825.8064516129032,415.6237435467264
829.1497975708503,729.904759332246
832.520325203252,906.9832037895516
835.9183673469388,796.6872190187313
839.3442622950819,496.42003188201437
842.798353909465,281.2521906514172
846.2809917355372,164.02358135779855
849.792531120332,134.03344248713768
853.3333333333334,109.00667424477197
856.9037656903765,35.98446961663834
860.5042016806723,26.100698889854954
864.1350210970463,164.49975494487418
867.7966101694916,492.3014266406656
871.4893617021277,590.919197289361
875.2136752136753,560.3318727208095
878.9699570815451,725.2573512414293
882.7586206896551,950.4150567631076
886.5800865800866,1123.6931649378212
890.4347826086956,1360.8819311941147
894.3231441048034,1621.7630646439666
898.2456140350877,1963.246842219394
902.2026431718061,2291.284960954157
906.1946902654867,2448.445332583413
910.2222222222222,2882.401843577916
914.2857142857142,3506.400957915827
918.3856502242153,3337.292002034309
922.5225225225224,3168.017459721371
926.6968325791854,3770.423142759482
930.9090909090908,3860.1188761557187
935.1598173515981,3248.4408108752737
939.4495412844036,3744.1454326709154
943.778801843318,4805.556304489633
948.1481481481483,4097.176840685224
952.5581395348837,3250.492679028382
957.0093457943926,3696.5290206377094
961.5023474178405,3812.0748069133456
966.0377358490566,2971.167445048178
970.6161137440758,2736.4723261167646
975.2380952380953,2925.4483139383897
979.9043062200957,2545.8753286217
984.6153846153846,2086.8051743380356
989.3719806763285,1865.9452077227527
994.1747572815533,1462.862423303677
999.0243902439023,1131.3765601962807
1003.921568627451,1200.6882261839698
1008.8669950738915,1321.7396123994163
1013.8613861386139,1146.86318752257
1018.905472636816,930.7004102644471
1023.9999999999999,811.1961604779974
1029.145728643216,688.8238458267062
1034.3434343434344,572.6129187317301
1039.5939086294416,496.50969324868936
1044.8979591836735,430.86252548407896
1050.2564102564102,374.2134711829666
1055.6701030927834,337.9904970099724
1061.139896373057,309.9297453876617
1066.6666666666665,287.38299333636644
1072.2513089005236,275.12545651804066
1077.8947368421054,267.27673351179834
1083.5978835978835,261.1164835684421
1089.3617021276596,259.0973698619349
1095.1871657754011,258.2525756759148
1101.0752688172042,256.11543337410166
1107.0270270270269,254.87107077290804
1113.0434782608695,253.95723249589088
1119.1256830601094,250.83581574527273
1125.2747252747254,246.63829050755305
1131.4917127071824,242.57665236623313
1137.7777777777778,237.15342050880582
1144.1340782122904,230.56271190263743
1150.5617977528088,224.49595480174074
1157.0621468926552,218.24582720215966
1163.6363636363635,210.74222838757802
1170.2857142857142,202.9561410997733
1177.0114942528735,195.27634181298407
1183.815028901734,186.6525339966219
1190.6976744186047,176.9334580829582
1197.6608187134502,166.95840491819501
1204.705882352941,157.03875666520182
1211.834319526627,147.16522641684918
1219.0476190476188,137.77462253794985
1226.3473053892214,129.15676085667445
1233.734939759036,121.00230116173539
1241.2121212121212,113.39453093841912
1248.780487804878,106.9162408164121
1256.441717791411,101.39419348709242
1264.1975308641975,96.28445040015546
1272.0496894409937,91.71795528732552
1280.0,87.70226614378392
1288.0503144654087,83.80894728139745
1296.2025316455697,80.06655479122205
1304.4585987261146,76.5427537663697
1312.8205128205127,72.86446537915832
1321.2903225806451,68.98580563690386
1329.8701298701299,65.14062470765896
1338.562091503268,61.30225842661562
1347.3684210526317,57.46422966708318
1356.291390728477,53.663216196534854
1365.3333333333333,49.8739705280475
1374.496644295302,46.25917836635623
1383.7837837837837,42.89053969355724
1393.1972789115646,39.636545534518596
1402.7397260273972,36.59966953222451
1412.4137931034481,33.84856374089363
1422.2222222222222,31.21623338156985
1432.1678321678319,28.80716698495676
1442.2535211267605,26.75052068377983
1452.482269503546,24.82041614722623
1462.857142857143,22.996981730248145
1473.3812949640287,21.45254398406228
1484.0579710144928,20.03960101045941
1494.890510948905,18.6762052213219
1505.8823529411766,17.51949495059094
1517.037037037037,16.491313713240032
1528.358208955224,15.47799938071417
1539.8496240601505,14.595615530960652
1551.5151515151515,13.826363799938536
1563.3587786259543,13.065968528366291
1575.3846153846155,12.380946003250797
1587.596899224806,11.773027328361371
1600.0,11.159435870852947
1612.5984251968505,10.583503035156797
1625.3968253968253,10.059848405114131
1638.3999999999999,9.526130773746445
1651.6129032258063,9.011631587008598
1665.040650406504,8.537662801073376
1678.6885245901638,8.0568881014305
1692.5619834710744,7.585499508319782
1706.6666666666667,7.1463838899161285
1721.0084033613446,6.7060251240402895
1735.5932203389832,6.270584174128847
1750.4273504273506,5.860540121132194
1765.5172413793102,5.4547541225352205
1780.8695652173913,5.054289005264391
1796.4912280701753,4.676208997904113
1812.3893805309733,4.309590280878732
1828.5714285714284,3.9527598294414648
1845.0450450450448,3.6164095041339435
1861.8181818181815,3.295343447541586
1878.8990825688072,2.9886214901522763
1896.2962962962965,2.7025724859115745
1914.0186915887853,2.4338267701776357
1932.0754716981132,2.18151428990653
1950.4761904761906,1.949195967580664
1969.2307692307693,1.7343562025019874
1988.3495145631066,1.536173881403564
2007.843137254902,1.3566898682281432
2027.7227722772277,1.193734201562182
2047.9999999999998,1.0459263534815022
2068.686868686869,0.9141423857803483
2089.795918367347,0.7967097879452868
2111.340206185567,0.692010177794744
2133.333333333333,0.6001052479147687
2155.789473684211,0.5197383839791294
2178.723404255319,0.4492651457041712
2202.1505376344085,0.38819989936322025
2226.086956521739,0.33558478115249585
2250.5494505494507,0.289891729304494
2275.5555555555557,0.25036999969414875
2301.1235955056177,0.2164055821769244
2327.272727272727,0.18678676675723596
2354.022988505747,0.16074651662982714
2381.3953488372094,0.1380746141274304
2409.411764705882,0.11803293139944114
2438.0952380952376,0.09994047123314621
2467.469879518072,0.08386525026153517
2497.560975609756,0.06953308439130837
2528.395061728395,0.0563997083224385
2560.0,0.04467453883286458
2592.4050632911394,0.034471559898283835
2625.6410256410254,0.025431945561283954
2659.7402597402597,0.017790131948013703
2694.7368421052633,0.011855243698031696
2730.6666666666665,0.007371518733106101
2767.5675675675675,0.004405820772561
2805.4794520547944,0.0030837530305902945
2844.4444444444443,0.0029890905509562427
2884.507042253521,0.003939452607015407
2925.714285714286,0.005764832645849453
2968.1159420289855,0.007757685072966457
3011.764705882353,0.009617505944528239
3056.716417910448,0.011303183466197932
3103.030303030303,0.012110046777582624
3150.769230769231,0.011750932103172976
3200.0,0.010788203523885341
3250.7936507936506,0.009229268161917503
3303.2258064516127,0.006982963637121939
3357.3770491803275,0.004803930732356696
3413.3333333333335,0.0034845832708031263
3471.1864406779664,0.0033937457100393633
3531.0344827586205,0.0045420053371868635
3592.9824561403507,0.006995659212957559
3657.142857142857,0.010597504783058204
3723.636363636363,0.015519014228809556
3792.592592592593,0.020994176322554074
3864.1509433962265,0.024038804836111028
3938.4615384615386,0.02662027922643631
4015.686274509804,0.02976602701418434
4095.9999999999995,0.03137370410065781
4179.591836734694,0.029618750617042586
4266.666666666666,0.015348865522671475
4357.446808510638,0.0026433205358922826
4452.173913043478,0.00022483836976375246
4551.111111111111,2.189701064638835e-05
4654.545454545454,1.471661915483709e-05
4762.790697674419,4.943415862962876e-06
4876.190476190475,7.087851113855799e-07
4995.121951219512,8.374571280539522e-07
5120.0,2.3164904897071164e-07
5251.282051282051,5.0810455376576256e-08
5389.473684210527,7.433811495697075e-08
5535.135135135135,1.629761990221298e-08
5688.888888888889,3.5973976631548387e-09
5851.428571428572,6.559104212621754e-09
6023.529411764706,1.0282720584163545e-09
6206.060606060606,8.548436001183551e-11
6400.0,3.6284785268644743e-10
6606.451612903225,5.8935090718522e-11
6826.666666666667,2.4484409640060317e-11
7062.068965517241,2.2545202594536196e-11
7314.285714285714,8.477328509436315e-12
7585.185185185186,6.907571003384525e-12
7876.923076923077,4.415895081465372e-12
