"Wavelength, nm",Intensity
136.44237175216523,2.5291148230490456e-25
136.53333333333333,3.1293807858971215e-25
136.62441627751835,3.6293803481912416e-25
136.71562082777035,4.164928780890528e-25
136.80694722778892,8.114979712510673e-25
136.89839572192514,7.335453792134726e-22
136.98996655518394,6.89202163813809e-19
137.08165997322624,1.1326044131395846e-16
137.17347622237108,5.946408945715922e-15
137.26541554959786,1.4124602965993342e-13
137.35747820254863,1.8883754292048328e-12
137.4496644295302,1.6421411438767975e-11
137.54197447951645,1.0260649987510253e-10
137.63440860215053,4.944063038054837e-10
137.72696704774717,1.9343243701163535e-09
137.81965006729476,6.385808083100116e-09
137.9124579124579,1.8316967631686008e-08
138.0053908355795,4.6696297721313705e-08
138.09844908968307,1.0770659772090971e-07
138.19163292847506,2.2798751121458925e-07
138.28494260634707,4.480106226382761e-07
138.37837837837836,8.250384586968023e-07
138.47194050033806,1.4350805935365234e-06
138.5656292286874,2.3733790292286215e-06
138.65944482058225,3.753247265589702e-06
138.75338753387533,5.703537139010954e-06
138.84745762711862,8.365569602710846e-06
138.94165535956583,1.189096747842167e-05
139.03598099117448,1.644237160065342e-05
139.1304347826087,2.2199406849335033e-05
139.22501699524133,2.9372407672746e-05
139.31972789115645,3.822628863042706e-05
139.4145677331518,4.911669148585375e-05
139.50953678474113,6.254038048838271e-05
139.60463531015677,7.92017358471618e-05
139.69986357435198,0.00010009658310233054
139.79522184300342,0.0001266129608804944
139.89071038251367,0.00016064606114861682
139.98632946001365,0.0002047226437540066
140.08207934336525,0.00026212972295084377
140.17796030116358,0.0003370431488253998
140.27397260273972,0.00043465266094724696
140.37011651816314,0.0005612793196758559
140.46639231824417,0.0007244777752285423
140.56280027453673,0.0009331102249633129
140.65934065934067,0.0011973735828949893
140.75601374570448,0.0015287601255797778
140.85281980742778,0.0019399385490642014
140.949759119064,0.0024445568908631637
141.04683195592284,0.0030569833701144956
141.14403859407307,0.003792004508621987
141.24137931034483,0.004664485838277376
141.33885438233264,0.0056889722728176205
141.4364640883978,0.006879181534583802
141.53420870767104,0.008247358278094743
141.6320885200553,0.009803518629011933
141.73010380622836,0.011554681548218561
141.8282548476454,0.013504206111297127
141.92654192654192,0.01565132185725053
142.0249653259362,0.017990860313775885
142.1235253296322,0.020513103820943793
142.22222222222223,0.023203632931369362
142.32105628908963,0.026043101413120696
142.42002781641168,0.029006963229363254
142.51913709116212,0.03206529363490717
142.6183844011142,0.03518293532311632
142.7177700348432,0.03832017469663845
142.81729428172943,0.04143401510361656
142.91695743196092,0.044479915450669746
143.0167597765363,0.047413629642057926
143.11670160726763,0.05019265738293509
143.21678321678323,0.05277699475516661
143.31700489853043,0.05512928538262847
143.4173669467787,0.05721484517877315
143.5178696566223,0.05900214717813183
143.61851332398317,0.06046411146415222
143.71929824561403,0.06158007015840643
143.8202247191011,0.06233785689394579
143.92129304286718,0.06273526884374099
144.0225035161744,0.06278021169679592
144.12385643912737,0.0624891901334288
144.22535211267606,0.061884417237979876
144.32699083861874,0.06099054893761402
144.42877291960508,0.05983234512685934
144.530698659139,0.05843398833388312
144.6327683615819,0.05681996648582861
144.73498233215545,0.05501657657663641
144.83734087694484,0.053052233670281515
144.9398443029016,0.05095553861302255
145.04249291784703,0.04875190597059803
145.14528703047483,0.04645988996990546
145.24822695035462,0.044089001966627475
145.35131298793468,0.04164115201053248
145.45454545454544,0.0391143385526855
145.55792466240226,0.036506473386189495
145.66145092460883,0.03381982951467037
145.76512455516016,0.03106323987764556
145.86894586894587,0.028249857781915643
145.9729151817534,0.025395103997675354
146.07703281027102,0.02251499587082286
146.18129907209135,0.019624646487915808
146.28571428571428,0.016744309832903894
146.39027877055037,0.013907859959423483
146.49499284692416,0.011164086243681356
146.59985683607732,0.008577402767990001
146.7048710601719,0.006225729234548391
146.8100358422939,0.004186835720703464
146.91535150645623,0.002515928470722389
147.0208183776023,0.0012225793457320295
147.1264367816092,0.0003245767211027256
147.23220704529115,4.0525210417204096e-05
147.33812949640287,0.0007833575616514807
147.4442044636429,0.0024209066333969412
147.55043227665706,0.0034263775460863263
147.6568132660418,0.0020625009468816166
147.76334776334778,0.00010500918602560284
147.87003610108303,0.0047549941327819
147.97687861271675,0.02355709472951106
148.08387563268258,0.05485465667528938
148.19102749638205,0.08396167309381436
148.29833454018825,0.09166440880165
148.40579710144928,0.06967034028020955
148.51341551849166,0.0303167277153881
148.6211901306241,0.0020238985842906928
148.72912127814087,0.012483349304452138
148.8372093023256,0.07010358707000688
148.94545454545454,0.1555349560183033
149.0538573508006,0.22903485095352616
149.16241806263656,0.2509462518291571
149.27113702623907,0.20544973207669623
149.38001458789202,0.11395287980750386
149.4890510948905,0.02814717512201037
149.59824689554418,0.004189304563700691
149.70760233918128,0.0708984158143599
149.81711777615214,0.20950734550375263
149.9267935578331,0.35833246836284977
150.03663003663004,0.44281379889706013
150.1466275659824,0.41607643059155247
150.25678650036684,0.28792382392710547
150.36710719530103,0.1250332641778849
150.47759000734754,0.01952425647350275
150.58823529411762,0.04071857488601029
150.69904341427517,0.19549131540157877
150.8100147275405,0.4195344060942633
150.92114959469419,0.6068537313706797
151.03244837758112,0.6639327616920341
151.1439114391144,0.5596997081268956
151.25553914327915,0.3442584187273162
151.3673318551367,0.12612751232543404
151.47928994082838,0.01840282459367475
151.59141376757958,0.08065337822843467
151.7037037037037,0.28738964347357876
151.81616011860638,0.5401781178141238
151.92878338278933,0.7167707782844549
152.04157386785448,0.7319524121502686
152.15453194650817,0.5794422467586123
152.26765799256503,0.33345120195112926
152.38095238095235,0.10964797682210135
152.4944154877141,0.0072347184264952265
152.6080476900149,0.062197839071642
152.72184936614468,0.23373778073230478
152.8358208955224,0.42879159239068043
152.9499626587005,0.5504898099506714
153.0642750373692,0.5444312715241805
153.1787584143605,0.4201582972688878
153.29341317365268,0.24010513672916384
153.40823970037454,0.08447216562638951
153.5232383808096,0.011640798587289844
153.6384096024006,0.03425814469565036
153.75375375375376,0.12041106085122452
153.86927122464311,0.21569548127692537
153.98496240601503,0.27258766714304505
154.10082768999246,0.2713811444984474
154.2168674698795,0.22358224335008983
154.33308214016577,0.15951867269272887
154.4494720965309,0.10938260742677094
154.56603773584905,0.08832882583018774
154.68277945619334,0.09254357557000292
154.79969765684052,0.10637949233244863
154.91679273827532,0.11442909326118267
155.0340651021953,0.11060173987990238
155.15151515151516,0.09966809607408969
155.2691432903715,0.09197193027568183
155.38694992412746,0.09540701895725208
155.50493545937738,0.10978301993483741
155.62310030395136,0.12700189070776297
155.74144486692012,0.13623854708852967
155.8599695585997,0.13037865456439457
155.97867479055597,0.11017266585339726
156.09756097560975,0.08382029878813652
156.21662852784135,0.0621677414348018
156.33587786259542,0.05289697339325816
156.45530939648586,0.057153906479360424
156.5749235474006,0.06971574184709486
156.69472073450652,0.08236224236184822
156.8147013782542,0.08852913522403179
156.93486590038313,0.08618584440296327
157.05521472392638,0.0777608022185862
157.17574827321565,0.06804673185252812
157.29646697388634,0.061193991678497164
157.4173712528824,0.05838840650810344
157.53846153846155,0.05781786361074423
157.65973826020013,0.05654954349133402
157.78120184899845,0.05262922667107185
157.9028527370856,0.046240707329960724
158.02469135802468,0.039472375915676594
158.14671814671814,0.034877163745013776
158.26893353941267,0.0337973925776623
158.39133797370457,0.035594800547017025
158.5139318885449,0.03815380249979645
158.63671572424477,0.03911842935287829
158.7596899224806,0.03713841019566731
158.88285492629947,0.03253150751029927
159.0062111801242,0.026912936414237195
159.12975912975912,0.022074912001432762
159.25349922239502,0.01901419789791778
159.37743190661476,0.017597094623082236
159.50155763239874,0.01686194262044816
159.62587685113016,0.01578559029604601
159.7503900156006,0.01397667719112471
159.87509758001562,0.011798296298619901
160.0,0.010000786960922287
160.12509773260362,0.009176759478300128
160.2503912363067,0.009322510240348367
160.37588097102582,0.009823655869644765
160.5015673981191,0.00988535140220289
160.62745098039213,0.009023370753780643
160.7535321821036,0.007309975849809918
160.87981146897093,0.005332923849350336
161.0062893081761,0.003877551549573689
161.13296616837135,0.0034621443201693688
161.25984251968504,0.00407053760097092
161.38691883372735,0.005256485126131329
161.51419558359618,0.0064229904886855945
161.64167324388316,0.007101069486466275
161.7693522906793,0.007177304232177094
161.89723320158103,0.006902936999090605
162.0253164556962,0.006649608940818681
162.15360253365006,0.006680460267222378
162.28209191759112,0.0070626178658866594
162.41078509119745,0.007654554190560396
162.53968253968253,0.00821815902260067
162.66878474980143,0.008608428201305108
162.79809220985692,0.00882828186321061
162.92760540970565,0.008955160236626975
163.05732484076432,0.009084763387748076
163.18725099601593,0.009285789318018902
163.31738437001593,0.009543579736414612
163.44772545889865,0.009756516743373838
163.57827476038338,0.009807560997218598
163.709032773781,0.00964854132850931
163.84,0.009315960642914766
163.97117694155327,0.008886377328433009
164.1025641025641,0.008441754230767633
164.23416198877305,0.008040925465191345
164.3659711075441,0.007689828103491099
164.49799196787149,0.0073574417781652095
164.63022508038586,0.007013329807892507
164.76267095736122,0.006639350307395655
164.89533011272144,0.006242377625014738
165.02820306204674,0.005861739564175206
165.16129032258064,0.005541114299888414
165.29459241323647,0.005310257460919082
165.4281098546042,0.00519769340879433
165.56184316895713,0.0052284525281381545
165.6957928802589,0.005412907247029228
165.82995951417004,0.005761544111975015
165.9643435980551,0.006295804630677037
166.09894566098947,0.0070317301075333485
166.23376623376623,0.007978435826220497
166.36880584890332,0.009159355306686557
166.5040650406504,0.010612682561984835
166.63954434499593,0.012381487433954376
166.77524429967426,0.014513557908757312
166.9111654441728,0.017037050949539726
167.047308319739,0.019952804055630106
167.18367346938777,0.023288862223511893
167.3202614379085,0.027095727926289954
167.45707277187245,0.03136186360459446
167.59410801963992,0.036035053687212486
167.7313677313677,0.041119544667266084
167.86885245901638,0.046668370678694567
168.00656275635768,0.05273764459482366
168.14449917898193,0.05938099189259875
168.28266228430567,0.06661693506793133
168.42105263157896,0.07442071362485034
168.559670781893,0.08277562673929836
168.6985172981878,0.09168467748237188
168.83759274525966,0.10114393559342978
168.97689768976898,0.11112163157838913
169.11643270024774,0.12155525520995182
169.25619834710741,0.13238854727890104
169.39619520264682,0.14355625076693845
169.53642384105962,0.15493194043769182
169.67688483844242,0.16641181780437062
169.81757877280262,0.1779527214045258
169.95850622406635,0.18940574391595563
170.09966777408638,0.20054276246378527
170.24106400665005,0.2112986354830803
170.3826955074875,0.22167658171901247
170.52456286427974,0.23149201921248513
170.66666666666666,0.24053745181225752
170.8090075062552,0.24881504023460352
170.9515859766277,0.2563502931944054
171.09440267335003,0.2630294921448315
171.23745819397996,0.26874248304118226
171.3807531380753,0.27343970322870503
171.52428810720266,0.27708131693698324
171.66806370494552,0.279669465486255
171.81208053691276,0.28119868273500603
171.95633921074725,0.2816053787118128
172.10084033613444,0.2808867042089222
172.24558452481077,0.2791248060287156
172.3905723905724,0.2763693860728295
172.5358045492839,0.27262362872438267
172.681281618887,0.2679221922762894
172.82700421940928,0.2623920196182144
172.97297297297297,0.25619199775653684
173.11918850380385,0.24939056679017882
173.26565143824024,0.24202627115358002
173.41236240474177,0.23420043456293096
173.55932203389833,0.22604656071085558
173.70653095843934,0.21775803659508727
173.85398981324278,0.20948195095602987
174.0016992353441,0.20116260879231218
174.14965986394557,0.19282873371982545
174.2978723404255,0.18474868516810863
174.44633730834755,0.1770504654334972
174.59505541346974,0.16971986240583878
174.74402730375425,0.16288279429740185
174.8932536293766,0.15660737450341375
175.04273504273505,0.15085427368834017
175.1924721984602,0.14575161231404518
175.34246575342465,0.14140496908543668
175.49271636675235,0.13771567468385187
175.6432246998285,0.13468124389653116
175.79399141630904,0.13238816403692388
175.94501718213058,0.1307672156938598
176.0963026655202,0.1297598861138921
176.24784853700515,0.12940729266683584
176.3996554694229,0.12964473443278587
176.55172413793102,0.13037899408280793
176.70405522001724,0.13163061530685513
176.85664939550952,0.13336454850637272
177.00950734658602,0.13545771207027565
177.16262975778545,0.13788317925968518
177.3160173160173,0.14064988502119122
177.46967071057193,0.14363066077778494
177.62359063313096,0.1466714365201348
177.77777777777777,0.1497771792779854
177.93223284100782,0.1530026575906711
178.08695652173913,0.15625725317342015
178.24194952132288,0.15940466348177393
178.397212543554,0.16240477483738838
178.55274629468178,0.16520108688471385
178.70855148342056,0.16771917556513305
178.86462882096066,0.17001646433590367
179.02097902097898,0.17212084663027108
179.17760279965006,0.17388627205906243
179.33450087565674,0.1752860359961403
179.4916739702016,0.17646209805031146
179.64912280701753,0.17734065417550884
179.80684811237927,0.17773219497107054
179.96485061511424,0.17774075594662048
180.12313104661388,0.17751095914769352
180.28169014084506,0.1768926382730385
180.44052863436124,0.17580751399828642
180.59964726631395,0.17441046554596862
180.75904677846424,0.17270011281202355
180.91872791519435,0.17059195405272812
181.07869142351902,0.1682081065195671
181.23893805309734,0.16560477024731415
181.39946855624444,0.16268314310908394
181.56028368794324,0.15951283603235553
181.72138420585628,0.1561867044062106
181.88277087033748,0.1526154082490142
182.04444444444445,0.1488242613359768
182.20640569395016,0.14495269591987262
182.3686553873553,0.1409608126701335
182.53119429590015,0.1367843690022
182.69402319357712,0.13249220804426437
182.85714285714286,0.1281184435700225
183.0205540661305,0.12366660574769386
183.18425760286226,0.11917357518408696
183.34825425246197,0.11463735432515285
183.51254480286738,0.11007409171054698
183.67713004484304,0.10554340265088985
183.84201077199282,0.10106538420540401
184.00718778077265,0.09669476527993891
184.1726618705036,0.09250694582260892
184.33843384338437,0.08845592758369095
184.5045045045045,0.08451079498560699
184.67087466185754,0.08074951402996661
184.83754512635377,0.07714879630771558
185.0045167118338,0.0736167805088223
185.17179023508135,0.0701905156584916
185.33936651583707,0.06691015355340212
185.5072463768116,0.06371945744102017
185.675430643699,0.06059500026617081
185.84392014519057,0.057540168116394466
186.01271571298818,0.054551463084012215
186.1818181818182,0.05168567995368023
186.3512283894449,0.048973994491944894
186.52094717668484,0.04636567282123785
186.69097538742025,0.04388458464944207
186.86131386861314,0.041624901326667345
187.03196347031962,0.0396049649365367
187.20292504570384,0.0378220182986152
187.37419945105214,0.03629880409438217
187.54578754578753,0.034991337494269165
187.71769019248396,0.033846782271494576
187.88990825688072,0.032893310781637895
188.06244260789717,0.03213088914359307
188.23529411764707,0.03149008908538923
188.40846366145354,0.030929339843649654
188.5819521178637,0.030409144132244447
188.75576036866357,0.029858621550775136
188.92988929889296,0.02926800161589497
189.10433979686056,0.0286608422958305
189.27911275415894,0.027988327249033204
189.45420906567992,0.027212621117123723
189.62962962962962,0.026382807691106826
189.80537534754404,0.025525446521905127
189.98144712430428,0.024634810477023893
190.15784586815226,0.023782807147305955
190.3345724907063,0.023058221619620244
190.51162790697674,0.02247294895783829
190.68901303538178,0.022054012023283328
190.8667287977633,0.021890141902691885
191.044776119403,0.022035101851008213
191.22315592903828,0.022501805114453786
191.4018691588785,0.023321024175396547
191.5809167446211,0.024508702156535084
191.76029962546815,0.02604162053022236
191.94001874414244,0.02788373716699771
192.12007504690433,0.02997546362750029
192.3004694835681,0.03223776691709127
192.48120300751881,0.03459466034273795
192.66227657572907,0.03693655579448954
192.8436911487759,0.0391268863999494
193.02544769085767,0.04106797327567833
193.2075471698113,0.042663451769406675
193.38999055712932,0.043781048688718016
193.57277882797732,0.0443509057505394
193.75591296121098,0.044390057761655874
193.93939393939394,0.04392674067421271
194.12322274881518,0.043044414075950665
194.30740037950665,0.041924281473442626
194.49192782526114,0.04076763679495626
194.67680608365018,0.03981679193464374
194.86203615604185,0.039419728695955204
195.04761904761907,0.03992712375238773
195.23355576739752,0.04162375671509973
195.4198473282443,0.044792890432684744
195.6064947468959,0.04967897930620114
195.79349904397705,0.056400089823788316
195.9808612440191,0.06494957590287677
196.1685823754789,0.07516153663779243
196.35666347075744,0.08669005191681074
196.5451055662188,0.09909471536856335
196.73390970220942,0.11181788064426751
196.92307692307693,0.12408544692638876
197.1126082771896,0.13502405395008615
197.30250481695566,0.14385503787513082
197.4927675988428,0.14989182123712055
197.68339768339766,0.1524930934975359
197.8743961352657,0.15117602525380192
198.06576402321085,0.14578722412307685
198.25750242013552,0.1365248486933393
198.44961240310076,0.12383654042348527
198.64209505334625,0.10846440369015399
198.83495145631065,0.09160751164239757
199.02818270165207,0.07483510739325709
199.22178988326846,0.05985480009299882
199.4157740993184,0.04849047086511693
199.61013645224173,0.04265006988030908
199.8048780487805,0.04409304487188085
200.0,0.054309115128969035
200.19550342130987,0.074487328646618
200.3913894324853,0.10529962209066726
200.58765915768853,0.14670647350329288
200.78431372549022,0.19799340332902873
200.9813542688911,0.25781756759921576
201.17878192534383,0.3241212373735427
201.37659783677483,0.3940842773649199
201.5748031496063,0.46431918174252673
201.77339901477833,0.5311708656707346
201.9723865877712,0.5908036558415621
202.1717670286278,0.639270209319967
202.3715415019763,0.672917421527348
202.57171117705244,0.6888171101663882
202.77227722772278,0.6849106395627959
202.97324083250743,0.6601313698000824
203.17460317460316,0.6146121820078634
203.37636544190661,0.5498840654182203
203.57852882703776,0.46912207074306467
203.78109452736314,0.377192956896505
203.98406374501994,0.28031217544320314
204.1874376869392,0.1858258289871677
204.39121756487026,0.10220894357585858
204.5954045954046,0.03865268605396766
204.79999999999998,0.004492465086436806
205.005005005005,0.008884135217477862
205.21042084168334,0.060189067117385225
205.41624874623875,0.16536350796056273
205.62248995983938,0.3297061633883843
205.8291457286432,0.556021865878638
206.03621730382292,0.8440461559837026
206.24370594159112,1.1910912521089292
206.4516129032258,1.591591969389617
206.65993945509584,2.035882250677326
206.86868686868684,2.5112031827786017
207.07785642062692,3.0028827749328135
207.28744939271257,3.4937792920478095
207.49746707193518,3.9649097719089825
207.7079107505071,4.397230871913861
207.9187817258883,4.772280070306357
208.130081300813,5.0725041825943995
208.34181078331636,5.282421198226023
208.55397148676167,5.390468283404102
208.7665647298675,5.389940212342397
208.9795918367347,5.278503469625111
209.19305413687437,5.059521101310096
209.40695296523518,4.743815523494677
209.6212896622313,4.347923478235886
209.83606557377047,3.893518855195347
210.05128205128204,3.409191560181568
210.26694045174537,2.9285331931884806
210.48304213771837,2.487874201361818
210.69958847736626,2.1266029090705
210.91658084449023,1.8849144201592893
211.1340206185567,1.801654226042446
211.3519091847265,1.914389932026687
211.5702479338843,2.2565532173138205
211.78903826266804,2.854823900229659
212.00828157349895,3.7293709778646127
212.22797927461139,4.89212870222145
212.448132780083,6.34525419118802
212.668743509865,8.081716081395975
212.88981288981287,10.084712999633485
213.11134235171693,12.327414061967243
213.33333333333334,14.773565117562702
213.555787278415,17.378446052879806
213.7787056367432,20.091387156099124
214.00208986415882,22.856276919501756
214.22594142259413,25.612145457064997
214.4502617801047,28.297812163934893
214.67505241090146,30.852863484543246
214.900314795383,33.217522697627814
215.12605042016807,35.33883474661619
215.35226077812828,37.17151146341886
215.57894736842104,38.6750334960622
215.80611169652263,39.82022605187744
216.03375527426158,40.59236707751898
216.26187961985215,40.986863483203535
216.49048625792813,41.01283273765707
216.7195767195767,40.69585861462871
216.9491525423729,40.07391917055699
217.17921527041358,39.1987914131995
217.40976645435242,38.13676649063988
217.64080765143464,36.9654326217351
217.87234042553192,35.7750120182091
218.10436634717786,34.6654473231573
218.33688699360337,33.74046298612686
218.5699039487727,33.10923691549279
218.80341880341882,32.88401665434286
219.0374331550802,33.17267904272148
219.27194860813702,34.07627228291955
219.5069667738478,35.68509313851648
219.74248927038627,38.07587513271812
219.97851772287862,41.30879290957211
220.21505376344086,45.41512547007298
220.45209903121636,50.396470190715235
220.68965517241378,56.233187830709134
220.92772384034518,62.872515807774334
221.16630669546436,70.22207943984537
221.4054054054054,78.16275167941578
221.64502164502164,86.54662955490764
221.88515709642468,95.19553134208395
222.12581344902384,103.91246185083887
222.36699239956567,112.47802360161987
222.6086956521739,120.65615689714554
222.85092491838955,128.21699542269286
223.09368191721134,134.93618938082938
223.3369683751363,140.59745297195045
223.58078602620085,145.01673358776046
223.82513661202185,148.04569738338037
224.07002188183807,149.57022933056805
224.31544359255204,149.52579085249818
224.56140350877192,147.9020444253033
224.80790340285398,144.74171907790804
225.05494505494505,140.14027011087487
225.30253025302528,134.2400260515883
225.55066079295153,127.23255894974014
225.79933847850054,119.35367873021848
226.0485651214128,110.8702508979328
226.29834254143645,102.08088392133757
226.54867256637166,93.29678032114568
226.79955703211516,84.81406221220247
227.0509977827051,76.91960409647835
227.30299667036624,69.87387833343499
227.55555555555554,63.87602811618491
227.80867630700777,59.07926408529385
228.06236080178175,55.592292565196665
228.31661092530658,53.446253643495695
228.57142857142856,52.60691480585536
228.82681564245812,52.98915521908655
229.082774049217,54.439066314228604
229.33930571108624,56.7475916721858
229.59641255605382,59.670226306860116
229.8540965207632,62.92407148018369
230.1123595505618,66.20917296729577
230.37120359955006,69.23349304404535
230.6306306306306,71.71596332183219
230.89064261555805,73.40277206379186
231.1512415349887,74.09209742497664
231.41242937853107,73.64599221195094
231.67420814479635,71.99492036952624
231.9365798414496,69.1417348338853
232.19954648526078,65.17135443676207
232.46311010215663,60.247537210754444
232.7272727272727,54.592339391496814
232.9920364050057,48.48515779441974
233.25740318906605,42.26061914836644
233.52337514253134,36.27443495733677
233.78995433789953,30.88784723782422
234.05714285714288,26.47088482735347
234.32494279176203,23.366611742404977
234.59335624284074,21.850566050983403
234.8623853211009,22.131059132355674
235.13203214695753,24.348107400624222
235.4022988505747,28.550734602038172
235.67318757192174,34.688211732126575
235.9447004608295,42.61728242377249
236.2168396770473,52.10187710821119
236.48960739030022,62.817199624887735
236.76300578034682,74.37136900231279
237.03703703703707,86.32120884795462
237.3117033603708,98.18358468986402
237.58700696055683,109.46929267188533
237.862950058072,119.71661833472983
238.13953488372093,128.50496011622204
238.41676367869616,135.47823145029963
238.69463869463866,140.37011377768195
238.97316219369893,143.00703734939754
239.25233644859816,143.31360185786198
239.53216374269007,141.321924007181
239.81264637002343,137.16195601904295
240.0937866354044,131.04801774070535
240.37558685446012,123.27002656633742
240.65804935370153,114.17751459026373
240.94117647058823,104.15823099732143
241.2249705535924,93.61415752484892
241.50943396226415,82.94431387206278
241.79456906729635,72.53502808873222
242.080378250591,62.736115195712244
242.3668639053254,53.83821576425049
242.65402843601896,46.07231904349694
242.94187425860022,39.59922124910571
243.23040380047507,34.4889383329562
243.51961950059456,30.727398082963703
243.80952380952382,28.228764096644078
244.1001191895113,26.831699699276722
244.39140811455846,26.316120648312758
244.68339307048984,26.44204504056532
244.97607655502392,26.967821167190227
245.2694610778443,27.65582077321971
245.56354916067144,28.29514695126904
245.85834333733493,28.715966136687573
246.15384615384616,28.781499360370134
246.4500601684717,28.394396346889344
246.7469879518072,27.511251912998045
247.04463208685164,26.13233414720801
247.34299516908212,24.291501800417176
247.6420798065296,22.061525087999918
247.9418886198547,19.545460559609197
248.24242424242422,16.8584456499916
248.54368932038832,14.120144451246864
248.8456865127582,11.450727786042483
249.14841849148416,8.965646327133198
249.45188794153472,6.768748480467005
249.75609756097558,4.942773323925744
250.06105006105005,3.542377974981442
250.36674816625916,2.5878704564510597
250.6731946144431,2.0616303850790456
250.98039215686276,1.9133587386879165
251.2883435582822,2.0681048748545905
251.5970515970516,2.4373485852451604
251.90651906519062,2.9334313598694646
252.21674876847288,3.4757621104033474
252.52774352651045,3.9945618911259886
252.8395061728395,4.439613920059979
253.15203955500616,4.78184644093388
253.46534653465346,5.010179449258353
253.7794299876084,5.13318906264586
254.09429280397023,5.178428278311379
254.40993788819875,5.191207597955844
254.726368159204,5.235999065118909
255.04358655043586,5.385684289981775
255.36159600997507,5.703292760324056
255.6803995006242,6.238725355220887
255.99999999999997,7.0308276416709585
256.3204005006258,8.095396839915425
256.64160401002505,9.416397701256017
256.9636135508155,10.95608061774394
257.286432160804,12.662577979942755
257.61006289308176,14.464816902035341
257.9345088161209,16.27680212059492
258.2597730138714,18.01294974243072
258.5858585858586,19.592611793218886
258.91276864728195,20.938552056814828
259.24050632911394,21.986870249678407
259.5690747782003,22.69873127279627
259.8984771573604,23.061114223598203
260.22871664548916,23.084295107269504
260.55979643765903,22.80183644983722
260.89171974522293,22.26926760534299
261.2244897959184,21.56008347166519
261.5581098339719,20.75884979841701
261.89258312020456,19.95047187087998
262.2279129321382,19.207759839394107
262.56410256410254,18.582510197799117
262.9011553273428,18.10289352975491
263.2390745501285,17.773132966279302
263.5778635778636,17.573942137666176
263.91752577319585,17.4702183621979
264.258064516129,17.42413282411873
264.59948320413434,17.401148899900537
264.9417852522639,17.369672154087624
265.2849740932642,17.30609715764533
265.6290531776913,17.20168449812345
265.974025974026,17.060744110338096
266.3198959687906,16.895066447438115
266.66666666666663,16.719764109342687
267.01434159061273,16.546786130102962
267.3629242819843,16.382390403762
267.7124183006536,16.232748571827617
268.0628272251309,16.10405824626073
268.41415465268676,15.99595166640027
268.76640419947506,15.902786738809306
269.119579500657,15.819307692760349
269.47368421052636,15.7398522545845
269.82872200263506,15.656124010887291
270.1846965699208,15.560330984881332
270.5416116248349,15.453367882426482
270.8994708994709,15.352656016445788
271.25827814569533,15.290988015512937
271.6180371352785,15.308149827953121
271.97875166002655,15.442330349805042
272.3404255319149,15.717899836372327
272.70306258322233,16.133613856926615
273.06666666666666,16.66618469770418
273.4312416555407,17.2832336305121
273.7967914438503,17.948441810522574
274.1633199464525,18.62497679790244
274.5308310991957,19.286397466376762
274.8993288590604,19.923768772626335
275.26881720430106,20.543482177955994
275.6393001345895,21.163686551837912
276.010781671159,21.809548442598953
276.3832658569501,22.505697423841738
276.7567567567567,23.27002876524906
277.1312584573748,24.109357957022233
277.50677506775065,25.017903320340654
277.88331071913166,25.98084747397257
278.2608695652174,26.977178443449137
278.6394557823129,27.980009844782373
279.01907356948226,28.961122666504018
279.39972714870396,29.895279968583697
279.78142076502735,30.75821576858356
280.1641586867305,31.528589624524948
280.54794520547944,32.19558784439674
280.93278463648835,32.758481783664976
281.31868131868134,33.22142716621209
281.70563961485556,33.59413951275357
282.0936639118457,33.889764448954985
282.48275862068965,34.117010201781945
282.8729281767956,34.28114478343108
283.2641770401106,34.39172225265089
283.6565096952908,34.46051917876114
284.0499306518724,34.49304305463112
284.44444444444446,34.48689713266485
284.84005563282335,34.43410841611365
285.2367688022284,34.32174794648523
285.63458856345886,34.13677112926082
286.0335195530726,33.87324529386699
286.43356643356645,33.52926463445435
286.8347338935574,33.09879313002715
287.23702664796633,32.57438600210893
287.6404494382022,31.95326701389209
288.0450070323488,31.234501893500074
288.4507042253521,30.417827195114967
288.85754583921016,29.50758026666232
289.2655367231638,28.509874808322955
289.6746817538897,27.42977882867806
290.08498583569406,26.277110368193494
290.49645390070924,25.065881464864017
290.9090909090909,23.8054873739389
291.32290184921766,22.502540500018885
291.73789173789174,21.169542069407132
292.15406562054204,19.823279062878967
292.57142857142856,18.478952046401602
292.9899856938483,17.151115601878296
293.4097421203438,15.855892999816293
293.83070301291247,14.609526590054713
294.2528735632184,13.426740717903906
294.67625899280574,12.320231896853505
295.1008645533141,11.300394208898572
295.52669552669556,10.375509904039848
295.9537572254335,9.55180378518855
296.3820549927641,8.833097547298474
296.81159420289856,8.220920711436126
297.2423802612482,7.714861105649426
297.6744186046512,7.312761584379573
298.1077147016012,7.010993670341124
298.54227405247815,6.804358008375229
298.978102189781,6.685893120835392
299.41520467836256,6.647547072725288
299.8535871156662,6.680680572836293
300.2932551319648,6.775855503836006
300.73421439060206,6.923383268759182
301.17647058823525,7.113900387946991
301.620029455081,7.337801690644923
302.06489675516224,7.585481832036356
302.5110782865583,7.848320453219
302.95857988165676,8.118228433956041
303.4074074074074,8.387361139031434
303.85756676557867,8.649112544958111
304.30906389301634,8.897941846186377
304.7619047619047,9.12859715939727
305.2160953800298,9.336668168854132
305.6716417910448,9.518815083781087
306.1285500747384,9.672354055327347
306.58682634730536,9.795563604774141
307.0464767616192,9.887389750467495
307.5075075075075,9.94666221811714
307.96992481203006,9.972859781518133
308.433734939759,9.966808478859674
308.8989441930618,9.9297624861755
309.3655589123867,9.862842652811622
309.83358547655064,9.767250554515025
310.3030303030303,9.64436965622657
310.7738998482549,9.496214345151373
311.2462006079027,9.325405305365408
311.7199391171994,9.134196175615395
312.1951219512195,8.924433370430958
312.67175572519085,8.698154431520843
313.1498470948012,8.457313149312467
313.6294027565084,8.20386860908211
314.11042944785277,7.9402102731957545
314.5929339477727,7.668304425634645
315.0769230769231,7.389307259245642
315.5624036979969,7.104764406647262
316.04938271604937,6.816753871023355
316.53786707882534,6.5268797493416715
317.0278637770898,6.236388632857402
317.5193798449612,5.946595369231534
318.0124223602484,5.658678707681171
318.50699844479004,5.373921164788547
319.0031152647975,5.093783474313724
319.5007800312012,4.819165199545021
320.0,4.550497416043969
320.5007824726134,4.288599846301118
321.0031347962382,4.034530295539246
321.5070643642072,3.789037497925876
322.0125786163522,3.5526652771484146
322.5196850393701,3.325729823020224
323.02839116719235,3.1082696506198197
323.5387045813586,2.9006150754349727
324.0506329113924,2.7034302691242935
324.56418383518223,2.5168366119187184
325.07936507936506,2.340378243504917
325.59618441971384,2.173957748925646
326.11464968152865,2.017850913258493
326.63476874003186,1.871921583056265
327.15654952076676,1.7357006152474932
327.68,1.6089473615260919
328.2051282051282,1.4914518748074523
328.7319422150882,1.3827186165798597
329.2604501607717,1.2822798974323601
329.7906602254429,1.1898385260854636
330.3225806451613,1.1049829690892656
330.8562197092084,1.0272104237811746
331.3915857605178,0.9560903519429315
331.9286871961102,0.8911478903001431
332.46753246753246,0.8318794978982657
333.0081300813008,0.7778731996204803
333.5504885993485,0.7286715936867464
334.094616639478,0.6837949668326522
334.640522875817,0.6429406108806963
335.18821603927984,0.6057806645485476
335.73770491803276,0.5718051872968511
336.28899835796386,0.5406503994016185
336.8421052631579,0.5121479048898004
337.3970345963756,0.48600902911009913
337.95379537953795,0.4618964047531234
338.51239669421483,0.4395993051339506
339.07284768211923,0.41889292567413866
339.63515754560524,0.39954879892069306
340.19933554817277,0.3814641271642471
340.765391014975,0.3645243879392575
341.3333333333333,0.34854280602884163
341.9031719532554,0.3333984245873999
342.4749163879599,0.3190099357668353
343.04857621440533,0.3052849059828002
343.6241610738255,0.292185885528566
344.2016806722689,0.2796808335591865
344.7811447811448,0.2676978193753645
345.362563237774,0.2561996012841611
345.94594594594594,0.24515576049123194
346.5313028764805,0.23451821774520543
347.11864406779665,0.2243009761362751
347.70797962648555,0.21450983508132523
348.29931972789115,0.20507506035883832
348.8926746166951,0.19599595598486974
349.4880546075085,0.18732819659285083
350.0854700854701,0.17902398087969285
350.6849315068493,0.17103627918788383
351.286449399657,0.16342130748599337
351.89003436426117,0.15618124606783745
352.4956970740103,0.14925320249140073
353.10344827586204,0.14264911552440288
353.71329879101904,0.1363878280689494
354.3252595155709,0.13042694141788813
354.93934142114387,0.1247633183511292
355.55555555555554,0.11942100076499514
356.17391304347825,0.1143711138959072
356.794425087108,0.10959156187853142
357.4171029668411,0.10509442847434358
358.04195804195797,0.10086257798854115
358.6690017513135,0.09687067009227883
359.29824561403507,0.09312002441222424
359.9297012302285,0.08959837736894913
360.5633802816901,0.08628467077301544
361.1992945326279,0.08318306480508612
361.8374558303887,0.08029186517712143
362.4778761061947,0.07758617815042049
363.1205673758865,0.07505223691805744
363.76554174067496,0.07269182354580603
364.4128113879003,0.07050044943429878
365.0623885918003,0.06846603796286423
365.7142857142857,0.0665769869973053
366.3685152057245,0.06482906466258966
367.02508960573476,0.06322351306741666
367.68402154398564,0.06175116480733654
368.3453237410072,0.06039481836395239
369.009009009009,0.059151545581687934
369.67509025270755,0.058028383305494265
370.3435804701627,0.05701999054746492
371.0144927536232,0.056114407813892195
371.68784029038113,0.055309197632178266
372.3636363636364,0.054603436711902216
373.0418943533697,0.05399111366525039
373.7226277372263,0.05347183332608285
374.4058500914077,0.05304646757693162
375.09157509157507,0.05270688459760963
375.77981651376143,0.052450908740980955
376.47058823529414,0.05228362280169701
377.1639042357274,0.05219473141269435
377.8597785977859,0.0521767283668681
378.5582255083179,0.05224891542872143
379.25925925925924,0.05241629191577487
379.96289424860856,0.052653959092770514
380.6691449814126,0.0529600732616761
381.37802607076355,0.05335030100374322
382.089552238806,0.05381389822203168
382.803738317757,0.0543487260334813
383.5205992509363,0.054979133585986724
384.24015009380867,0.05570032449762339
384.96240601503763,0.05649251914399461
385.6873822975518,0.057371227281462364
386.4150943396226,0.05834717606813578
387.14555765595463,0.05940881960629302
387.8787878787879,0.06057069332204026
388.6148007590133,0.06184593056905032
389.35361216730035,0.0632116364197881
390.09523809523813,0.0646706459837011
390.8396946564886,0.0662579431091064
391.5869980879541,0.06797236958900074
392.3371647509578,0.06979582474754356
393.0902111324376,0.07173901591368355
393.84615384615387,0.07381369998482419
394.6050096339113,0.07602118789784117
395.3667953667953,0.07836884855993066
396.1315280464217,0.08086028561114499
396.8992248062015,0.0834987067004848
397.6699029126213,0.08629242742784886
398.4435797665369,0.08924033955583077
399.22027290448347,0.09234507876003586
400.0,0.09561824867023358
400.7827788649706,0.09905949569948559
401.56862745098044,0.10267685538552863
402.35756385068765,0.10649074031626105
403.1496062992126,0.11049494365154178
403.9447731755424,0.11468577385606317
404.7430830039526,0.11909218928639662
405.54455445544556,0.12372576998667514
406.3492063492063,0.12859020940495397
407.1570576540755,0.1337247661897614
407.9681274900399,0.1391554035833941
408.7824351297405,0.1448823379353981
409.59999999999997,0.150933148919562
410.4208416833667,0.15733641969903847
411.24497991967877,0.1640958965285811
412.07243460764585,0.17123295133941227
412.9032258064516,0.17877706491632844
413.7373737373737,0.18673395071020957
414.57489878542515,0.1951084608569817
415.4158215010142,0.20391566950413978
416.260162601626,0.21317169174140857
417.10794297352334,0.22290468572380706
417.9591836734694,0.2331652734751979
418.81390593047036,0.244010922184331
419.67213114754094,0.2554702321460747
420.53388090349074,0.26755801923161754
421.3991769547325,0.28032454910988697
422.2680412371134,0.2938070568072911
423.1404958677686,0.307999816003547
424.0165631469979,0.32294939874506534
424.896265560166,0.3387110654093777
425.77962577962575,0.3552395268139168
426.6666666666667,0.37253721446654325
427.5574112734864,0.3906939933411256
428.45188284518827,0.40966985304449505
429.3501048218029,0.429434814553995
430.25210084033614,0.4501272612971634
431.1578947368421,0.4716693744165903
432.06751054852316,0.4939360996158605
432.98097251585625,0.5173263790259961
433.8983050847458,0.5418768694863998
434.81953290870484,0.5667384125964334
435.74468085106383,0.5920205550480203
436.67377398720674,0.6189001106563949
437.60683760683764,0.6474137592401678
438.54389721627405,0.6773015897713867
439.48497854077254,0.7087712243531492
440.4301075268817,0.739910449494459
441.37931034482756,0.7693020881342855
442.3326133909287,0.8006700837877937
443.2900432900433,0.8366001932791645
444.2516268980477,0.8728823479925092
445.2173913043478,0.9063012577248704
446.1873638344227,0.9395085406061285
447.1615720524017,0.9751502074730938
448.14004376367615,1.013075551176442
449.12280701754383,1.051858541943562
450.1098901098901,1.0896613986960204
451.10132158590307,1.1256016816035423
452.0971302428256,1.1599474513196462
453.0973451327433,1.194590110438703
454.1019955654102,1.2324783383545332
455.1111111111111,1.2724011979759007
456.1247216035635,1.3105127535116896
457.1428571428571,1.3470599730471833
458.165548098434,1.3830992776415376
459.19282511210764,1.4191164416391908
460.2247191011236,1.458353841235395
461.2612612612612,1.5000391271956675
462.3024830699774,1.5412668173490822
463.3484162895927,1.5862215398574595
464.39909297052156,1.635777771264321
465.4545454545454,1.6860775222135596
466.5148063781321,1.7415784828516676
467.57990867579906,1.803600430087894
468.64988558352405,1.8675601780505844
469.7247706422018,1.9396714788424707
470.8045977011494,2.02230067700187
471.889400921659,2.1086149414129234
472.97921478060044,2.204167654354422
474.07407407407413,2.310532600382256
475.17401392111367,2.4217518537792118
476.27906976744185,2.5517175194916097
477.3892773892773,2.703980590502267
478.5046728971963,2.864483058911378
479.62529274004686,3.0493570122399927
480.75117370892025,3.2646521659926138
481.88235294117646,3.4869339244997986
483.0188679245283,3.73979575984803
484.160756501182,4.0443174968875075
485.3080568720379,4.3598928255077665
486.46080760095015,4.683170301080975
487.61904761904765,5.0287133786060645
488.7828162291169,5.3658457451930825
489.95215311004785,5.725048732636346
491.1270983213429,6.149715772129836
492.3076923076923,6.582239376857988
493.4939759036144,7.009115251965142
494.68599033816423,7.4798033208835895
495.8837772397094,7.96880009261321
497.08737864077665,8.46101344741354
498.29683698296833,8.993244576429879
499.51219512195115,9.573723924619465
500.7334963325183,10.207622064576096
501.9607843137255,10.895659822903077
503.1941031941032,11.654457004466414
504.43349753694577,12.487435990951388
505.679012345679,13.284722332643577
506.9306930693069,14.047588522312768
508.18858560794047,14.86233320890559
509.452736318408,15.577715154555781
510.72319201995015,16.244651573122077
511.99999999999994,17.097283326757104
513.2832080200501,17.842666481478563
514.572864321608,18.456537900549037
515.8690176322418,19.40592732581392
517.1717171717172,20.293938199460833
518.4810126582279,20.87046728246174
519.7969543147208,21.820732087212026
521.1195928753181,22.771356559333174
522.4489795918367,23.25814602589204
523.7851662404091,24.159621334051142
525.1282051282051,25.13851226731162
526.478149100257,25.46618747887475
527.8350515463917,26.221317065796477
529.1989664082687,27.20698166525682
530.5699481865284,27.394862948390585
531.948051948052,27.979301200647594
533.3333333333333,28.996672366824747
534.7258485639686,29.16850441804198
536.1256544502618,29.702381977724983
537.5328083989501,30.850146718688634
538.9473684210527,31.03683730861034
540.3693931398416,31.341279500320695
541.7989417989418,32.36723361733506
543.236074270557,32.48464048056914
544.6808510638298,32.50476436119978
546.1333333333333,33.301164100501914
547.5935828877006,33.454609666435545
549.0616621983914,33.48026714465405
550.5376344086021,34.22945097036495
552.021563342318,34.528179388136564
553.5135135135134,34.65151789275884
555.0135501355013,35.34015900144839
556.5217391304348,35.91371312904668
558.0381471389645,36.580076000729036
559.5628415300547,37.6287842564197
561.0958904109589,38.75459779739482
562.6373626373627,40.11448350938727
564.1873278236914,41.108702773343026
565.7458563535912,41.97132207157855
567.3130193905816,43.59706350610289
568.8888888888889,44.16245032124005
570.4735376044569,44.112574250770386
572.0670391061452,45.98320530646029
573.6694677871149,46.599626054961405
575.2808988764044,45.87488734343106
576.9014084507043,48.518064703140766
578.5310734463276,49.57456071230738
580.1699716713881,47.65961003081848
581.8181818181818,51.24835513670728
583.4757834757835,53.66116320653353
585.1428571428571,50.39627025171645
586.8194842406876,55.06890463016892
588.5057471264367,59.523423473850634
590.2017291066282,53.66485274521824
591.907514450867,58.850909248299615
593.6231884057971,66.41500720627765
595.3488372093024,55.793932424353514
597.0845481049563,61.009252934134494
598.8304093567251,75.37193189592807
600.5865102639297,54.82231432332227
602.3529411764705,60.32720641896099
604.1297935103245,101.3518525247049
605.9171597633135,28.21503537455444
607.7151335311573,13.589039593672473
609.5238095238094,3.508843488500831
611.3432835820896,66.82030526072533
613.1736526946107,89.13203196798848
615.015015015015,52.80933560912273
616.867469879518,80.7564273919999
618.7311178247734,65.77547004583886
620.6060606060606,25.18765923788959
622.4924012158054,56.45366078476284
624.390243902439,111.97200916123788
626.2996941896024,79.92236737525964
628.2208588957055,89.27638108046108
630.1538461538462,139.6244223579498
632.0987654320987,111.17360190890047
634.0557275541796,129.0220072346933
636.0248447204968,223.9675536676394
638.006230529595,135.53283985392068
640.0,55.34410331131679
642.0062695924764,102.95822051086506
644.0251572327044,225.95505934674503
646.0567823343847,243.9461190762003
648.1012658227849,313.09047234080964
650.1587301587301,481.2422071380352
652.2292993630573,517.9976134422294
654.3130990415335,541.3721757434022
656.4102564102564,671.3996127741071
658.5209003215434,744.484992259602
660.6451612903226,812.9266193143332
662.7831715210356,967.5149179908037
664.9350649350649,1053.969506125204
667.100977198697,1145.360211233533
669.281045751634,1308.4422736042704
671.4754098360655,1469.9768563717992
673.6842105263158,1629.7125777799745
675.9075907590759,1790.834949528953
678.1456953642385,1897.5186000399983
680.3986710963455,2163.0995038908213
682.6666666666666,2579.7350460399844
684.9498327759198,2548.269069221651
687.248322147651,2469.402740886285
689.5622895622896,2884.7069645308957
691.8918918918919,3328.718735056886
694.2372881355933,3260.8737067300476
696.5986394557823,3259.9342844194966
698.976109215017,3565.659030493959
701.3698630136986,3794.7692727190642
703.7800687285223,3931.5978593145423
706.2068965517241,4170.794501216854
708.6505190311418,4389.2251871034105
711.1111111111111,4509.4515248483185
713.588850174216,4654.7953599564225
716.0839160839159,4806.801469133214
718.5964912280701,4855.286203158327
721.1267605633802,4873.418574075454
723.6749116607774,4926.275188374291
726.241134751773,4904.679322549092
728.8256227758006,4836.518490147587
731.4285714285714,4838.904569371783
734.0501792114695,4835.816491720348
736.6906474820144,4839.908897209679
739.3501805054151,4971.89787252169
742.0289855072464,5105.822107588946
744.7272727272727,5093.666125420219
747.4452554744526,4932.619849770399
750.1831501831501,4732.381788739598
752.9411764705883,4628.611518212194
755.7195571955718,4523.047828550636
758.5185185185185,4248.535252749168
761.3382899628252,3878.1099167212396
764.179104477612,3432.654704307638
767.0411985018726,3150.263485604304
769.9248120300753,3417.7791943683515
772.8301886792452,3733.0340852781314
775.7575757575758,3349.4722257266108
778.7072243346007,2954.8329808685176
781.6793893129772,2880.4224590214517
784.6743295019156,2643.388005455481
787.6923076923077,2697.008059071754
790.7335907335906,3320.8842517057788
793.798449612403,3286.5445453998886
796.8871595330738,2513.6818184713825
800.0,2124.3001986415943
803.1372549019609,1584.8700352309488
806.2992125984252,596.4834213471638
809.4861660079052,168.29821672811508
812.6984126984127,296.19897130162724
815.9362549800798,1082.2762390077798
819.1999999999999,2995.1569097671522
822.4899598393575,5790.85075548485
825.8064516129032,8206.882604892222
829.1497975708503,10294.375529800463
832.520325203252,11702.35441846582
835.9183673469388,10887.988944263709
839.3442622950819,9655.450503113141
842.798353909465,9653.525502258834
846.2809917355372,8739.876753911441
849.792531120332,6653.618926222846
853.3333333333334,5882.092702207033
856.9037656903765,6101.70730973844
860.5042016806723,5524.745517691523
864.1350210970463,4549.27795934386
867.7966101694916,4179.586172046628
871.4893617021277,4053.5541725958587
875.2136752136753,3771.9397544972735
878.9699570815451,3383.7000672033682
882.7586206896551,3045.618797973327
886.5800865800866,2729.127842450075
890.4347826086956,2440.939870615943
894.3231441048034,2170.009045433471
898.2456140350877,1862.0766187586757
902.2026431718061,1576.28149655799
906.1946902654867,1345.3267984186725
910.2222222222222,1117.6260529266708
914.2857142857142,908.0988644059053
918.3856502242153,781.8167158499921
922.5225225225224,689.522392955456
926.6968325791854,535.6177308522313
930.9090909090908,408.2688689285468
935.1598173515981,320.7535199303019
939.4495412844036,232.87568254058226
943.778801843318,180.389925847755
948.1481481481483,166.04138323086445
952.5581395348837,169.86878199887286
957.0093457943926,115.57277671356732
961.5023474178405,83.73294785507188
966.0377358490566,74.30595079956348
970.6161137440758,64.14854823220125
975.2380952380953,62.17275525875139
979.9043062200957,51.12318575802261
984.6153846153846,60.515301524752864
989.3719806763285,52.920761464964116
994.1747572815533,44.85397193491738
999.0243902439023,44.7657674738764
1003.921568627451,44.49501230158964
1008.8669950738915,46.44651928715868
1013.8613861386139,58.14086633184778
1018.905472636816,59.436520557500636
1023.9999999999999,51.39860809933285
1029.145728643216,53.42203094787741
1034.3434343434344,55.1232070732573
1039.5939086294416,48.70427674908333
1044.8979591836735,47.55892330813604
1050.2564102564102,48.136722581763514
1055.6701030927834,42.60712298749874
1061.139896373057,39.864747068674305
1066.6666666666665,39.57148918674799
1072.2513089005236,34.9562564735354
1077.8947368421054,31.624477818804056
1083.5978835978835,30.83442403525431
1089.3617021276596,27.20352029416069
1095.1871657754011,24.02564844344554
1101.0752688172042,23.158736039516697
1107.0270270270269,20.50586055213813
1113.0434782608695,17.78650768162368
1119.1256830601094,16.975538482084378
1125.2747252747254,15.12501240714993
1131.4917127071824,12.902735506319091
1137.7777777777778,12.108034557017552
1144.1340782122904,10.779295004629704
1150.5617977528088,8.999405251730469
1157.0621468926552,8.271178372484146
1163.6363636363635,7.367928821271897
1170.2857142857142,6.056621295458648
1177.0114942528735,5.470691638678451
1183.815028901734,4.891769978173779
1190.6976744186047,3.977065609496552
1197.6608187134502,3.528850472380438
1204.705882352941,3.167923569875725
1211.834319526627,2.552424780684991
1219.0476190476188,2.215968601018669
1226.3473053892214,1.9949701152784474
1233.734939759036,1.6040461782496525
1241.2121212121212,1.366853098424277
1248.780487804878,1.2345550810960357
1256.441717791411,0.994304080638371
1264.1975308641975,0.8284852022704365
1272.0496894409937,0.7446762511145827
1280.0,0.5973505325968711
1288.0503144654087,0.48236878475814915
1296.2025316455697,0.4280624485011306
1304.4585987261146,0.3411521649075353
1312.8205128205127,0.26750403992147065
1321.2903225806451,0.23626651970442153
1329.8701298701299,0.18937352016391026
1338.562091503268,0.14539053794250822
1347.3684210526317,0.12826943182985856
1356.291390728477,0.10429591430292623
1365.3333333333333,0.07912910516817986
1374.496644295302,0.06992774674410329
1383.7837837837837,0.05770143506524071
1393.1972789115646,0.04290184298922157
1402.7397260273972,0.037735780995582495
1412.4137931034481,0.03196722699840273
1422.2222222222222,0.02370115644036654
1432.1678321678319,0.0208256243989243
1442.2535211267605,0.018138905867118076
1452.482269503546,0.01344476350713045
1462.857142857143,0.011718458773645113
1473.3812949640287,0.010498318089801008
1484.0579710144928,0.007878161948163681
1494.890510948905,0.006817176521765306
1505.8823529411766,0.006252270247352756
1517.037037037037,0.004768217431666007
1528.358208955224,0.004076249501932803
1539.8496240601505,0.003794613321229913
1551.5151515151515,0.002933810266198011
1563.3587786259543,0.0024565350189985394
1575.3846153846155,0.0023021234440325725
1587.596899224806,0.0018186826323205536
1600.0,0.0015112318744892822
1612.5984251968505,0.001434005645130349
1625.3968253968253,0.001168946007216479
1638.3999999999999,0.0009755767844124878
1651.6129032258063,0.0009448288740714134
1665.040650406504,0.0008093545863965074
1678.6885245901638,0.0006905619329753143
1692.5619834710744,0.0006803347311338166
1706.6666666666667,0.0006122528310914344
1721.0084033613446,0.0005380260243253236
1735.5932203389832,0.0005350864682366245
1750.4273504273506,0.0004991941783837857
1765.5172413793102,0.0004482883359133319
1780.8695652173913,0.00044585053199636495
1796.4912280701753,0.00042685506882637783
1812.3893805309733,0.0003887525041223126
1828.5714285714284,0.00038067544184680233
1845.0450450450448,0.00036788594914408394
1861.8181818181815,0.00034086611825383814
1878.8990825688072,0.0003308529134747589
1896.2962962962965,0.0003177417780281936
1914.0186915887853,0.00029334668041979873
1932.0754716981132,0.00028017259262313055
1950.4761904761906,0.0002667089240471961
1969.2307692307693,0.00024465002108027003
1988.3495145631066,0.00022927694198706107
2007.843137254902,0.00021564980941868103
2027.7227722772277,0.00019723540410158068
2047.9999999999998,0.00018294451703073264
2068.686868686869,0.00017012181151494326
2089.795918367347,0.0001540599506766025
2111.340206185567,0.00014084387987641642
2133.333333333333,0.00012986918714542425
2155.789473684211,0.0001173501168320773
2178.723404255319,0.0001063077210552239
2202.1505376344085,9.698155311088287e-05
2226.086956521739,8.712312983335599e-05
2250.5494505494507,7.828005746978966e-05
2275.5555555555557,7.077447509810247e-05
2301.1235955056177,6.319203902497116e-05
2327.272727272727,5.632831097412444e-05
2354.022988505747,5.058048739353346e-05
2381.3953488372094,4.503724240803387e-05
2409.411764705882,3.990476770393606e-05
2438.0952380952376,3.552000887076049e-05
2467.469879518072,3.148567338287282e-05
2497.560975609756,2.782364288334461e-05
2528.395061728395,2.4668131950869446e-05
2560.0,2.179346037180342e-05
2592.4050632911394,1.9182882825726165e-05
2625.6410256410254,1.6912521795202542e-05
2659.7402597402597,1.4852680542461554e-05
2694.7368421052633,1.2959767116655843e-05
2730.6666666666665,1.1279004006825301e-05
2767.5675675675675,9.764526190524673e-06
2805.4794520547944,8.387340680558086e-06
2844.4444444444443,7.157239767374139e-06
2884.507042253521,6.050715684137989e-06
2925.714285714286,5.06040276840221e-06
2968.1159420289855,4.1987422438087125e-06
3011.764705882353,3.4524826760441717e-06
3056.716417910448,2.809395992675588e-06
3103.030303030303,2.2694304755605934e-06
3150.769230769231,1.8230228220908355e-06
3200.0,1.457320219246906e-06
3250.7936507936506,1.1618734128717095e-06
3303.2258064516127,9.238734335855541e-07
3357.3770491803275,7.330425423159995e-07
3413.3333333333335,5.80918909230471e-07
3471.1864406779664,4.586244292065216e-07
3531.0344827586205,3.6138984358892363e-07
3592.9824561403507,2.8551151967496643e-07
3657.142857142857,2.2550200063316383e-07
3723.636363636363,1.7756663628028555e-07
3792.592592592593,1.399676136599601e-07
3864.1509433962265,1.1079117488676917e-07
3938.4615384615386,8.877112299460937e-08
4015.686274509804,7.275588130793885e-08
4095.9999999999995,6.08257187236917e-08
4179.591836734694,5.069498659438449e-08
4266.666666666666,4.271427247909128e-08
4357.446808510638,4.041364672719122e-08
4452.173913043478,4.402311353972062e-08
4551.111111111111,4.611070224892748e-08
4654.545454545454,4.057791834097508e-08
4762.790697674419,2.9924121256597235e-08
4876.190476190475,1.9340379960176857e-08
4995.121951219512,1.1379704505927968e-08
5120.0,6.189177091196688e-09
5251.282051282051,3.1176215123931135e-09
5389.473684210527,1.4669811061887995e-09
5535.135135135135,6.449556935487735e-10
5688.888888888889,2.6034708966356047e-10
5851.428571428572,9.530114886299232e-11
6023.529411764706,3.101902851196905e-11
6206.060606060606,8.607516433573133e-12
6400.0,1.857301698263333e-12
6606.451612903225,2.8449225890095036e-13
6826.666666666667,2.2695629827908755e-14
7062.068965517241,5.496565840887202e-16
7314.285714285714,5.117845405082453e-19
7585.185185185186,4.48740197441677e-19
7876.923076923077,4.091887536488836e-19
