"Wavelength, nm",Intensity
136.44237175216523,1.0147215128147297e-21
136.53333333333333,1.1968717042979052e-21
136.62441627751835,1.4162958652610092e-21
136.71562082777035,1.6736262445966173e-21
136.80694722778892,1.9858335799036035e-21
136.89839572192514,1.1902393116005117e-20
136.98996655518394,3.425907180721114e-18
137.08165997322624,5.808713213515203e-16
137.17347622237108,3.0896287906076156e-14
137.26541554959786,7.375044550183893e-13
137.35747820254863,9.863148331602864e-12
137.4496644295302,8.522976651729011e-11
137.54197447951645,5.250695850461862e-10
137.63440860215053,2.476443810595807e-09
137.72696704774717,9.434955402810322e-09
137.81965006729476,3.027155950833826e-08
137.9124579124579,8.449737906443348e-08
138.0053908355795,2.1037298494191538e-07
138.09844908968307,4.758466793101175e-07
138.19163292847506,9.909198505702155e-07
138.28494260634707,1.9187831025561174e-06
138.37837837837836,3.4842088291963085e-06
138.47194050033806,5.982534838914808e-06
138.5656292286874,9.797999149245114e-06
138.65944482058225,1.543870384792747e-05
138.75338753387533,2.358216594197004e-05
138.84745762711862,3.510695047616918e-05
138.94165535956583,5.108053627943982e-05
139.03598099117448,7.269728339142762e-05
139.1304347826087,0.00010120866119888274
139.22501699524133,0.00013792787874981153
139.31972789115645,0.00018437647791353878
139.4145677331518,0.00024255120126515637
139.50953678474113,0.0003151646717456439
139.60463531015677,0.0004056416856727787
139.69986357435198,0.0005177244560210415
139.79522184300342,0.000654776655910685
139.89071038251367,0.0008191648019819256
139.98632946001365,0.0010122166641762945
140.08207934336525,0.0012350352983728184
140.17796030116358,0.0014899030839007957
140.27397260273972,0.001781407633603585
140.37011651816314,0.002116205043052723
140.46639231824417,0.00250085523438779
140.56280027453673,0.0029383081812344794
140.65934065934067,0.0034247707952369576
140.75601374570448,0.003949067028736666
140.85281980742778,0.004495716516999623
140.949759119064,0.005050978228603475
141.04683195592284,0.0056090760057208675
141.14403859407307,0.006175094675153644
141.24137931034483,0.006762277493949024
141.33885438233264,0.007384224818445309
141.4364640883978,0.008045468093195616
141.53420870767104,0.008735329050053656
141.6320885200553,0.00942870385493256
141.73010380622836,0.010093971933394615
141.8282548476454,0.010704529809981402
141.92654192654192,0.011248368339205372
142.0249653259362,0.011730810041303585
142.1235253296322,0.012169003602585942
142.22222222222223,0.012581151335205059
142.32105628908963,0.012976042417424338
142.42002781641168,0.01334809966477827
142.51913709116212,0.01368022445556006
142.6183844011142,0.013952455169916812
142.7177700348432,0.014151258364998419
142.81729428172943,0.014274280497905802
142.91695743196092,0.01432830478155889
143.0167597765363,0.014322366398523705
143.11670160726763,0.014261058563826798
143.21678321678323,0.014142686501357075
143.31700489853043,0.013964330676236524
143.4173669467787,0.013731831429995336
143.5178696566223,0.013467124323159038
143.61851332398317,0.01320673133621183
143.71929824561403,0.012992910253936918
143.8202247191011,0.012858277649896607
143.92129304286718,0.012809609836604577
144.0225035161744,0.012829420288932438
144.12385643912737,0.012892745895727002
144.22535211267606,0.012982409508068971
144.32699083861874,0.013115709209419934
144.42877291960508,0.01336094646286882
144.530698659139,0.013801508689025032
144.6327683615819,0.014508986129518932
144.73498233215545,0.01553212150941492
144.83734087694484,0.016828853813848414
144.9398443029016,0.01828363647506685
145.04249291784703,0.019814183743062784
145.14528703047483,0.02132513342254208
145.24822695035462,0.022758770161624933
145.35131298793468,0.02427526096829915
145.45454545454544,0.026015112799162472
145.55792466240226,0.0280096527010171
145.66145092460883,0.030495867207551
145.76512455516016,0.03346339251178766
145.86894586894587,0.03650162501029179
145.9729151817534,0.03968528784112382
146.07703281027102,0.04292379696573794
146.18129907209135,0.045495860961731846
146.28571428571428,0.047817173762751485
146.39027877055037,0.05036962297334672
146.49499284692416,0.05213029015396103
146.59985683607732,0.05372017949801773
146.7048710601719,0.056304731810100365
146.8100358422939,0.057942475136734284
146.91535150645623,0.05876701776641796
147.0208183776023,0.06117533132058274
147.1264367816092,0.062478488497878716
147.23220704529115,0.061592256148425124
147.33812949640287,0.06298776363468658
147.4442044636429,0.06428302492677013
147.55043227665706,0.06157817381316045
147.6568132660418,0.06076162725582112
147.76334776334778,0.06199097401150266
147.87003610108303,0.05807471679891572
147.97687861271675,0.05364650717928756
148.08387563268258,0.05342636633181056
148.19102749638205,0.049992523413333566
148.29833454018825,0.044017446996086604
148.40579710144928,0.042471836103217586
148.51341551849166,0.04058341891359335
148.6211901306241,0.03559229394403433
148.72912127814087,0.033223523452067666
148.8372093023256,0.031473262204099614
148.94545454545454,0.026901709033062993
149.0538573508006,0.02343139972410857
149.16241806263656,0.02083816361952978
149.27113702623907,0.016731835589119247
149.38001458789202,0.013723629816381278
149.4890510948905,0.011849425929831075
149.59824689554418,0.009619231709837814
149.70760233918128,0.008627165258118828
149.81711777615214,0.008299315499685964
149.9267935578331,0.007831123775613716
150.03663003663004,0.008417077038067551
150.1466275659824,0.0090850288025944
150.25678650036684,0.009957369953008468
150.36710719530103,0.012029689031102455
150.47759000734754,0.013797070658380739
150.58823529411762,0.016345086952957964
150.69904341427517,0.020227629551864044
150.8100147275405,0.023093674668596378
150.92114959469419,0.02737123275867198
151.03244837758112,0.033085856437847526
151.1439114391144,0.03670911021914707
151.25553914327915,0.04270004302586315
151.3673318551367,0.05043166575475172
151.47928994082838,0.054214191948720306
151.59141376757958,0.06111088249333989
151.7037037037037,0.0700744310306992
151.81616011860638,0.07215930614590467
151.92878338278933,0.07784112183603525
152.04157386785448,0.08674667105689413
152.15453194650817,0.08555070615513181
152.26765799256503,0.08853641239120374
152.38095238095235,0.0975370810655866
152.4944154877141,0.09331858143134786
152.6080476900149,0.09298836250531385
152.72184936614468,0.10238594377697072
152.8358208955224,0.09560848901453713
152.9499626587005,0.09096533669823194
153.0642750373692,0.10046255233471516
153.1787584143605,0.09192164235906183
153.29341317365268,0.0824576074289539
153.40823970037454,0.09203176955054
153.5232383808096,0.08354377474692297
153.6384096024006,0.06929467517069397
153.75375375375376,0.07797776883537105
153.86927122464311,0.07109317589271298
153.98496240601503,0.052541834552677386
154.10082768999246,0.05848738669287389
154.2168674698795,0.05457410194070406
154.33308214016577,0.034062113604417535
154.4494720965309,0.035867996385749584
154.56603773584905,0.0357443958733963
154.68277945619334,0.017643716438049545
154.79969765684052,0.015340436915400829
154.91679273827532,0.018047345212280883
155.0340651021953,0.0068701184419632565
155.15151515151516,0.0023576391692566867
155.2691432903715,0.0049675899455511085
155.38694992412746,0.0035487292049392045
155.50493545937738,0.001415646806385955
155.62310030395136,0.0006227435879489022
155.74144486692012,0.008095246722522162
155.8599695585997,0.014686627895086785
155.97867479055597,0.009230327540004371
156.09756097560975,0.019761560093347647
156.21662852784135,0.03983308347646712
156.33587786259542,0.03298267184135488
156.45530939648586,0.03827550478048765
156.5749235474006,0.07146395658559013
156.69472073450652,0.07080322183120139
156.8147013782542,0.0644172092185058
156.93486590038313,0.10293323516928518
157.05521472392638,0.1167829900191664
157.17574827321565,0.09921776929650124
157.29646697388634,0.12972982655114815
157.4173712528824,0.16065336175912992
157.53846153846155,0.14075875834767845
157.65973826020013,0.15132854898312503
157.78120184899845,0.19177643139953832
157.9028527370856,0.18247614927045389
158.02469135802468,0.17101081951796446
158.14671814671814,0.20473056099535558
158.26893353941267,0.21275109279538426
158.39133797370457,0.18976072441420405
158.5139318885449,0.2017346797862362
158.63671572424477,0.22056811541680343
158.7596899224806,0.20243166361588094
158.88285492629947,0.19071743809038552
159.0062111801242,0.20394647055549697
159.12975912975912,0.19944130445785202
159.25349922239502,0.17748913482129605
159.37743190661476,0.1723894071017578
159.50155763239874,0.17478398199547032
159.62587685113016,0.15999331125982852
159.7503900156006,0.1407421239156519
159.87509758001562,0.1359593834246952
160.0,0.13286061598497972
160.12509773260362,0.11641127619372411
160.2503912363067,0.10081205362632234
160.37588097102582,0.09954556315919781
160.5015673981191,0.09750339054515952
160.62745098039213,0.08399459433839901
160.7535321821036,0.07624891380512713
160.87981146897093,0.08313579710042704
161.0062893081761,0.08655200021362046
161.13296616837135,0.08038731190150944
161.25984251968504,0.08490230163510633
161.38691883372735,0.10376085421174827
161.51419558359618,0.1145426415475056
161.64167324388316,0.11825838138188062
161.7693522906793,0.1391701913535202
161.89723320158103,0.16926183385442917
162.0253164556962,0.18543626527231394
162.15360253365006,0.2033953613878459
162.28209191759112,0.2396953163821119
162.41078509119745,0.2728049573070744
162.53968253968253,0.29564968187915425
162.66878474980143,0.32848937972149733
162.79809220985692,0.36779855995861943
162.92760540970565,0.39963916121112303
163.05732484076432,0.4316629525966244
163.18725099601593,0.46679032705500123
163.31738437001593,0.4987706081872656
163.44772545889865,0.5316794243391844
163.57827476038338,0.5633130511885677
163.709032773781,0.5870719830457173
163.84,0.6124124665596177
163.97117694155327,0.6405851505494774
164.1025641025641,0.6574050309947843
164.23416198877305,0.6682006113109089
164.3659711075441,0.6848860489158216
164.49799196787149,0.6964218055393222
164.63022508038586,0.6964735550288688
164.76267095736122,0.696977479821081
164.89533011272144,0.6982333590810601
165.02820306204674,0.6917364815016478
165.16129032258064,0.6811859641929502
165.29459241323647,0.6707539699188524
165.4281098546042,0.6573005613536225
165.56184316895713,0.6415739978306619
165.6957928802589,0.6253644929338953
165.82995951417004,0.6069191047614918
165.9643435980551,0.5884058640978658
166.09894566098947,0.5728203592303586
166.23376623376623,0.5573065478557746
166.36880584890332,0.5413635992543728
166.5040650406504,0.5299260380520188
166.63954434499593,0.5234754799368263
166.77524429967426,0.5187262308556078
166.9111654441728,0.5175672153156539
167.047308319739,0.5236329184920547
167.18367346938777,0.5353877516367161
167.3202614379085,0.5509939576559088
167.45707277187245,0.5730391043864607
167.59410801963992,0.6030612960062454
167.7313677313677,0.638630585634357
167.86885245901638,0.6789546577377421
168.00656275635768,0.7264606433677341
168.14449917898193,0.7812719917832162
168.28266228430567,0.8404514305490971
168.42105263157896,0.9032712785887235
168.559670781893,0.9716222951965706
168.6985172981878,1.0452097702826044
168.83759274525966,1.1211519750873709
168.97689768976898,1.1981570931242178
169.11643270024774,1.277187572275556
169.25619834710741,1.3580397249842733
169.39619520264682,1.438272428846997
169.53642384105962,1.5159142097330534
169.67688483844242,1.5911524866993756
169.81757877280262,1.664344613042297
169.95850622406635,1.733628902014261
170.09966777408638,1.7962689801825826
170.24106400665005,1.851923476367959
170.3826955074875,1.902245584478671
170.52456286427974,1.9469558332787662
170.66666666666666,1.9830627321003231
170.8090075062552,2.009146691377
170.9515859766277,2.0276526633650547
171.09440267335003,2.040835217139951
171.23745819397996,2.046905802066164
171.3807531380753,2.043221464216889
171.52428810720266,2.031399687164812
171.66806370494552,2.0155848777457632
171.81208053691276,1.996657925346214
171.95633921074725,1.9719105714520158
172.10084033613444,1.9405049210067917
172.24558452481077,1.9061996349970995
172.3905723905724,1.87352683007093
172.5358045492839,1.8429485212054297
172.681281618887,1.8117935658392832
172.82700421940928,1.7800220430302194
172.97297297297297,1.7527147365756655
173.11918850380385,1.735188792266519
173.26565143824024,1.7274939253978359
173.41236240474177,1.726205259183961
173.55932203389833,1.730774641273531
173.70653095843934,1.7457132636825528
173.85398981324278,1.7760795576143886
174.0016992353441,1.8219566187773182
174.14965986394557,1.8785298772771897
174.2978723404255,1.94219042639189
174.44633730834755,2.0155089100012105
174.59505541346974,2.1041074273652502
174.74402730375425,2.208858120718941
174.8932536293766,2.3238952433195035
175.04273504273505,2.443105986660419
175.1924721984602,2.5663583402868944
175.34246575342465,2.6981819619160046
175.49271636675235,2.84144791364677
175.6432246998285,2.9929685823647505
175.79399141630904,3.145094995325825
175.94501718213058,3.2920123539191257
176.0963026655202,3.4343625238516298
176.24784853700515,3.576638941519179
176.3996554694229,3.7201706746016803
176.55172413793102,3.859723875002215
176.70405522001724,3.9868667996701386
176.85664939550952,4.0964845356555575
177.00950734658602,4.190750171738996
177.16262975778545,4.2761123489240145
177.3160173160173,4.35517028714512
177.46967071057193,4.422934128087938
177.62359063313096,4.472632312187059
177.77777777777777,4.503363071390656
177.93223284100782,4.5204299636062295
178.08695652173913,4.529646408672484
178.24194952132288,4.532390408843454
178.397212543554,4.525479471055172
178.55274629468178,4.505448490887331
178.70855148342056,4.472595255518876
178.86462882096066,4.430341409404572
179.02097902097898,4.381599498080365
179.17760279965006,4.326965230470598
179.33450087565674,4.265763788901082
179.4916739702016,4.197694572639137
179.64912280701753,4.123463390816182
179.80684811237927,4.0445519885709915
179.96485061511424,3.963227589115123
180.12313104661388,3.8827018442798567
180.28169014084506,3.806032157016266
180.44052863436124,3.734529400405914
180.59964726631395,3.6681446246686282
180.75904677846424,3.6074561564522862
180.91872791519435,3.5548182352089297
181.07869142351902,3.5137952321741737
181.23893805309734,3.4871750696177566
181.39946855624444,3.475020010822945
181.56028368794324,3.475589454325531
181.72138420585628,3.488680715059042
181.88277087033748,3.516734451694803
182.04444444444445,3.562445637130871
182.20640569395016,3.6267670934031693
182.3686553873553,3.709251611028911
182.53119429590015,3.809356918777543
182.69402319357712,3.9276329022118666
182.85714285714286,4.065388776387943
183.0205540661305,4.222224509082852
183.18425760286226,4.394994774125138
183.34825425246197,4.58052355732701
183.51254480286738,4.777430462552033
183.67713004484304,4.983612018506693
183.84201077199282,5.193696284588968
184.00718778077265,5.4002662823696586
184.1726618705036,5.596601021153667
184.33843384338437,5.77816137796723
184.5045045045045,5.941858207693793
184.67087466185754,6.08315394980612
184.83754512635377,6.194543651766362
185.0045167118338,6.269086529256903
185.17179023508135,6.305245785349837
185.33936651583707,6.305936319576717
185.5072463768116,6.27224800205279
185.675430643699,6.2000419422471085
185.84392014519057,6.084638311392067
186.01271571298818,5.928233821511314
186.1818181818182,5.7399595489921005
186.3512283894449,5.527456981600466
186.52094717668484,5.29037739076344
186.69097538742025,5.024191097432487
186.86131386861314,4.729922281249582
187.03196347031962,4.418225506108037
187.20292504570384,4.102628607272315
187.37419945105214,3.789528034851419
187.54578754578753,3.4770207363096435
187.71769019248396,3.164330964352867
187.88990825688072,2.8604450792522154
188.06244260789717,2.5816353872177147
188.23529411764707,2.341258257059106
188.40846366145354,2.143640252751144
188.5819521178637,1.9877412957025005
188.75576036866357,1.8752176203919297
188.92988929889296,1.814360154619185
189.10433979686056,1.8168149240447125
189.27911275415894,1.890138544996525
189.45420906567992,2.0315949441854704
189.62962962962962,2.2282050600453296
189.80537534754404,2.4649587106047863
189.98144712430428,2.7359251793769968
190.15784586815226,3.0466842235421763
190.3345724907063,3.4013100309596522
190.51162790697674,3.784131002563332
190.68901303538178,4.158514030317912
190.8667287977633,4.491522961509012
191.044776119403,4.7812092109630235
191.22315592903828,5.051653446117286
191.4018691588785,5.314463565467364
191.5809167446211,5.539794455426169
191.76029962546815,5.676040684226724
191.94001874414244,5.701966068413229
192.12007504690433,5.652696799622379
192.3004694835681,5.585489587403188
192.48120300751881,5.518936106183701
192.66227657572907,5.413693273285237
192.8436911487759,5.219874756567699
193.02544769085767,4.940568125586534
193.2075471698113,4.640929338640639
193.38999055712932,4.3922137719452
193.57277882797732,4.209520414560972
193.75591296121098,4.045973796067081
193.93939393939394,3.8472435425124907
194.12322274881518,3.6118108255971895
194.30740037950665,3.3995211078759433
194.49192782526114,3.282115841715562
194.67680608365018,3.281744849551289
194.86203615604185,3.350288693974366
195.04761904761907,3.4066113315486506
195.23355576739752,3.4040188668612013
195.4198473282443,3.374391555187398
195.6064947468959,3.406402477984266
195.79349904397705,3.565835283646675
195.9808612440191,3.8231480225791783
196.1685823754789,4.060141995990318
196.35666347075744,4.163752807384757
196.5451055662188,4.131241759221189
196.73390970220942,4.086811787809044
196.92307692307693,4.179138105893341
197.1126082771896,4.441068563778927
197.30250481695566,4.741880666746895
197.4927675988428,4.889250333859185
197.68339768339766,4.800853871173351
197.8743961352657,4.592709423996946
198.06576402321085,4.495917886939984
198.25750242013552,4.662699157752488
198.44961240310076,5.025705276168897
198.64209505334625,5.338297386663084
198.83495145631065,5.374619856688843
199.02818270165207,5.130201967510195
199.22178988326846,4.851608486987769
199.4157740993184,4.853138546644099
199.61013645224173,5.2540099319481905
199.8048780487805,5.8506918109244515
200.0,6.248423683116794
200.19550342130987,6.171137204394601
200.3913894324853,5.709525145888586
200.58765915768853,5.290373918470391
200.78431372549022,5.358472497653978
200.9813542688911,6.004503542016065
201.17878192534383,6.845909803274542
201.37659783677483,7.2883725400053665
201.5748031496063,6.990616437919479
201.77339901477833,6.170355729922757
201.9723865877712,5.485238560355919
202.1717670286278,5.544518791952196
202.3715415019763,6.412970858044317
202.57171117705244,7.5063569855130305
202.77227722772278,7.994650396164264
202.97324083250743,7.434344903594188
203.17460317460316,6.151934285539453
203.37636544190661,5.0622179408554375
203.57852882703776,5.019347288869706
203.78109452736314,6.160252655319508
203.98406374501994,7.737021339313323
204.1874376869392,8.600513891065757
204.39121756487026,8.022058618880687
204.5954045954046,6.268803382122343
204.79999999999998,4.49380919002786
205.005005005005,3.972356125016238
205.21042084168334,5.189553422838705
205.41624874623875,7.42456281359394
205.62248995983938,9.164540944744076
205.8291457286432,9.11504789320247
206.03621730382292,7.137229163979699
206.24370594159112,4.446821911982212
206.4516129032258,2.8778334509301096
206.65993945509584,3.6569210730357233
206.86868686868684,6.498742857521767
207.07785642062692,9.667628277607788
207.28744939271257,11.039558848628493
207.49746707193518,9.5224237863862
207.7079107505071,5.896767992418417
207.9187817258883,2.4603366470228374
208.130081300813,1.6245195660386318
208.34181078331636,4.313752003321828
208.55397148676167,9.214606236096532
208.7665647298675,13.437407696167693
208.9795918367347,14.26953162563136
209.19305413687437,10.956768768723911
209.40695296523518,5.364844685432958
209.6212896622313,1.0100578310170472
209.83606557377047,0.9584689471513497
210.05128205128204,5.85047372343919
210.26694045174537,13.302794630914768
210.48304213771837,19.156751301344507
210.69958847736626,19.910584922650123
210.91658084449023,14.921867606782943
211.1340206185567,7.005520138905875
211.3519091847265,0.9737336860131115
211.5702479338843,0.8827184536682757
211.78903826266804,7.560922197867206
212.00828157349895,17.910814068248946
212.22797927461139,26.48213504539522
212.448132780083,28.516911733138475
212.668743509865,22.749124218468765
212.88981288981287,12.338668909174368
213.11134235171693,3.3084115458932906
213.33333333333334,1.271982085417814
213.555787278415,8.236731422286876
213.7787056367432,21.28360956801873
214.00208986415882,33.9493495101272
214.22594142259413,39.63538070807771
214.4502617801047,35.25430959217725
214.67505241090146,23.09584913615767
214.900314795383,9.847040578223828
215.12605042016807,3.182095820095738
215.35226077812828,7.667253137499226
215.57894736842104,22.16919008632011
215.80611169652263,40.18087659837262
216.03375527426158,53.01640728932416
216.26187961985215,54.28247913087487
216.49048625792813,43.347910801977605
216.7195767195767,25.960723097736302
216.9491525423729,11.608350961645447
217.17921527041358,8.845711530720877
217.40976645435242,20.868839737917973
217.64080765143464,43.609363534826954
217.87234042553192,67.40239756731158
218.10436634717786,81.54898422531063
218.33688699360337,79.60252026752107
218.5699039487727,62.846484822244
218.80341880341882,40.138908602908714
219.0374331550802,24.009498811199443
219.27194860813702,24.770514483799598
219.5069667738478,45.364146352280834
219.74248927038627,79.47972767520272
219.97851772287862,114.00082673530953
220.21505376344086,134.8866512754774
220.45209903121636,133.8343334402539
220.68965517241378,112.61283189513128
220.92772384034518,82.92002628409787
221.16630669546436,61.544712614907965
221.4054054054054,62.846700457499274
221.64502164502164,91.87479117925055
221.88515709642468,141.42739605479937
222.12581344902384,194.6014414603694
222.36699239956567,231.95277495000238
222.6086956521739,240.23105595398326
222.85092491838955,218.75341590351988
223.09368191721134,180.44672118134443
223.3369683751363,146.76519179446376
223.58078602620085,138.49438925795272
223.82513661202185,166.37417661821326
224.07002188183807,225.79648913834924
224.31544359255204,298.0934805874742
224.56140350877192,358.0773326695574
224.80790340285398,384.6887035252005
225.05494505494505,370.1624194339203
225.30253025302528,323.77262531776347
225.55066079295153,268.1872557529148
225.79933847850054,230.00193796143708
226.0485651214128,228.52458199719345
226.29834254143645,267.4899198259177
226.54867256637166,333.29122617873037
226.79955703211516,400.44683117485283
227.0509977827051,442.10915059845894
227.30299667036624,441.02079363766626
227.55555555555554,396.3919501713084
227.80867630700777,323.8631595666819
228.06236080178175,248.64238800944798
228.31661092530658,195.0878357788757
228.57142857142856,177.05735195496047
228.82681564245812,193.06895604941775
229.082774049217,227.90183276944535
229.33930571108624,259.6426554926194
229.59641255605382,269.0470679173422
229.8540965207632,246.99458844496354
230.1123595505618,197.30479253312285
230.37120359955006,134.00995675757585
230.6306306306306,74.66105773064791
230.89064261555805,32.96686031542897
231.1512415349887,13.866507336012798
231.41242937853107,12.962372843163674
231.67420814479635,20.103641220521435
231.9365798414496,25.094998764253774
232.19954648526078,22.66836453605874
232.46311010215663,14.483839979611448
232.7272727272727,7.467021466589273
232.9920364050057,9.51324988596964
233.25740318906605,24.828020330164517
233.52337514253134,51.21266615689004
233.78995433789953,80.59363828302918
234.05714285714288,102.53427774638037
234.32494279176203,109.15205034455481
234.59335624284074,99.00444272840534
234.8623853211009,78.10875130010537
235.13203214695753,57.64916545304254
235.4022988505747,49.257804678493855
235.67318757192174,59.98367457751776
235.9447004608295,89.08711088721297
236.2168396770473,128.07667640098245
236.48960739030022,163.92143030474776
236.76300578034682,184.0269540856871
237.03703703703707,181.0083803871348
237.3117033603708,155.2588924240344
237.58700696055683,114.43071293668362
237.862950058072,70.1532833708141
238.13953488372093,33.46245878870235
238.41676367869616,10.955768926854624
238.69463869463866,3.095767648817189
238.97316219369893,5.195012946388195
239.25233644859816,10.358487666184088
239.53216374269007,12.910865043671949
239.81264637002343,10.833726331996623
240.0937866354044,6.223654081255089
240.37558685446012,3.762749287441504
240.65804935370153,8.027950026012828
240.94117647058823,20.926252695194595
241.2249705535924,40.43853142487647
241.50943396226415,61.19368126599599
241.79456906729635,76.56284687528701
242.080378250591,81.35935700045961
242.3668639053254,73.95278084979932
242.65402843601896,56.881489748823846
242.94187425860022,35.76294561534408
243.23040380047507,17.00310398971788
243.51961950059456,5.353228086707805
243.80952380952382,2.331699300719847
244.1001191895113,6.08245866194028
244.39140811455846,12.593297637402408
244.68339307048984,17.62481520021577
244.97607655502392,18.564110823299007
245.2694610778443,15.44699400959069
245.56354916067144,10.730914499544085
245.85834333733493,7.96550397310475
246.15384615384616,10.019939308107945
246.4500601684717,17.705893065546785
246.7469879518072,29.35134341018414
247.04463208685164,41.43368672887001
247.34299516908212,49.94709684571454
247.6420798065296,51.95952855390415
247.9418886198547,46.71402017519468
248.24242424242422,35.82947811400658
248.54368932038832,22.620346616000823
248.8456865127582,10.822684842008902
249.14841849148416,3.217297167363221
249.45188794153472,0.7061330876823191
249.75609756097558,2.2048046118673024
250.06105006105005,5.351591108515154
250.36674816625916,7.683616472403923
250.6731946144431,7.741891996936813
250.98039215686276,5.607344641836007
251.2883435582822,2.7023386525235273
251.5970515970516,1.0253379964185396
251.90651906519062,2.200999951679464
252.21674876847288,6.741601844850112
252.52774352651045,13.775634770090557
252.8395061728395,21.350262747401153
253.15203955500616,27.174097631540786
253.46534653465346,29.506374255199745
253.7794299876084,27.82463863959013
254.09429280397023,22.984513745402488
254.40993788819875,16.838341407621183
254.726368159204,11.4814193108097
255.04358655043586,8.465185745645186
255.36159600997507,8.297742976444239
255.6803995006242,10.372225330626422
255.99999999999997,13.304001344062007
256.3204005006258,15.522971033416203
256.64160401002505,15.886271522163971
256.9636135508155,14.06060602016469
257.286432160804,10.576503744209813
257.61006289308176,6.583732817933071
257.9345088161209,3.372273124489014
258.2597730138714,1.8612348184523588
258.5858585858586,2.2728038606848955
258.91276864728195,4.100396328972748
259.24050632911394,6.377920309429052
259.5690747782003,8.104192421279084
259.8984771573604,8.632842608453865
260.22871664548916,7.900099152900911
260.55979643765903,6.40602006376189
260.89171974522293,4.956755759092072
261.2244897959184,4.302282125001324
261.5581098339719,4.835485693889816
261.89258312020456,6.4583314523946
262.2279129321382,8.646690474727329
262.56410256410254,10.678356791726673
262.9011553273428,11.928197016553991
263.2390745501285,12.096915582037289
263.5778635778636,11.285963124405585
263.91752577319585,9.913698221094915
264.258064516129,8.523712943049471
264.59948320413434,7.581060037019856
264.9417852522639,7.331909209310058
265.2849740932642,7.750198396061876
265.6290531776913,8.575267266869211
265.974025974026,9.418404419078684
266.3198959687906,9.895723711153398
266.66666666666663,9.756822625216286
267.01434159061273,8.978000728308196
267.3629242819843,7.764361238198628
267.7124183006536,6.448755587394177
268.0628272251309,5.356165607416444
268.41415465268676,4.694507438318505
268.76640419947506,4.496308495464419
269.119579500657,4.629501604775568
269.47368421052636,4.869859641645307
269.82872200263506,4.996373011553705
270.1846965699208,4.873402009037304
270.5416116248349,4.500125296092595
270.8994708994709,4.013569590329946
271.25827814569533,3.6358778369374933
271.6180371352785,3.572561196659177
271.97875166002655,3.9014734212333435
272.3404255319149,4.521544240913684
272.70306258322233,5.208163653511118
273.06666666666666,5.7393550753449025
273.4312416555407,6.004675083704146
273.7967914438503,6.044086546742441
274.1633199464525,6.007846957798032
274.5308310991957,6.062455978220934
274.8993288590604,6.306971207067158
275.26881720430106,6.7460915885392705
275.6393001345895,7.307629533989749
276.010781671159,7.879057240435687
276.3832658569501,8.355222063189501
276.7567567567567,8.6760786337575
277.1312584573748,8.831389563942027
277.50677506775065,8.845049777030544
277.88331071913166,8.75776704907669
278.2608695652174,8.608052867056355
278.6394557823129,8.419454596461057
279.01907356948226,8.200988900008511
279.39972714870396,7.946830957162765
279.78142076502735,7.634932146301535
280.1641586867305,7.240399873252183
280.54794520547944,6.751643531037506
280.93278463648835,6.17055141599247
281.31868131868134,5.5100069924624435
281.70563961485556,4.796701618544926
282.0936639118457,4.065524352553399
282.48275862068965,3.3525099535937035
282.8729281767956,2.6998292511613036
283.2641770401106,2.1560144617461785
283.6565096952908,1.761587511573057
284.0499306518724,1.5403142407193824
284.44444444444446,1.5034684451348965
284.84005563282335,1.6536773077138944
285.2367688022284,1.9848728053131917
285.63458856345886,2.4835577937724826
286.0335195530726,3.1322245319993596
286.43356643356645,3.913905909916871
286.8347338935574,4.815709585716133
287.23702664796633,5.828707815203013
287.6404494382022,6.944499403787646
288.0450070323488,8.149846344507951
288.4507042253521,9.421517727115784
288.85754583921016,10.722453532198438
289.2655367231638,11.997429777403225
289.6746817538897,13.174429051050767
290.08498583569406,14.177383965467879
290.49645390070924,14.933387422981356
290.9090909090909,15.369129435715623
291.32290184921766,15.424204812534038
291.73789173789174,15.077554283285421
292.15406562054204,14.350459480366398
292.57142857142856,13.29411810017072
292.9899856938483,11.987360085892488
293.4097421203438,10.529076623804029
293.83070301291247,9.016941285502643
294.2528735632184,7.533236997573196
294.67625899280574,6.140666649957787
295.1008645533141,4.87939726748124
295.52669552669556,3.771502646774824
295.9537572254335,2.833463110626927
296.3820549927641,2.0862952914098427
296.81159420289856,1.5631954982764116
297.2423802612482,1.3163310605843257
297.6744186046512,1.4141159618388668
298.1077147016012,1.9303188182737407
298.54227405247815,2.9342125254567994
298.978102189781,4.476579597716091
299.41520467836256,6.57069661691483
299.8535871156662,9.181583508682287
300.2932551319648,12.224336132764412
300.73421439060206,15.566332230451886
301.17647058823525,19.036977992982525
301.620029455081,22.44456016719946
302.06489675516224,25.59843740583896
302.5110782865583,28.33335466702434
302.95857988165676,30.52384159660943
303.4074074074074,32.090162013398334
303.85756676557867,33.00657885760569
304.30906389301634,33.30169532518567
304.7619047619047,33.042455915537374
305.2160953800298,32.31650709269807
305.6716417910448,31.22018521854425
306.1285500747384,29.84626382738933
306.58682634730536,28.274578654905923
307.0464767616192,26.570864097947528
307.5075075075075,24.79167212604009
307.96992481203006,22.994128112539986
308.433734939759,21.248538487507922
308.8989441930618,19.648509322777333
309.3655589123867,18.31871712618297
309.83358547655064,17.419278288300994
310.3030303030303,17.136836856591405
310.7738998482549,17.663345665932447
311.2462006079027,19.175291188442085
311.7199391171994,21.811978602449805
312.1951219512195,25.646458700892303
312.67175572519085,30.658096187490486
313.1498470948012,36.716767426876395
313.6294027565084,43.579941428787194
314.11042944785277,50.902247603833416
314.5929339477727,58.25652118114812
315.0769230769231,65.16700624041583
315.5624036979969,71.15314974038574
316.04938271604937,75.77509082807389
316.53786707882534,78.67592107526794
317.0278637770898,79.61962876873022
317.5193798449612,78.51747027525984
318.0124223602484,75.43755341450512
318.50699844479004,70.59816003869805
319.0031152647975,64.34630356777818
319.5007800312012,57.12582308282135
320.0,49.435626133226705
320.5007824726134,41.77766514185451
321.0031347962382,34.607813014930166
321.5070643642072,28.300556567602847
322.0125786163522,23.121533806774384
322.5196850393701,19.207574834589195
323.02839116719235,16.563987736119312
323.5387045813586,15.078721570352057
324.0506329113924,14.546605979152869
324.56418383518223,14.700656875078659
325.07936507936506,15.2470187777254
325.59618441971384,15.899518387470254
326.11464968152865,16.410343157414577
326.63476874003186,16.592339167339947
327.15654952076676,16.331059262230823
327.68,15.587550728237856
328.2051282051282,14.392213380381218
328.7319422150882,12.83108553219951
329.2604501607717,11.027254121777457
329.7906602254429,9.1198541364616
330.3225806451613,7.244362667316901
330.8562197092084,5.51714981705872
331.3915857605178,4.0242455726091215
331.9286871961102,2.8150566162391373
332.46753246753246,1.9025535554230624
333.0081300813008,1.2683791026786015
333.5504885993485,0.8705564997381481
334.094616639478,0.6531087570314835
334.640522875817,0.5561528720560405
335.18821603927984,0.5244342726419062
335.73770491803276,0.5135301288111378
336.28899835796386,0.4934680797758753
336.8421052631579,0.4495015544281565
337.3970345963756,0.3803399110092963
337.95379537953795,0.2946721173421474
338.51239669421483,0.20692327575890626
339.07284768211923,0.1328989054422304
339.63515754560524,0.08595149811514373
340.19933554817277,0.07436143185712482
340.765391014975,0.10006899591947749
341.3333333333333,0.15864612892352423
341.9031719532554,0.2404836502615953
342.4749163879599,0.3327257428975124
343.04857621440533,0.4214596719136266
343.6241610738255,0.4939687816712891
344.2016806722689,0.5405212164445693
344.7811447811448,0.5553721847952373
345.362563237774,0.5372830528014023
345.94594594594594,0.4894730216956757
346.5313028764805,0.4187598781782793
347.11864406779665,0.33437018223599757
347.70797962648555,0.24683052617970916
348.29931972789115,0.16681947838012054
348.8926746166951,0.10410888039645882
349.4880546075085,0.06686332188306453
350.0854700854701,0.06121884511404821
350.6849315068493,0.09109678584279023
351.286449399657,0.15829383699641808
351.89003436426117,0.2626823156948307
352.4956970740103,0.4024367300130563
353.10344827586204,0.5743214514074199
353.71329879101904,0.7739492570895574
354.3252595155709,0.9959760958530041
354.93934142114387,1.2342663356347314
355.55555555555554,1.482084381902396
356.17391304347825,1.7324113502618
356.794425087108,1.9782205302967517
357.4171029668411,2.212662194853907
358.04195804195797,2.429530327179352
358.6690017513135,2.6237805681904973
359.29824561403507,2.791653735723194
359.9297012302285,2.9309701581986762
360.5633802816901,3.0416631460557277
361.1992945326279,3.125623402134426
361.8374558303887,3.1862623689814833
362.4778761061947,3.2286277279838376
363.1205673758865,3.259143838741593
363.76554174067496,3.28462182078029
364.4128113879003,3.3117943579345686
365.0623885918003,3.3472046133383304
365.7142857142857,3.396466707799989
366.3685152057245,3.4637199385550725
367.02508960573476,3.5518029744004034
367.68402154398564,3.6621588069396256
368.3453237410072,3.7946483339365713
369.009009009009,3.947997565340308
369.67509025270755,4.120148556990761
370.3435804701627,4.308323410390732
371.0144927536232,4.509533556308177
371.68784029038113,4.721092241098199
372.3636363636364,4.940687015719579
373.0418943533697,5.1665171981628175
373.7226277372263,5.397413884315324
374.4058500914077,5.6328020247977815
375.09157509157507,5.872792217658417
375.77981651376143,6.118006796344269
376.47058823529414,6.369118706195553
377.1639042357274,6.626851227403661
377.8597785977859,6.8921270588502255
378.5582255083179,7.165749612655512
379.25925925925924,7.448076969914534
379.96289424860856,7.739122958468706
380.6691449814126,8.038877950491623
381.37802607076355,8.347320184312279
382.089552238806,8.664066401376227
382.803738317757,8.988594433954834
383.5205992509363,9.320866887680328
384.24015009380867,9.661138818875378
384.96240601503763,10.009662047781678
385.6873822975518,10.366972093793175
386.4150943396226,10.733789801961594
387.14555765595463,11.11106508446397
387.8787878787879,11.500423009981393
388.6148007590133,11.903577837404272
389.35361216730035,12.321867300156724
390.09523809523813,12.756937840331787
390.8396946564886,13.210601737310162
391.5869980879541,13.684373272210227
392.3371647509578,14.179883141198962
393.0902111324376,14.698575400390682
393.84615384615387,15.241393797382166
394.6050096339113,15.809475526341295
395.3667953667953,16.40395186859537
396.1315280464217,17.025335953019525
396.8992248062015,17.673811653911116
397.6699029126213,18.34956373416486
398.4435797665369,19.052940164507973
399.22027290448347,19.783992768133384
400.0,20.54219230825938
400.7827788649706,21.32762971555331
401.56862745098044,22.140638888771036
402.35756385068765,22.98031362894619
403.1496062992126,23.84602647217405
403.9447731755424,24.73828709411504
404.7430830039526,25.656897576464445
405.54455445544556,26.60091349730227
406.3492063492063,27.569748704638272
407.1570576540755,28.56318855607733
407.9681274900399,29.580611377981597
408.7824351297405,30.62081098334686
409.59999999999997,31.684011592121646
410.4208416833667,32.77086638935319
411.24497991967877,33.88000367891503
412.07243460764585,35.01210733215052
412.9032258064516,36.169496403102684
413.7373737373737,37.35100675587728
414.57489878542515,38.557783419310475
415.4158215010142,39.79385651533577
416.260162601626,41.05824052723027
417.10794297352334,42.351560059161834
417.9591836734694,43.678617112071926
418.81390593047036,45.03982649208976
419.67213114754094,46.436701010551324
420.53388090349074,47.874864401994
421.3991769547325,49.35850263653583
422.2680412371134,50.892823836225205
423.1404958677686,52.4817597940247
424.0165631469979,54.13004148418102
424.896265560166,55.84747791408093
425.77962577962575,57.63681762284389
426.6666666666667,59.50210576310764
427.5574112734864,61.45728861814539
428.45188284518827,63.50395893786109
429.3501048218029,65.64581585025317
430.25210084033614,67.90157554848284
431.1578947368421,70.2728693237193
432.06751054852316,72.76332656078435
432.98097251585625,75.39413587199955
433.8983050847458,78.1682979664765
434.81953290870484,81.09281162247913
435.74468085106383,84.1850628839779
436.67377398720674,87.43930284569944
437.60683760683764,90.86019692023946
438.54389721627405,94.45971093176122
439.48497854077254,98.23886367073386
440.4301075268817,102.21939434766045
441.37931034482756,106.3954263140612
442.3326133909287,110.75619508926732
443.2900432900433,115.35170321845472
444.2516268980477,120.16456779874461
445.2173913043478,125.1509079998661
446.1873638344227,130.37679375252537
447.1615720524017,135.8308139326318
448.14004376367615,141.45090129549737
449.12280701754383,147.30712150038283
450.1098901098901,153.38682979774103
451.10132158590307,159.6168162288664
452.0971302428256,166.0661823862145
453.0973451327433,172.74353685059245
454.1019955654102,179.60425641895483
455.1111111111111,186.67567568821357
456.1247216035635,193.9351390404834
457.1428571428571,201.39999603115885
458.165548098434,209.05951567855357
459.19282511210764,216.81410040322712
460.2247191011236,224.76984990035234
461.2612612612612,232.92210234635562
462.3024830699774,241.08374338950748
463.3484162895927,249.46082158966354
464.39909297052156,258.10822774039144
465.4545454545454,266.758299730414
466.5148063781321,275.6318584031156
467.57990867579906,284.79113919049956
468.64988558352405,293.9670607922473
469.7247706422018,303.44837982064456
470.8045977011494,313.25221216825383
471.889400921659,323.04190923796875
472.97921478060044,333.1196974672762
474.07407407407413,343.56680956834134
475.17401392111367,354.1740571935589
476.27906976744185,365.06158273206813
477.3892773892773,376.10254265169243
478.5046728971963,387.54437644726994
479.62529274004686,399.6929918559834
480.75117370892025,411.97440863291007
481.88235294117646,424.8189872389702
483.0188679245283,438.81585728888683
484.160756501182,452.9697862976767
485.3080568720379,467.63030539374535
486.46080760095015,483.4659438769921
487.61904761904765,498.9891218671807
488.7828162291169,514.4217777094893
489.95215311004785,531.2674511157859
491.1270983213429,548.9615018430412
492.3076923076923,567.23663256874
493.4939759036144,586.352482163382
494.68599033816423,606.2409389343521
495.8837772397094,627.314312465641
497.08737864077665,648.8009681278588
498.29683698296833,670.9850925336772
499.51219512195115,695.3250425037627
500.7334963325183,719.6929415255014
501.9607843137255,743.9352977676447
503.1941031941032,770.5590710448095
504.43349753694577,796.5032722764929
505.679012345679,821.3096134886946
506.9306930693069,849.3275300161691
508.18858560794047,878.2363657643496
509.452736318408,906.8914742711396
510.72319201995015,938.6595994363809
511.99999999999994,971.1759654438097
513.2832080200501,1003.7782604654137
514.572864321608,1037.9404795631572
515.8690176322418,1070.3250993393299
517.1717171717172,1102.5959502960939
518.4810126582279,1136.4160979454127
519.7969543147208,1168.5168488146464
521.1195928753181,1202.4763292540147
522.4489795918367,1237.2601294475357
523.7851662404091,1267.900765328088
525.1282051282051,1302.0871673593026
526.478149100257,1338.0889813745955
527.8350515463917,1368.0684355448805
529.1989664082687,1402.6375836664279
530.5699481865284,1440.0422793908233
531.948051948052,1468.7572503129566
533.3333333333333,1500.1902229007412
534.7258485639686,1534.5034490418097
536.1256544502618,1559.1326432807177
537.5328083989501,1584.3572175666889
538.9473684210527,1614.0606304699634
540.3693931398416,1640.0227671306698
541.7989417989418,1666.5950916457632
543.236074270557,1694.045354114582
544.6808510638298,1722.5621521701466
546.1333333333333,1752.5336305028077
547.5935828877006,1773.6418280025061
549.0616621983914,1796.041512764742
550.5376344086021,1825.6051748598989
552.021563342318,1841.1707177395472
553.5135135135134,1857.46562677518
555.0135501355013,1888.1668697662526
556.5217391304348,1902.5090058593505
558.0381471389645,1914.1151248233355
559.5628415300547,1947.3485478027878
561.0958904109589,1969.907861032133
562.6373626373627,1985.0589293986347
564.1873278236914,2016.642317798099
565.7458563535912,2040.5561637549265
567.3130193905816,2053.4937646915314
568.8888888888889,2067.551033943636
570.4735376044569,2076.0420215553268
572.0670391061452,2086.299873456334
573.6694677871149,2090.477748937902
575.2808988764044,2092.5370538380334
576.9014084507043,2116.234422929212
578.5310734463276,2120.8422373661206
580.1699716713881,2111.4821293281407
581.8181818181818,2149.0468622731555
583.4757834757835,2165.4166659934835
585.1428571428571,2144.4738024913368
586.8194842406876,2184.15802880119
588.5057471264367,2203.6151481715565
590.2017291066282,2158.050614670988
591.907514450867,2180.823637266198
593.6231884057971,2199.9687159575547
595.3488372093024,2143.6654245349227
597.0845481049563,2160.291402687895
598.8304093567251,2194.8935384677184
600.5865102639297,2162.753552418834
602.3529411764705,2178.836074234394
604.1297935103245,2182.1664615012787
605.9171597633135,2220.4654006570486
607.7151335311573,2568.7904099576294
609.5238095238094,2500.1182156780105
611.3432835820896,1994.9191432575649
613.1736526946107,1841.0275683246723
615.015015015015,1908.8315252502384
616.867469879518,1736.8971657800996
618.7311178247734,1759.7639982300489
620.6060606060606,2006.7478237724654
622.4924012158054,1784.316395345283
624.390243902439,1526.9903601166773
626.2996941896024,1666.4710412700992
628.2208588957055,1628.233667392582
630.1538461538462,1445.989072359295
632.0987654320987,1536.460677499373
634.0557275541796,1466.11649253663
636.0248447204968,1233.8141937575829
638.006230529595,1405.6334673757922
640.0,1712.059644065618
642.0062695924764,1474.1594491603187
644.0251572327044,1229.1579634597815
646.0567823343847,1226.8932723093735
648.1012658227849,1187.9113818187634
650.1587301587301,1169.639231072433
652.2292993630573,1191.06252204864
654.3130990415335,1189.6495488887977
656.4102564102564,1216.6391488479426
658.5209003215434,1206.3835212191907
660.6451612903226,1170.8146739824456
662.7831715210356,1225.7628886912426
664.9350649350649,1164.7178231324203
667.100977198697,994.427741236664
669.281045751634,1053.2860010194613
671.4754098360655,1223.3419420395976
673.6842105263158,1149.013641054949
675.9075907590759,1196.3383201076947
678.1456953642385,1420.7613350329973
680.3986710963455,1210.1343256227947
682.6666666666666,953.4147234274795
684.9498327759198,1272.4656652982706
687.248322147651,1666.205744072291
689.5622895622896,1425.2371925448135
691.8918918918919,1241.359613061518
694.2372881355933,1496.3385270986973
696.5986394557823,1692.403211847519
698.976109215017,1625.7175758939807
701.3698630136986,1636.940433960588
703.7800687285223,1719.0586894299026
706.2068965517241,1723.8439347781177
708.6505190311418,1743.582623677299
711.1111111111111,1805.8376718304864
713.588850174216,1832.6240513376922
716.0839160839159,1848.5348769785642
718.5964912280701,1868.1019634870654
721.1267605633802,1858.3984069661299
723.6749116607774,1827.1006031071129
726.241134751773,1752.1628262097247
728.8256227758006,1633.6726101189338
731.4285714285714,1519.8253917049528
734.0501792114695,1350.3768404477898
736.6906474820144,1102.52755297681
739.3501805054151,926.5613248726368
742.0289855072464,931.0355808761918
744.7272727272727,1140.3219413235954
747.4452554744526,1446.9469738899663
750.1831501831501,1516.9314919387152
752.9411764705883,1297.5921605847732
755.7195571955718,1143.712399420202
758.5185185185185,1125.721564560935
761.3382899628252,1144.5346904828605
764.179104477612,1237.0841491623733
767.0411985018726,1167.4863847786767
769.9248120300753,769.2806844016072
772.8301886792452,531.2180076228861
775.7575757575758,567.225183973225
778.7072243346007,592.7735830636263
781.6793893129772,542.4364109886617
784.6743295019156,544.4557779089305
787.6923076923077,462.16591497718986
790.7335907335906,352.86124369922123
793.798449612403,337.9069494863859
796.8871595330738,360.174541044527
800.0,386.8076035088804
803.1372549019609,507.121560306051
806.2992125984252,1120.1146324933072
809.4861660079052,1895.0886863232877
812.6984126984127,1739.281813813343
815.9362549800798,1056.7617187271962
819.1999999999999,832.9339880912969
822.4899598393575,1469.3185060871556
825.8064516129032,2413.1481947326756
829.1497975708503,3362.5725264520447
832.520325203252,3968.5529513733386
835.9183673469388,3490.5199816107474
839.3442622950819,2806.904339495587
842.798353909465,2615.729718144995
846.2809917355372,2048.349529030591
849.792531120332,1090.23534304823
853.3333333333334,690.9278878960159
856.9037656903765,691.7458172922804
860.5042016806723,497.12796238252
864.1350210970463,151.1528141089803
867.7966101694916,96.96802337340566
871.4893617021277,317.2482892285831
875.2136752136753,563.7127405984527
878.9699570815451,694.1544098282648
882.7586206896551,926.0037786003109
886.5800865800866,1243.767527586772
890.4347826086956,1533.9243532607006
894.3231441048034,1947.7372000654652
898.2456140350877,2621.905018545959
902.2026431718061,3289.14866656011
906.1946902654867,3746.6131292643254
910.2222222222222,4266.455722239068
914.2857142857142,4769.423743598729
918.3856502242153,4811.244866058043
922.5225225225224,4733.796587654148
926.6968325791854,5040.249592220017
930.9090909090908,5356.990003372251
935.1598173515981,5423.818003589432
939.4495412844036,5612.189877177356
943.778801843318,5613.895041573107
948.1481481481483,4886.380345031282
952.5581395348837,4152.325620276063
957.0093457943926,4158.256604428664
961.5023474178405,4423.747714765386
966.0377358490566,4074.8294996373793
970.6161137440758,3269.7139581364895
975.2380952380953,2759.802994299691
979.9043062200957,2676.9268465145196
984.6153846153846,2556.754495053664
989.3719806763285,2149.4445777862034
994.1747572815533,1737.7001570778643
999.0243902439023,1465.8908882424785
1003.921568627451,1238.8515467078091
1008.8669950738915,1066.180363183864
1013.8613861386139,952.3009528938005
1018.905472636816,795.7254076328611
1023.9999999999999,616.8819230827798
1029.145728643216,499.7933683299346
1034.3434343434344,407.5124458245525
1039.5939086294416,306.29307621354764
1044.8979591836735,231.93718376757585
1050.2564102564102,180.21282950119289
1055.6701030927834,127.90591925761873
1061.139896373057,88.29368369668683
1066.6666666666665,64.06028267691283
1072.2513089005236,41.75569871410256
1077.8947368421054,25.06908231295498
1083.5978835978835,17.239766153941453
1089.3617021276596,11.197925238597236
1095.1871657754011,7.016522272894511
1101.0752688172042,6.841596184834517
1107.0270270270269,7.119661506468922
1113.0434782608695,7.114029083487038
1119.1256830601094,8.33892467239142
1125.2747252747254,9.314470443213777
1131.4917127071824,9.538726930075502
1137.7777777777778,10.221672010188534
1144.1340782122904,10.802266233955933
1150.5617977528088,10.860480449499095
1157.0621468926552,11.105649897471345
1163.6363636363635,11.184581306491049
1170.2857142857142,10.781907185989953
1177.0114942528735,10.420857617930453
1183.815028901734,9.93994726135683
1190.6976744186047,9.11469263610512
1197.6608187134502,8.322906062981163
1204.705882352941,7.536546350187869
1211.834319526627,6.624359159024957
1219.0476190476188,5.785978853242974
1226.3473053892214,4.9783472468255106
1233.734939759036,4.164609149489269
1241.2121212121212,3.5037514215464203
1248.780487804878,2.9567365840564355
1256.441717791411,2.506052222506801
1264.1975308641975,2.235614763794
1272.0496894409937,2.038591497964226
1280.0,1.9023614227723702
1288.0503144654087,1.9130086549685128
1296.2025316455697,1.9151401993392834
1304.4585987261146,1.8963624180338972
1312.8205128205127,1.9777594338181967
1321.2903225806451,1.984698696506122
1329.8701298701299,1.9000386469913042
1338.562091503268,1.8996035276608616
1347.3684210526317,1.8358343577196579
1356.291390728477,1.6568232855412748
1365.3333333333333,1.5488430694108108
1374.496644295302,1.4311756469249197
1383.7837837837837,1.2397891592819086
1393.1972789115646,1.114603175087561
1402.7397260273972,0.9990020482763795
1412.4137931034481,0.8233140478569837
1422.2222222222222,0.6982516565047235
1432.1678321678319,0.6033345622755057
1442.2535211267605,0.4755785348747862
1452.482269503546,0.3857260109802192
1462.857142857143,0.33003722039608285
1473.3812949640287,0.25513343743276223
1484.0579710144928,0.19919340456317572
1494.890510948905,0.16978431152900633
1505.8823529411766,0.13076414647974702
1517.037037037037,0.09920141040406674
1528.358208955224,0.084921894651177
1539.8496240601505,0.06710283470731888
1551.5151515151515,0.05212811176301192
1563.3587786259543,0.047349843221016145
1575.3846153846155,0.04032445567871125
1587.596899224806,0.032702175957400416
1600.0,0.031043497701403373
1612.5984251968505,0.028646639055410806
1625.3968253968253,0.024986381245058843
1638.3999999999999,0.024781189305915538
1651.6129032258063,0.02431711914941293
1665.040650406504,0.022567916623669554
1678.6885245901638,0.022897645702508764
1692.5619834710744,0.023161863820319217
1706.6666666666667,0.022280571732395987
1721.0084033613446,0.02252188592100073
1735.5932203389832,0.02269365227543468
1750.4273504273506,0.02208262771335074
1765.5172413793102,0.021963761523218203
1780.8695652173913,0.021549695126136935
1796.4912280701753,0.020696354841678345
1812.3893805309733,0.02014890936319148
1828.5714285714284,0.01923649674693838
1845.0450450450448,0.01810425275591061
1861.8181818181815,0.017162736321947446
1878.8990825688072,0.01585008269892389
1896.2962962962965,0.014557136273811205
1914.0186915887853,0.013512648881331957
1932.0754716981132,0.012105230914547188
1950.4761904761906,0.010768242087819862
1969.2307692307693,0.009740835190783139
1988.3495145631066,0.008465944363822055
2007.843137254902,0.007260461551779521
2027.7227722772277,0.006368866812108101
2047.9999999999998,0.005367570573051875
2068.686868686869,0.004425587071352206
2089.795918367347,0.003749189242582492
2111.340206185567,0.0030658385937696853
2133.333333333333,0.002431134468390802
2155.789473684211,0.001982683928588886
2178.723404255319,0.0015688125340494045
2202.1505376344085,0.0011865288667583776
2226.086956521739,0.0009141410671108779
2250.5494505494507,0.0006883849579830131
2275.5555555555557,0.0004922160251724464
2301.1235955056177,0.0003543808331135296
2327.272727272727,0.0002496349639103053
2354.022988505747,0.00016462262316205287
2381.3953488372094,0.00010712391669161591
2409.411764705882,6.956979923619755e-05
2438.0952380952376,4.3922335592247795e-05
2467.469879518072,2.727935561488888e-05
2497.560975609756,1.718362690346424e-05
2528.395061728395,1.2512723451499958e-05
2560.0,1.0800285909625392e-05
2592.4050632911394,1.0172225470867747e-05
2625.6410256410254,1.1407389904807974e-05
2659.7402597402597,1.4209003993309915e-05
2694.7368421052633,1.6966499432210147e-05
2730.6666666666665,2.0264957968520995e-05
2767.5675675675675,2.541526592360734e-05
2805.4794520547944,3.1111944869615255e-05
2844.4444444444443,3.67096299305047e-05
2884.507042253521,4.4266185969604095e-05
2925.714285714286,5.321587007252121e-05
2968.1159420289855,6.122069855009659e-05
3011.764705882353,7.008072367054651e-05
3056.716417910448,8.080052260648834e-05
3103.030303030303,8.983545861784212e-05
3150.769230769231,9.725798763178486e-05
3200.0,0.00010581636860783389
3250.7936507936506,0.00011287511273806244
3303.2258064516127,0.0001156072533568271
3357.3770491803275,0.00011631368866180932
3413.3333333333335,0.00011660528257486558
3471.1864406779664,0.00011253294852737633
3531.0344827586205,0.00010214271471100877
3592.9824561403507,9.155879327385422e-05
3657.142857142857,8.049347310401724e-05
3723.636363636363,6.381931612835942e-05
3792.592592592593,4.6308019152907157e-05
3864.1509433962265,3.238612820272834e-05
3938.4615384615386,2.0959661511002822e-05
4015.686274509804,1.0907780003730255e-05
4095.9999999999995,6.766830838471924e-06
4179.591836734694,1.0924331410263836e-05
4266.666666666666,1.2880134221535352e-05
4357.446808510638,5.425683476577404e-06
4452.173913043478,3.4746197896042926e-07
4551.111111111111,8.527035536431086e-08
4654.545454545454,3.442920045473486e-08
4762.790697674419,8.771728356226803e-09
4876.190476190475,9.946864909390005e-09
4995.121951219512,3.2374934996709654e-09
5120.0,9.753501478540515e-10
5251.282051282051,1.0192819698218854e-09
5389.473684210527,3.761773051618961e-10
5535.135135135135,9.642384016776855e-11
5688.888888888889,1.0203955862485785e-10
5851.428571428572,3.727608216689462e-11
6023.529411764706,4.789749040108295e-12
6206.060606060606,5.541805820160257e-12
6400.0,1.8463717391550637e-12
6606.451612903225,2.8261239066334864e-14
6826.666666666667,9.885165238339344e-14
7062.068965517241,5.243519871979234e-14
7314.285714285714,3.316869504729297e-14
7585.185185185186,1.622508668994157e-14
7876.923076923077,9.316986300697503e-15
