"Wavelength, nm",Intensity
136.44237175216523,7.226045416859816e-23
136.53333333333333,9.350095060113611e-23
136.62441627751835,1.2205364791626777e-22
136.71562082777035,1.6134315197658264e-22
136.80694722778892,2.1002629731177908e-22
136.89839572192514,1.8042485393606973e-22
136.98996655518394,2.445168372151894e-20
137.08165997322624,3.946525326798399e-18
137.17347622237108,2.1412866790642053e-16
137.26541554959786,5.037403908216258e-15
137.35747820254863,6.273383393088615e-14
137.4496644295302,4.787094231023094e-13
137.54197447951645,2.476087625256504e-12
137.63440860215053,9.310202574217367e-12
137.72696704774717,2.669823127882885e-11
137.81965006729476,6.013821995350591e-11
137.9124579124579,1.0732058046353226e-10
138.0053908355795,1.4801050714901212e-10
138.09844908968307,1.4382521157173986e-10
138.19163292847506,8.501864448268963e-11
138.28494260634707,1.7134472909378856e-10
138.37837837837836,1.26819378621879e-09
138.47194050033806,5.750769268777288e-09
138.5656292286874,1.8623253715019936e-08
138.65944482058225,4.8352467565577394e-08
138.75338753387533,1.063987709742019e-07
138.84745762711862,2.044605258752945e-07
138.94165535956583,3.493631479440973e-07
139.03598099117448,5.370069937970817e-07
139.1304347826087,7.481405755939212e-07
139.22501699524133,9.49206165620734e-07
139.31972789115645,1.09989776676589e-06
139.4145677331518,1.1654257285509977e-06
139.50953678474113,1.128636802896866e-06
139.60463531015677,9.969088673402839e-07
139.69986357435198,8.002876331569558e-07
139.79522184300342,5.809715451528848e-07
139.89071038251367,3.7935431526741587e-07
139.98632946001365,2.2364711365067848e-07
140.08207934336525,1.2669586653668577e-07
140.17796030116358,8.907278047464949e-08
140.27397260273972,1.0537875893543361e-07
140.37011651816314,1.7164227795274864e-07
140.46639231824417,2.949654888577928e-07
140.56280027453673,5.08898311430235e-07
140.65934065934067,8.943872138808219e-07
140.75601374570448,1.5954218750632268e-06
140.85281980742778,2.8097690615566744e-06
140.949759119064,4.740296097808409e-06
141.04683195592284,7.507585416885613e-06
141.14403859407307,1.1041404802972894e-05
141.24137931034483,1.4995807069013042e-05
141.33885438233264,1.8753077026630837e-05
141.4364640883978,2.1544943750068883e-05
141.53420870767104,2.2656070412507352e-05
141.6320885200553,2.166093926262265e-05
141.73010380622836,1.8631088156058213e-05
141.8282548476454,1.4206148074602304e-05
141.92654192654192,9.483652838785607e-06
142.0249653259362,5.839244351432977e-06
142.1235253296322,4.845479487114551e-06
142.22222222222223,8.405997189897788e-06
142.32105628908963,1.9143804774675702e-05
142.42002781641168,4.0885329358041605e-05
142.51913709116212,7.880316441354944e-05
142.6183844011142,0.0001387477869852603
142.7177700348432,0.0002256362795536459
142.81729428172943,0.0003411427394601932
142.91695743196092,0.0004812142240600017
143.0167597765363,0.000634500239020712
143.11670160726763,0.0007830770638709444
143.21678321678323,0.000905634256464339
143.31700489853043,0.0009818896475499534
143.4173669467787,0.0009972969278378473
143.5178696566223,0.0009472294577155176
143.61851332398317,0.0008387275057918264
143.71929824561403,0.00068863709191023
143.8202247191011,0.0005196007844145942
143.92129304286718,0.00035586823421825505
144.0225035161744,0.00021961791919227475
144.12385643912737,0.00012875956528931795
144.22535211267606,9.755318459688517e-05
144.32699083861874,0.0001396765219301404
144.42877291960508,0.0002717619054425495
144.530698659139,0.0005153015621396543
144.6327683615819,0.0008948641116310643
144.73498233215545,0.0014306074034086801
144.83734087694484,0.002125389110527734
144.9398443029016,0.0029512367099106215
145.04249291784703,0.003841619038649708
145.14528703047483,0.004693557769514568
145.24822695035462,0.005382094060166085
145.35131298793468,0.005788555432539084
145.45454545454544,0.005835710200251568
145.55792466240226,0.005512687048983458
145.66145092460883,0.004877969991512611
145.76512455516016,0.004042908443655156
145.86894586894587,0.003141291137900287
145.9729151817534,0.002291955393809437
146.07703281027102,0.0015712399487517782
146.18129907209135,0.0010120066280517545
146.28571428571428,0.0006278339721451749
146.39027877055037,0.00044484653336455347
146.49499284692416,0.0005226529386859357
146.59985683607732,0.0009515805307443994
146.7048710601719,0.0018202087990913224
146.8100358422939,0.0031631223165664627
146.91535150645623,0.004918650415590551
147.0208183776023,0.006918827820679543
147.1264367816092,0.008908080251041913
147.23220704529115,0.010594753811931992
147.33812949640287,0.01173811125607187
147.4442044636429,0.012216637585780067
147.55043227665706,0.012028366334684732
147.6568132660418,0.011261009439016513
147.76334776334778,0.010069036239435825
147.87003610108303,0.008628557324886555
147.97687861271675,0.007075079621363716
148.08387563268258,0.005490922593941158
148.19102749638205,0.003950412612517893
148.29833454018825,0.0025531349465457895
148.40579710144928,0.0014189055675554677
148.51341551849166,0.0006812514046509627
148.6211901306241,0.0004765304043489197
148.72912127814087,0.000899115829084542
148.8372093023256,0.0019608808365299568
148.94545454545454,0.0035905800788188984
149.0538573508006,0.005631388100305825
149.16241806263656,0.007847086420424742
149.27113702623907,0.009996587880377739
149.38001458789202,0.011902130452099364
149.4890510948905,0.013418334329625551
149.59824689554418,0.014404774843373203
149.70760233918128,0.014790714742725277
149.81711777615214,0.014600288151598162
149.9267935578331,0.013863193307853591
150.03663003663004,0.012578897475389855
150.1466275659824,0.010811605835533741
150.25678650036684,0.008732616988235558
150.36710719530103,0.006537426823688306
150.47759000734754,0.004412696911312097
150.58823529411762,0.0025918875980756
150.69904341427517,0.001334156901590021
150.8100147275405,0.0008316286152679999
150.92114959469419,0.0011856816455478052
151.03244837758112,0.0024096784479366406
151.1439114391144,0.00439560668883459
151.25553914327915,0.00694681243728095
151.3673318551367,0.009848310163987795
151.47928994082838,0.01282565917315403
151.59141376757958,0.01551514002902398
151.7037037037037,0.017613991155720165
151.81616011860638,0.018981234871449884
151.92878338278933,0.019501264312902132
152.04157386785448,0.019024015326430072
152.15453194650817,0.01756082786924859
152.26765799256503,0.015354324453961376
152.38095238095235,0.012667029558693872
152.4944154877141,0.009696353413667218
152.6080476900149,0.006724998288465049
152.72184936614468,0.004117627109314686
152.8358208955224,0.00213199144904445
152.9499626587005,0.0008922735634014612
153.0642750373692,0.00048388204194838876
153.1787584143605,0.0009227230098927325
153.29341317365268,0.0021258155288110953
153.40823970037454,0.003992685448535094
153.5232383808096,0.006386602545619888
153.6384096024006,0.00905783958577505
153.75375375375376,0.011775488095096955
153.86927122464311,0.014451445933831965
153.98496240601503,0.01694812347947447
154.10082768999246,0.01895206331188839
154.2168674698795,0.020235479647125274
154.33308214016577,0.020797158707738447
154.4494720965309,0.020598055973035663
154.56603773584905,0.01947373604604373
154.68277945619334,0.01742789131413753
154.79969765684052,0.014713458700148693
154.91679273827532,0.011598829123729136
155.0340651021953,0.008348489667948098
155.15151515151516,0.005387269743896571
155.2691432903715,0.00322330504934163
155.38694992412746,0.0022681697094213108
155.50493545937738,0.0028187453885963145
155.62310030395136,0.0050196931644814575
155.74144486692012,0.008780552244494451
155.8599695585997,0.013858372429313119
155.97867479055597,0.019889762392367907
156.09756097560975,0.026184951910232727
156.21662852784135,0.03179355921760563
156.33587786259542,0.03601471949851103
156.45530939648586,0.038552378335617477
156.5749235474006,0.039099491352984496
156.69472073450652,0.03728409331190085
156.8147013782542,0.0332054240294617
156.93486590038313,0.027586107215231515
157.05521472392638,0.02128141804414256
157.17574827321565,0.015004634693829616
157.29646697388634,0.009482966503164108
157.4173712528824,0.005437983159143754
157.53846153846155,0.003345953333046832
157.65973826020013,0.0033565387489504985
157.78120184899845,0.005319821429203153
157.9028527370856,0.008813228643738598
158.02469135802468,0.01325993171128825
158.14671814671814,0.01799549316449009
158.26893353941267,0.022245853411880148
158.39133797370457,0.025362615678192795
158.5139318885449,0.027146182175554437
158.63671572424477,0.02765928809745815
158.7596899224806,0.02684190620554172
158.88285492629947,0.02469206676644133
159.0062111801242,0.021636036790419342
159.12975912975912,0.01827574093260433
159.25349922239502,0.01491287735318921
159.37743190661476,0.011623073835818244
159.50155763239874,0.00854895000598858
159.62587685113016,0.005845726165581258
159.7503900156006,0.003557963356885828
159.87509758001562,0.0017301682369089552
160.0,0.0004997732648503024
160.12509773260362,7.380422931990904e-05
160.2503912363067,0.0007325357406270075
160.37588097102582,0.002776936234844517
160.5015673981191,0.0064057788751588724
160.62745098039213,0.011703121385496059
160.7535321821036,0.01860419123875991
160.87981146897093,0.026685766022414823
161.0062893081761,0.03514923645107347
161.13296616837135,0.04312707953250675
161.25984251968504,0.0497961949382845
161.38691883372735,0.05425311979875094
161.51419558359618,0.055693361485246014
161.64167324388316,0.05381191370454505
161.7693522906793,0.04889558748040469
161.89723320158103,0.04168380708524545
162.0253164556962,0.033333081387566604
162.15360253365006,0.025358474988116223
162.28209191759112,0.0193836706669105
162.41078509119745,0.016861445743694754
162.53968253968253,0.01885894469499596
162.66878474980143,0.025840736373370764
162.79809220985692,0.03752572953236704
162.92760540970565,0.052911661321728566
163.05732484076432,0.07037156341061522
163.18725099601593,0.08780961936213774
163.31738437001593,0.10300178245752568
163.44772545889865,0.11399195125013589
163.57827476038338,0.11932268980174837
163.709032773781,0.11823232804190324
163.84,0.11091616027380267
163.97117694155327,0.09856489661464986
164.1025641025641,0.08307448053152973
164.23416198877305,0.06673928862546204
164.3659711075441,0.052054356044023246
164.49799196787149,0.04140441256053866
164.63022508038586,0.0366140438498054
164.76267095736122,0.038610424439062895
164.89533011272144,0.04730446896635178
165.02820306204674,0.061636171456700736
165.16129032258064,0.07974991574077842
165.29459241323647,0.09923219649499869
165.4281098546042,0.11738357769774095
165.56184316895713,0.1316225309779134
165.6957928802589,0.13996633553936608
165.82995951417004,0.14130715675160335
165.9643435980551,0.13543895852805155
166.09894566098947,0.12307852139956127
166.23376623376623,0.10587083172386778
166.36880584890332,0.08615188907945238
166.5040650406504,0.0665344165962863
166.63954434499593,0.04955144727055753
166.77524429967426,0.037362307561357534
166.9111654441728,0.031459126507513445
167.047308319739,0.03246453757152701
167.18367346938777,0.04007230983687279
167.3202614379085,0.05310529164257061
167.45707277187245,0.0697118520733874
167.59410801963992,0.08763997344056193
167.7313677313677,0.10448969473783834
167.86885245901638,0.11801453492212262
168.00656275635768,0.12647095547374557
168.14449917898193,0.1288104935797482
168.28266228430567,0.12471558392398191
168.42105263157896,0.1146605171037243
168.559670781893,0.09990553829304845
168.6985172981878,0.08227704306528559
168.83759274525966,0.0638986311829136
168.97689768976898,0.046995433261214616
169.11643270024774,0.033658098173008306
169.25619834710741,0.025564361661536836
169.39619520264682,0.02377826697980296
169.53642384105962,0.028642901456775765
169.67688483844242,0.039743248462599357
169.81757877280262,0.05594185950724298
169.95850622406635,0.0754868874010867
170.09966777408638,0.09620840887503039
170.24106400665005,0.11577264168043838
170.3826955074875,0.13192171532684277
170.52456286427974,0.14271718543963396
170.66666666666666,0.1468143527107074
170.8090075062552,0.1436831535739559
170.9515859766277,0.13371176821421574
171.09440267335003,0.11819269036546588
171.23745819397996,0.09918604986660742
171.3807531380753,0.07930664007155776
171.52428810720266,0.06146907043825036
171.66806370494552,0.048537513981439934
171.81208053691276,0.04291414095608844
171.95633921074725,0.04618718600816386
172.10084033613444,0.05887311910663006
172.24558452481077,0.08028417792929646
172.3905723905724,0.1085595965364121
172.5358045492839,0.14079937818891583
172.681281618887,0.17334362277100274
172.82700421940928,0.20231793094525385
172.97297297297297,0.22424112344117011
173.11918850380385,0.23642880643158612
173.26565143824024,0.23734988800900558
173.41236240474177,0.22703775068163573
173.55932203389833,0.2072255818469392
173.70653095843934,0.1810799808392918
173.85398981324278,0.15281343083758975
174.0016992353441,0.1272454781997634
174.14965986394557,0.10915303883256933
174.2978723404255,0.10249477597996517
174.44633730834755,0.10975288199530987
174.59505541346974,0.13150239941851838
174.74402730375425,0.16624748846489734
174.8932536293766,0.21056405903288683
175.04273504273505,0.25951932923606785
175.1924721984602,0.30728853236878484
175.34246575342465,0.3479266230072079
175.49271636675235,0.3762697616074675
175.6432246998285,0.38880268115679345
175.79399141630904,0.38423160527087175
175.94501718213058,0.3637128760429051
176.0963026655202,0.3308387521468086
176.24784853700515,0.29128505505032976
176.3996554694229,0.252004535966923
176.55172413793102,0.22015399464437974
176.70405522001724,0.20202081739249186
176.85664939550952,0.2020712993987382
177.00950734658602,0.2222269305404299
177.16262975778545,0.2614987657111476
177.3160173160173,0.3160573937946274
177.46967071057193,0.37969830307339986
177.62359063313096,0.44459186530883216
177.77777777777777,0.5023432841620239
177.93223284100782,0.545344803091529
178.08695652173913,0.5680320925666555
178.24194952132288,0.5677465659984245
178.397212543554,0.5452757577974578
178.55274629468178,0.5049013077737691
178.70855148342056,0.45369679768447724
178.86462882096066,0.4004117635619271
179.02097902097898,0.35431604067481076
179.17760279965006,0.3239092216276844
179.33450087565674,0.3155663209315291
179.4916739702016,0.3325007854251682
179.64912280701753,0.37423691366802736
179.80684811237927,0.43656194706371765
179.96485061511424,0.5119126196707495
180.12313104661388,0.590332596649895
180.28169014084506,0.6611317587100226
180.44052863436124,0.7147308709599776
180.59964726631395,0.744010217227961
180.75904677846424,0.7453124493005164
180.91872791519435,0.7192425477966214
181.07869142351902,0.6706518114445986
181.23893805309734,0.6076927457581079
181.39946855624444,0.5406293501291324
181.56028368794324,0.48058964133465004
181.72138420585628,0.43800242909336623
181.88277087033748,0.4209165000378198
182.04444444444445,0.4336430478646049
182.20640569395016,0.47594884154080425
182.3686553873553,0.5429383480700912
182.53119429590015,0.6257195625390971
182.69402319357712,0.7127358214191792
182.85714285714286,0.7915441402269845
183.0205540661305,0.8508986997716034
183.18425760286226,0.8826916581666102
183.34825425246197,0.883009073595062
183.51254480286738,0.8523626660260393
183.67713004484304,0.7957514640044102
183.84201077199282,0.7222437064469983
184.00718778077265,0.643521203140657
184.1726618705036,0.5720681898586193
184.33843384338437,0.5196257889680846
184.5045045045045,0.4954970557832719
184.67087466185754,0.504708016806494
184.83754512635377,0.5468449666483012
185.0045167118338,0.616110653318756
185.17179023508135,0.7024011273857962
185.33936651583707,0.7928236567864689
185.5072463768116,0.8736885610809485
185.675430643699,0.9331971758003383
185.84392014519057,0.9634908885554674
186.01271571298818,0.9609215239499067
186.1818181818182,0.9260102487757222
186.3512283894449,0.8640217427530367
186.52094717668484,0.7845246142130547
186.69097538742025,0.6995871813420271
186.86131386861314,0.6222172369760484
187.03196347031962,0.5650501300654585
187.20292504570384,0.5382972635452403
187.37419945105214,0.5475244589175245
187.54578754578753,0.5924016869256006
187.71769019248396,0.6667254292845626
187.88990825688072,0.759401495210664
188.06244260789717,0.8560687707434824
188.23529411764707,0.9415575281224183
188.40846366145354,1.0029252457462665
188.5819521178637,1.031600059254055
188.75576036866357,1.0240491111849712
188.92988929889296,0.9819664765596121
189.10433979686056,0.9120900365679699
189.27911275415894,0.8249884811470805
189.45420906567992,0.7334428374786272
189.62962962962962,0.6511622125095179
189.80537534754404,0.5912649913559127
189.98144712430428,0.564234144295129
190.15784586815226,0.5760802669589346
190.3345724907063,0.6272343065704241
190.51162790697674,0.7121799003540354
190.68901303538178,0.8198137570367082
190.8667287977633,0.9347853889850439
191.044776119403,1.0401044390275398
191.22315592903828,1.1202988436150758
191.4018691588785,1.1638766459056988
191.5809167446211,1.165075194483458
191.76029962546815,1.1250787134891713
191.94001874414244,1.0517020913245914
192.12007504690433,0.9574243727372499
192.3004694835681,0.857260785072581
192.48120300751881,0.7670454564243807
192.66227657572907,0.7014518619728762
192.8436911487759,0.6717175657962385
193.02544769085767,0.6837529972732932
193.2075471698113,0.7370736589448693
193.38999055712932,0.8247379609173562
193.57277882797732,0.9344695230105544
193.75591296121098,1.0507802630720307
193.93939393939394,1.1573284510271755
194.12322274881518,1.2391755904273196
194.30740037950665,1.2852721517082006
194.49192782526114,1.2906081843688644
194.67680608365018,1.257041296475461
194.86203615604185,1.1930755923655505
195.04761904761907,1.1128264596180442
195.23355576739752,1.0335732011001408
195.4198473282443,0.9723642704679818
195.6064947468959,0.9430366052792697
195.79349904397705,0.9540671521164954
195.9808612440191,1.0070044719273936
196.1685823754789,1.095617409720931
196.35666347075744,1.2062333714276574
196.5451055662188,1.319575470489977
196.73390970220942,1.4139895874085744
196.92307692307693,1.4696644202796123
197.1126082771896,1.4731322516156358
197.30250481695566,1.4207329045363357
197.4927675988428,1.3196454793681858
197.68339768339766,1.1861603953569047
197.8743961352657,1.042128917631994
198.06576402321085,0.9108158079631176
198.25750242013552,0.8129940599881977
198.44961240310076,0.7639711995544207
198.64209505334625,0.771943459489445
198.83495145631065,0.8373633716535094
199.02818270165207,0.9528410872914007
199.22178988326846,1.103755457505534
199.4157740993184,1.2703557510898005
199.61013645224173,1.4310786397939779
199.8048780487805,1.565268583553594
200.0,1.6555060889690218
200.19550342130987,1.6913024625336113
200.3913894324853,1.6716211074673824
200.58765915768853,1.6030891951621222
200.78431372549022,1.497799943483961
200.9813542688911,1.3741963115493327
201.17878192534383,1.2563981849095454
201.37659783677483,1.1687611724897728
201.5748031496063,1.129896342966334
201.77339901477833,1.1492660694727723
201.9723865877712,1.2250862451489555
202.1717670286278,1.343039213209869
202.3715415019763,1.4777600513310376
202.57171117705244,1.5988040730515312
202.77227722772278,1.6784534565970328
202.97324083250743,1.6970099821729188
203.17460317460316,1.6465057155834197
203.37636544190661,1.5340773142063888
203.57852882703776,1.3815752377956974
203.78109452736314,1.2211185356260772
203.98406374501994,1.0894458723820217
204.1874376869392,1.020627171796027
204.39121756487026,1.0372851515747044
204.5954045954046,1.1436182242175554
204.79999999999998,1.3228832573816005
205.005005005005,1.540136503897784
205.21042084168334,1.7498031465743429
205.41624874623875,1.9071470816498102
205.62248995983938,1.98076141158898
205.8291457286432,1.9607350501959047
206.03621730382292,1.8599827746224482
206.24370594159112,1.7100611846418348
206.4516129032258,1.5524584146990568
206.65993945509584,1.4272296431592517
206.86868686868684,1.362815920855212
207.07785642062692,1.3698611258387146
207.28744939271257,1.4401622092251285
207.49746707193518,1.550935031248045
207.7079107505071,1.6727325235264503
207.9187817258883,1.7771648163763651
208.130081300813,1.8422897577878645
208.34181078331636,1.8574283018697977
208.55397148676167,1.8260877701030227
208.7665647298675,1.7625463887830979
208.9795918367347,1.6853024474524165
209.19305413687437,1.6136733660439206
209.40695296523518,1.565197207868335
209.6212896622313,1.5505743942148886
209.83606557377047,1.5704991034173619
210.05128205128204,1.6179153867416682
210.26694045174537,1.6820631428079191
210.48304213771837,1.750272212689864
210.69958847736626,1.8096924651972777
210.91658084449023,1.8513965509069796
211.1340206185567,1.8727597642382943
211.3519091847265,1.8756832991804453
211.5702479338843,1.865041685095367
211.78903826266804,1.8484692996273293
212.00828157349895,1.8341187675977442
212.22797927461139,1.8277119255868055
212.448132780083,1.8320254552071396
212.668743509865,1.8473425854068297
212.88981288981287,1.8712154743095677
213.11134235171693,1.899205166739024
213.33333333333334,1.9270921894559394
213.555787278415,1.9519640025171627
213.7787056367432,1.9715245152493488
214.00208986415882,1.9842284688428318
214.22594142259413,1.9903803830509752
214.4502617801047,1.9919614660920493
214.67505241090146,1.9916452330027286
214.900314795383,1.9920050408498564
215.12605042016807,1.9944404138939664
215.35226077812828,1.9990029954134894
215.57894736842104,2.005819897083185
215.80611169652263,2.015665727014011
216.03375527426158,2.0284889477092483
216.26187961985215,2.042500620703618
216.49048625792813,2.0560936823218854
216.7195767195767,2.069809880446585
216.9491525423729,2.0845470924202103
217.17921527041358,2.0993968836781614
217.40976645435242,2.1135466006588333
217.64080765143464,2.128058700570024
217.87234042553192,2.1438123780925986
218.10436634717786,2.160041855655633
218.33688699360337,2.176153388427655
218.5699039487727,2.1927689198620457
218.80341880341882,2.209896535521472
219.0374331550802,2.2263297352524365
219.27194860813702,2.2417143591950435
219.5069667738478,2.256488198620218
219.74248927038627,2.270034022362528
219.97851772287862,2.2816552143232025
220.21505376344086,2.2918132909232343
220.45209903121636,2.3012116200374244
220.68965517241378,2.3102690430914468
220.92772384034518,2.318728977658736
221.16630669546436,2.3262837485949093
221.4054054054054,2.334163978183975
221.64502164502164,2.342888756799358
221.88515709642468,2.351230387258158
222.12581344902384,2.3609706530171954
222.36699239956567,2.374785044335401
222.6086956521739,2.389092777300145
222.85092491838955,2.400939213436572
223.09368191721134,2.415963288770476
223.3369683751363,2.436147258297058
223.58078602620085,2.4540318045928657
223.82513661202185,2.469955534665948
224.07002188183807,2.4911187993902506
224.31544359255204,2.5120561175949705
224.56140350877192,2.5272387573645876
224.80790340285398,2.5460540206235147
225.05494505494505,2.5672911665422364
225.30253025302528,2.57932084778203
225.55066079295153,2.5917200682621333
225.79933847850054,2.611413397595525
226.0485651214128,2.620908077851622
226.29834254143645,2.6246293875791875
226.54867256637166,2.6418821579950955
226.79955703211516,2.653704598740419
227.0509977827051,2.6503905559061893
227.30299667036624,2.663970691985463
227.55555555555554,2.6853039009360207
227.80867630700777,2.682405231523135
228.06236080178175,2.691632330392011
228.31661092530658,2.7285152718796266
228.57142857142856,2.734984903431338
228.82681564245812,2.7324940337133747
229.082774049217,2.781263011470633
229.33930571108624,2.8104392352014553
229.59641255605382,2.790080031714024
229.8540965207632,2.8299238382867085
230.1123595505618,2.890994229699699
230.37120359955006,2.8605268367447745
230.6306306306306,2.8644589368810105
230.89064261555805,2.955686712348895
231.1512415349887,2.9388596698792018
231.41242937853107,2.882281852991727
231.67420814479635,2.9829113289383136
231.9365798414496,3.0229490538732406
232.19954648526078,2.9088060675609055
232.46311010215663,2.973606425461728
232.7272727272727,3.1076542755797845
232.9920364050057,2.9776481251713247
233.25740318906605,2.9439660959905978
233.52337514253134,3.1702945581884654
233.78995433789953,3.105127631461402
234.05714285714288,2.9211665862396257
234.32494279176203,3.173344720366977
234.59335624284074,3.274848724421195
234.8623853211009,2.947391740723577
235.13203214695753,3.093718987870196
235.4022988505747,3.4424735973514458
235.67318757192174,3.0841973942244376
235.9447004608295,2.9641693302920027
236.2168396770473,3.5477701734835945
236.48960739030022,3.3798851390719724
236.76300578034682,2.8735743982022406
237.03703703703707,3.504038495003503
237.3117033603708,3.78746272433365
237.58700696055683,2.9313024351265833
237.862950058072,3.2310991766933657
238.13953488372093,4.1226839603404395
238.41676367869616,3.2387373329733196
238.69463869463866,2.7924110532748543
238.97316219369893,4.151989494332405
239.25233644859816,3.8191232368618815
239.53216374269007,2.460395432748696
239.81264637002343,3.770032700941677
240.0937866354044,4.577706282950296
240.37558685446012,2.6090429577898178
240.65804935370153,3.065201397710725
240.94117647058823,5.261038196643087
241.2249705535924,3.5189096600224397
241.50943396226415,2.266106087570849
241.79456906729635,5.3244959614106335
242.080378250591,5.088803660045217
242.3668639053254,1.8746228922962491
242.65402843601896,4.296171108505546
242.94187425860022,6.658535788637821
243.23040380047507,2.577952579340474
243.51961950059456,2.532762500307264
243.80952380952382,7.388922076071257
244.1001191895113,4.653949784678899
244.39140811455846,1.077218022238336
244.68339307048984,6.769298115552946
244.97607655502392,7.830826219996929
245.2694610778443,1.1715425556643593
245.56354916067144,4.546108336890916
245.85834333733493,10.900021864013562
246.15384615384616,4.050032570080057
246.4500601684717,1.4340791516731557
246.7469879518072,11.325025286790396
247.04463208685164,9.410230892617893
247.34299516908212,0.1578289252519501
247.6420798065296,8.054410292599885
247.9418886198547,14.700424463987385
248.24242424242422,3.2221528810701914
248.54368932038832,3.253641972713515
248.8456865127582,17.213100342787296
249.14841849148416,10.981365011183561
249.45188794153472,0.1685024590435578
249.75609756097558,14.057850160925046
250.06105006105005,20.79934494384117
250.36674816625916,3.9714326088146144
250.6731946144431,5.454655941258867
250.98039215686276,23.800389660898965
251.2883435582822,15.354475578409817
251.5970515970516,0.7439802440140446
251.90651906519062,15.521970701025085
252.21674876847288,24.035991260060804
252.52774352651045,6.0293198160929125
252.8395061728395,4.585535497723862
253.15203955500616,22.7507517509997
253.46534653465346,17.133712100046345
253.7794299876084,0.7013674764704869
254.09429280397023,10.732407955182033
254.40993788819875,22.628092244005284
254.726368159204,9.41099094170872
255.04358655043586,0.20903596340564948
255.36159600997507,11.826369885809338
255.6803995006242,16.769574968119418
255.99999999999997,5.26191777276062
256.3204005006258,0.8159266853462416
256.64160401002505,8.901304218498092
256.9636135508155,11.3060817715989
257.286432160804,4.0699153669191155
257.61006289308176,0.9228813372283201
257.9345088161209,7.054909830523001
258.2597730138714,11.071941916826512
258.5858585858586,5.565712460417582
258.91276864728195,1.4601748026904149
259.24050632911394,7.485854345498379
259.5690747782003,12.372050668078575
259.8984771573604,7.042053937109082
260.22871664548916,1.8529463369177777
260.55979643765903,5.435013212955825
260.89171974522293,9.926425791354179
261.2244897959184,7.018943217774822
261.5581098339719,2.313782227057727
261.89258312020456,3.0871816026952232
262.2279129321382,6.570927828673618
262.56410256410254,6.81416776510628
262.9011553273428,3.9495517280326
263.2390745501285,3.164020294358766
263.5778635778636,6.527374683724627
263.91752577319585,9.46092329055635
264.258064516129,7.888962650937955
264.59948320413434,5.099701686593436
264.9417852522639,5.373828081354337
265.2849740932642,6.954007304032813
265.6290531776913,6.632165502414242
265.974025974026,4.577030598283869
266.3198959687906,3.447140197147652
266.66666666666663,4.419449319875071
267.01434159061273,5.706308556219825
267.3629242819843,5.4672465502219705
267.7124183006536,4.558251023214588
268.0628272251309,4.924263642827033
268.41415465268676,6.674925645442644
268.76640419947506,8.234177250726042
269.119579500657,8.401592352383448
269.47368421052636,7.380816804817645
269.82872200263506,6.381305283675983
270.1846965699208,6.004882486041471
270.5416116248349,5.827089026896278
270.8994708994709,5.329648902332058
271.25827814569533,4.6750192171403135
271.6180371352785,4.4475538177689655
271.97875166002655,4.836308682140904
272.3404255319149,5.436989016284925
272.70306258322233,5.8932563014489245
273.06666666666666,6.276676154657679
273.4312416555407,6.817624556217257
273.7967914438503,7.560230251639646
274.1633199464525,8.241938907813179
274.5308310991957,8.392495910608819
274.8993288590604,7.807462165802884
275.26881720430106,6.870665262796581
275.6393001345895,6.056134800790688
276.010781671159,5.480886102169921
276.3832658569501,5.106056646475408
276.7567567567567,4.932039531193996
277.1312584573748,4.9737872352117245
277.50677506775065,5.3003841400532234
277.88331071913166,5.960819883238922
278.2608695652174,6.814741921871036
278.6394557823129,7.648955848042069
279.01907356948226,8.332494419027693
279.39972714870396,8.722448470607004
279.78142076502735,8.700846849745798
280.1641586867305,8.302620967395445
280.54794520547944,7.619130700672118
280.93278463648835,6.767095964056268
281.31868131868134,5.9454142456401025
281.70563961485556,5.328043346245497
282.0936639118457,5.01928689315864
282.48275862068965,5.115850345599674
282.8729281767956,5.6238506223110685
283.2641770401106,6.414840070611783
283.6565096952908,7.350776109499945
284.0499306518724,8.275624096246084
284.44444444444446,8.971156950346725
284.84005563282335,9.29221200622405
285.2367688022284,9.196361218365734
285.63458856345886,8.673731981564405
286.0335195530726,7.8262692621295695
286.43356643356645,6.875050665138963
286.8347338935574,6.0158792407853365
287.23702664796633,5.405324199012355
287.6404494382022,5.19578338902116
288.0450070323488,5.442440394484424
288.4507042253521,6.084931532039036
288.85754583921016,7.019869666606734
289.2655367231638,8.067969184270636
289.6746817538897,8.98264940433035
290.08498583569406,9.57137714352468
290.49645390070924,9.723530243742122
290.9090909090909,9.396423160080264
291.32290184921766,8.669314998478814
291.73789173789174,7.726173961700132
292.15406562054204,6.764325354054936
292.57142857142856,5.9746682443601316
292.9899856938483,5.533945879121866
293.4097421203438,5.542372347591519
293.83070301291247,6.003946670464322
294.2528735632184,6.839594456700943
294.67625899280574,7.875232879632883
295.1008645533141,8.869051252474263
295.52669552669556,9.588639058572527
295.9537572254335,9.871428136498974
296.3820549927641,9.659113699605548
296.81159420289856,9.014680267846071
297.2423802612482,8.09913382123706
297.6744186046512,7.117402772094419
298.1077147016012,6.275170803252365
298.54227405247815,5.7505707766776295
298.978102189781,5.666009072857279
299.41520467836256,6.0589870806841875
299.8535871156662,6.862933595558923
300.2932551319648,7.909925655851688
300.73421439060206,8.954119106244507
301.17647058823525,9.731173291423406
301.620029455081,10.045186549003393
302.06489675516224,9.82523675509133
302.5110782865583,9.135612953450403
302.95857988165676,8.154437201005159
303.4074074074074,7.116694572315244
303.85756676557867,6.247117650099373
304.30906389301634,5.724239462683714
304.7619047619047,5.664738549887208
305.2160953800298,6.100462975531159
305.6716417910448,6.962427163301408
306.1285500747384,8.08118847105121
306.58682634730536,9.200852957810715
307.0464767616192,10.033871597873675
307.5075075075075,10.353566656576936
307.96992481203006,10.069883283724005
308.433734939759,9.25715796110276
308.8989441930618,8.131523675923663
309.3655589123867,6.977866351877462
309.83358547655064,6.05752556967905
310.3030303030303,5.549150919612447
310.7738998482549,5.532772838630427
311.2462006079027,5.994811735106809
311.7199391171994,6.841860658281814
312.1951219512195,7.913196875277965
312.67175572519085,8.990177117819034
313.1498470948012,9.824737866085073
313.6294027565084,10.20437667223877
314.11042944785277,10.029176909239242
314.5929339477727,9.357994178991698
315.0769230769231,8.401567975990762
315.5624036979969,7.451995375350934
316.04938271604937,6.769764388422327
316.53786707882534,6.492644625704619
317.0278637770898,6.60726688863968
317.5193798449612,6.981608992966697
318.0124223602484,7.4388865139821885
318.50699844479004,7.829813268199368
319.0031152647975,8.063410446257365
319.5007800312012,8.101558933581142
320.0,7.947515062856198
320.5007824726134,7.644176589088766
321.0031347962382,7.284348159545715
321.5070643642072,7.01935490399017
322.0125786163522,7.0307071826081735
322.5196850393701,7.455191080873061
323.02839116719235,8.30213540843443
323.5387045813586,9.407883897013365
324.0506329113924,10.462063180621607
324.56418383518223,11.116069511730101
325.07936507936506,11.124513703998137
325.59618441971384,10.44343026509854
326.11464968152865,9.24369357592297
326.63476874003186,7.836086106872012
327.15654952076676,6.54475941670503
327.68,5.599564132963035
328.2051282051282,5.093303716283083
328.7319422150882,5.002018766255594
329.2604501607717,5.2405766430520995
329.7906602254429,5.712744570497956
330.3225806451613,6.327500401858222
330.8562197092084,6.990254432679315
331.3915857605178,7.599129079326594
331.9286871961102,8.066394598068289
332.46753246753246,8.362367768474694
333.0081300813008,8.558353126796332
333.5504885993485,8.83091182154668
334.094616639478,9.40340440463988
334.640522875817,10.440895729062067
335.18821603927984,11.943643412598881
335.73770491803276,13.693765116601961
336.28899835796386,15.297938135980639
336.8421052631579,16.325164509181484
337.3970345963756,16.488181543512805
337.95379537953795,15.789493573285148
338.51239669421483,14.554221718314711
339.07284768211923,13.313074501128105
339.63515754560524,12.5717708542355
340.19933554817277,12.56608212462242
340.765391014975,13.12369423475022
341.3333333333333,13.721717895070487
341.9031719532554,13.738008274384645
342.4749163879599,12.784427802524757
343.04857621440533,10.945692369421431
343.6241610738255,8.772909697683511
344.2016806722689,7.004101865059969
344.7811447811448,6.1510602413009305
345.362563237774,6.196219522420057
345.94594594594594,6.600941224923783
346.5313028764805,6.643554563783084
347.11864406779665,5.884753580993694
347.70797962648555,4.453217176204788
348.29931972789115,2.951075771486482
348.8926746166951,2.035341603667985
349.4880546075085,1.9617978339608937
350.0854700854701,2.4153229415317132
350.6849315068493,2.7514417635507544
351.286449399657,2.4734213924926522
351.89003436426117,1.5940188010085081
352.4956970740103,0.616729236223539
353.10344827586204,0.15362368577464144
353.71329879101904,0.467255910921211
354.3252595155709,1.2782885077591541
354.93934142114387,1.9767741839447426
355.55555555555554,2.072715732883107
356.17391304347825,1.549000124719724
356.794425087108,0.8629334610068415
357.4171029668411,0.6081515669819324
358.04195804195797,1.0945784082785834
358.6690017513135,2.1496382589288405
359.29824561403507,3.2670877876212203
359.9297012302285,3.9759737350879014
360.5633802816901,4.156659772102256
361.1992945326279,4.092130622104403
361.8374558303887,4.2448842924106085
362.4778761061947,4.938357330693656
363.1205673758865,6.166745083551295
363.76554174067496,7.643025068119403
364.4128113879003,9.02366929903359
365.0623885918003,10.138364149345746
365.7142857142857,11.075240355392928
366.3685152057245,12.088720578305297
367.02508960573476,13.417571687577507
367.68402154398564,15.144144154542069
368.3453237410072,17.174970019448303
369.009009009009,19.334461343352892
369.67509025270755,21.491217066924786
370.3435804701627,23.63189823563992
371.0144927536232,25.848582820689185
371.68784029038113,28.26571026186515
372.3636363636364,30.964595536747307
373.0418943533697,33.94957712829575
373.7226277372263,37.167532123897686
374.4058500914077,40.556901879407555
375.09157509157507,44.09088048135743
375.77981651376143,47.79093315926239
376.47058823529414,51.708576775251714
377.1639042357274,55.8957661590196
377.8597785977859,60.38360831609457
378.5582255083179,65.17970803731393
379.25925925925924,70.27957581903404
379.96289424860856,75.68218182631185
380.6691449814126,81.40068918836606
381.37802607076355,87.46162171574183
382.089552238806,93.8979193572887
382.803738317757,100.74039681635628
383.5205992509363,108.01190940048966
384.24015009380867,115.72637387167492
384.96240601503763,123.89188269307938
385.6873822975518,132.51592259435566
386.4150943396226,141.60588389106647
387.14555765595463,151.16736385822995
387.8787878787879,161.20239253709096
388.6148007590133,171.7080792112686
389.35361216730035,182.67585303108578
390.09523809523813,194.08966463773808
390.8396946564886,205.92746906276187
391.5869980879541,218.1625868189482
392.3371647509578,230.763574315534
393.0902111324376,243.6937281610007
393.84615384615387,256.9095372025571
394.6050096339113,270.36194581498023
395.3667953667953,283.99754038751666
396.1315280464217,297.7592473809177
396.8992248062015,311.58602528506174
397.6699029126213,325.4128292928887
398.4435797665369,339.17391195660684
399.22027290448347,352.8029521167326
400.0,366.2335488217616
400.7827788649706,379.40084754910913
401.56862745098044,392.2407641671843
402.35756385068765,404.69183484649136
403.1496062992126,416.6970313258358
403.9447731755424,428.20408789377035
404.7430830039526,439.1636863910018
405.54455445544556,449.53013065786456
406.3492063492063,459.2660208050237
407.1570576540755,468.33941560861365
407.9681274900399,476.7217900755655
408.7824351297405,484.39105265318676
409.59999999999997,491.3323167278186
410.4208416833667,497.5375089550548
411.24497991967877,503.0024196348815
412.07243460764585,507.7284609327335
412.9032258064516,511.72365470207353
413.7373737373737,514.9987556315378
414.57489878542515,517.5689513370571
415.4158215010142,519.4542220562348
416.260162601626,520.6790731272374
417.10794297352334,521.270171842445
417.9591836734694,521.2556201551382
418.81390593047036,520.6706550512805
419.67213114754094,519.5514459445518
420.53388090349074,517.9337502944414
421.3991769547325,515.8589083469072
422.2680412371134,513.3674217169377
423.1404958677686,510.49784526217667
424.0165631469979,507.28990809839183
424.896265560166,503.78364095693036
425.77962577962575,500.0139907757488
426.6666666666667,496.00906291969693
427.5574112734864,491.7982581472422
428.45188284518827,487.4110413652517
429.3501048218029,482.87882042252596
430.25210084033614,478.2322982601698
431.1578947368421,473.49212669536735
432.06751054852316,468.6832704965302
432.98097251585625,463.834152046422
433.8983050847458,458.96753292604535
434.81953290870484,454.10735295086874
435.74468085106383,449.2744014130201
436.67377398720674,444.4919815244149
437.60683760683764,439.7810813775499
438.54389721627405,435.1499326815131
439.48497854077254,430.61500896793154
440.4301075268817,426.1959296614278
441.37931034482756,421.8970888139521
442.3326133909287,417.7185507939585
443.2900432900433,413.66594007325386
444.2516268980477,409.7513519531632
445.2173913043478,405.9847121368449
446.1873638344227,402.3665605918552
447.1615720524017,398.89937778585306
448.14004376367615,395.60104197484196
449.12280701754383,392.4833670518043
450.1098901098901,389.53583141027417
451.10132158590307,386.76639194385785
452.0971302428256,384.1946380807035
453.0973451327433,381.81762699986166
454.1019955654102,379.6361302108394
455.1111111111111,377.6501017930821
456.1247216035635,375.87199760408106
457.1428571428571,374.33005782739406
458.165548098434,373.0018618363808
459.19282511210764,371.8817710142248
460.2247191011236,371.01563679687416
461.2612612612612,370.39547032086256
462.3024830699774,370.00525605188665
463.3484162895927,369.854839285959
464.39909297052156,369.94845142709636
465.4545454545454,370.32263538657975
466.5148063781321,370.95979310967533
467.57990867579906,371.82237794898145
468.64988558352405,372.98689531832713
469.7247706422018,374.47171978862826
470.8045977011494,376.22179033545126
471.889400921659,378.2687527871252
472.97921478060044,380.6373356581243
474.07407407407413,383.35473513509623
475.17401392111367,386.4262395192818
476.27906976744185,389.7743845401159
477.3892773892773,393.48494560477235
478.5046728971963,397.6446328883825
479.62529274004686,402.12322637500193
480.75117370892025,406.93904489611384
481.88235294117646,412.18669491787523
483.0188679245283,417.85300424213193
484.160756501182,423.96366401377895
485.3080568720379,430.4297931638387
486.46080760095015,437.30228369550736
487.61904761904765,444.80380738891347
488.7828162291169,452.73928563157136
489.95215311004785,461.03362940154403
491.1270983213429,469.96063872436326
492.3076923076923,479.4611327365878
493.4939759036144,489.5081118024405
494.68599033816423,500.08866503360133
495.8837772397094,511.1440352341698
497.08737864077665,523.0515758638558
498.29683698296833,535.6094617543389
499.51219512195115,548.4559574768379
500.7334963325183,562.1731934590624
501.9607843137255,576.7122741004085
503.1941031941032,591.7663245358386
504.43349753694577,607.5644284330607
505.679012345679,623.9022183223848
506.9306930693069,641.2453682851708
508.18858560794047,659.5849246225686
509.452736318408,677.9845861167606
510.72319201995015,697.4720202198221
511.99999999999994,718.2688663860071
513.2832080200501,739.3197603812757
514.572864321608,761.320094807451
515.8690176322418,784.0462378877475
517.1717171717172,807.7186507930257
518.4810126582279,832.8594982216706
519.7969543147208,857.6073901240085
521.1195928753181,883.3841830013577
522.4489795918367,911.2750401847474
523.7851662404091,938.6636236234694
525.1282051282051,966.8370423007991
526.478149100257,996.1755662120878
527.8350515463917,1025.8520668999427
529.1989664082687,1057.3055724761457
530.5699481865284,1087.7176780219784
531.948051948052,1118.4124405994098
533.3333333333333,1152.3975658583881
534.7258485639686,1184.5022502107977
536.1256544502618,1216.2431245607113
537.5328083989501,1250.2112691017703
538.9473684210527,1283.129709225865
540.3693931398416,1317.2862945725306
541.7989417989418,1349.9222233037128
543.236074270557,1380.9660982701419
544.6808510638298,1416.581712395574
546.1333333333333,1448.5304846904085
547.5935828877006,1477.105097622723
549.0616621983914,1510.0848930191228
550.5376344086021,1540.0374436132784
552.021563342318,1568.5769640031297
553.5135135135134,1596.3118426186613
555.0135501355013,1619.6433690048498
556.5217391304348,1648.0441409809432
558.0381471389645,1671.7206668852732
559.5628415300547,1686.7525107559195
561.0958904109589,1709.8174735303503
562.6373626373627,1728.5810096647672
564.1873278236914,1739.599942804063
565.7458563535912,1753.3761106698423
567.3130193905816,1760.826488587293
568.8888888888889,1770.9627776380078
570.4735376044569,1778.3199637038508
572.0670391061452,1771.1365482897668
573.6694677871149,1776.073848811345
575.2808988764044,1778.9161628757906
576.9014084507043,1763.6371570665024
578.5310734463276,1758.6411007980907
580.1699716713881,1750.5463161630623
581.8181818181818,1736.5174478849783
583.4757834757835,1726.8225434997792
585.1428571428571,1701.641694262572
586.8194842406876,1688.548372753248
588.5057471264367,1681.3934338418135
590.2017291066282,1645.419349273111
591.907514450867,1628.178898084624
593.6231884057971,1620.5846994517892
595.3488372093024,1589.7460978276474
597.0845481049563,1573.6640617946648
598.8304093567251,1554.8960075087666
600.5865102639297,1535.1834287197391
602.3529411764705,1532.219163380808
604.1297935103245,1500.4003275108
605.9171597633135,1485.9012278066828
607.7151335311573,1500.2902035725904
609.5238095238094,1470.7622014355868
611.3432835820896,1459.859207638638
613.1736526946107,1476.5715818439378
615.015015015015,1460.191913740437
616.867469879518,1462.107246785611
618.7311178247734,1461.6293825080063
620.6060606060606,1453.5900570361616
622.4924012158054,1483.184221107395
624.390243902439,1467.514478763034
626.2996941896024,1454.9209999204447
628.2208588957055,1502.6147855214062
630.1538461538462,1482.152929543084
632.0987654320987,1460.7408024142865
634.0557275541796,1494.5561299268522
636.0248447204968,1477.1672649883294
638.006230529595,1475.0379277339541
640.0,1480.2215033107295
642.0062695924764,1454.7909138021168
644.0251572327044,1486.2908824463238
646.0567823343847,1461.9570547506946
648.1012658227849,1404.509901227262
650.1587301587301,1452.961675466176
652.2292993630573,1429.9952678109223
654.3130990415335,1372.232424378855
656.4102564102564,1423.1454204864008
658.5209003215434,1415.6626192809128
660.6451612903226,1390.2498753201048
662.7831715210356,1408.2062358190365
664.9350649350649,1371.6695850830392
667.100977198697,1394.3224705471366
669.281045751634,1405.900187135056
671.4754098360655,1348.629745329132
673.6842105263158,1442.3266983796714
675.9075907590759,1488.644385744849
678.1456953642385,1399.8559675581837
680.3986710963455,1465.587308143579
682.6666666666666,1481.268254011737
684.9498327759198,1382.1288942046046
687.248322147651,1417.7612787748244
689.5622895622896,1430.256274532649
691.8918918918919,1450.254761562337
694.2372881355933,1518.06025164253
696.5986394557823,1439.8086834538688
698.976109215017,1437.7484145847973
701.3698630136986,1406.8229408676457
703.7800687285223,1149.0905314238748
706.2068965517241,1127.2434919087925
708.6505190311418,1236.9692290918235
711.1111111111111,1155.67405412371
713.588850174216,1265.5976888735136
716.0839160839159,1455.4292068451155
718.5964912280701,1378.213702925823
721.1267605633802,1369.2486538359778
723.6749116607774,1351.8062451175956
726.241134751773,1242.7724652887107
728.8256227758006,1331.6735828840565
731.4285714285714,1279.3481447437387
734.0501792114695,1397.4101914072687
736.6906474820144,1846.20625504328
739.3501805054151,1750.103496648663
742.0289855072464,1508.4991808163445
744.7272727272727,1570.865700591832
747.4452554744526,1267.8946756683943
750.1831501831501,1210.972860036229
752.9411764705883,1803.3107453202406
755.7195571955718,1889.7180908752723
758.5185185185185,1696.328665729008
761.3382899628252,1556.2052585164615
764.179104477612,1110.7032888841322
767.0411985018726,636.8719063977416
769.9248120300753,481.39797693446457
772.8301886792452,1438.7467514953341
775.7575757575758,765.3925049805265
778.7072243346007,5045.815762465604
781.6793893129772,6957.2687061850675
784.6743295019156,3295.771879039157
787.6923076923077,1542.1562419243085
790.7335907335906,1195.3598708466643
793.798449612403,905.3800553120693
796.8871595330738,818.3695823225033
800.0,976.2533859477707
803.1372549019609,1143.6276491455644
806.2992125984252,1055.8997260491321
809.4861660079052,916.7519474963126
812.6984126984127,1843.7077747714563
815.9362549800798,3459.8450183755076
819.1999999999999,1840.8422124074123
822.4899598393575,2823.4224767557116
825.8064516129032,3775.2229148874267
829.1497975708503,2488.3257053385883
832.520325203252,1784.1100777198983
835.9183673469388,1181.7232892987993
839.3442622950819,770.1321617873256
842.798353909465,631.3944958127171
846.2809917355372,1107.9915944554198
849.792531120332,1388.9607993238799
853.3333333333334,1460.0517968761137
856.9037656903765,2008.3134548365038
860.5042016806723,2184.7813795994216
864.1350210970463,1863.6749932495943
867.7966101694916,1875.3235288986964
871.4893617021277,1780.1196979904341
875.2136752136753,1325.7413211756768
878.9699570815451,1169.8472109694983
882.7586206896551,1100.5264858605176
886.5800865800866,868.6501995453087
890.4347826086956,922.9212823120403
894.3231441048034,1246.9431127146577
898.2456140350877,1495.6081306062547
902.2026431718061,1794.3244595980939
906.1946902654867,2206.859975983795
910.2222222222222,2351.068891822279
914.2857142857142,2288.6184769763922
918.3856502242153,2257.545382081882
922.5225225225224,1992.193921005895
926.6968325791854,1565.8133976528718
930.9090909090908,1272.261789129104
935.1598173515981,976.1658002060016
939.4495412844036,699.5776570897563
943.778801843318,610.9130166747863
948.1481481481483,665.4797870311546
952.5581395348837,850.4169230874734
957.0093457943926,1159.9857386265662
961.5023474178405,1573.349595458937
966.0377358490566,2052.966793807683
970.6161137440758,2514.0624048254526
975.2380952380953,2963.1458066133555
979.9043062200957,3339.263984925913
984.6153846153846,3589.37845662477
989.3719806763285,3787.331352446386
994.1747572815533,3837.1668585873676
999.0243902439023,3734.860433673812
1003.921568627451,3636.272004466042
1008.8669950738915,3420.828555013637
1013.8613861386139,3082.451355101382
1018.905472636816,2815.0018629985425
1023.9999999999999,2506.956523650959
1029.145728643216,2119.79814345812
1034.3434343434344,1825.8522839074694
1039.5939086294416,1553.1403690165082
1044.8979591836735,1245.2196730196795
1050.2564102564102,1015.2259749416775
1055.6701030927834,829.0479527593185
1061.139896373057,638.14633320348
1066.6666666666665,495.99359584085744
1072.2513089005236,388.6539006889235
1077.8947368421054,289.7440347355303
1083.5978835978835,216.63817830138763
1089.3617021276596,161.3581611195621
1095.1871657754011,116.37578394837027
1101.0752688172042,85.02085526094197
1107.0270270270269,59.62590340528459
1113.0434782608695,41.215549203793856
1119.1256830601094,30.367790456745134
1125.2747252747254,20.14345088247697
1131.4917127071824,13.02015341976727
1137.7777777777778,10.026049878802615
1144.1340782122904,6.40063450138981
1150.5617977528088,3.6327306554961716
1157.0621468926552,2.9655423735951474
1163.6363636363635,1.8911947037234877
1170.2857142857142,0.8669336681497102
1177.0114942528735,0.7618432880227477
1183.815028901734,0.5391375347734397
1190.6976744186047,0.1968327881763148
1197.6608187134502,0.18156627364124353
1204.705882352941,0.16113400631116034
1211.834319526627,0.047272191312704465
1219.0476190476188,0.037993205946417696
1226.3473053892214,0.046537415246595014
1233.734939759036,0.009351462682505364
1241.2121212121212,0.006726115188754331
1248.780487804878,0.012577795493267133
1256.441717791411,0.0019662713492507315
1264.1975308641975,0.0042082410300144
1272.0496894409937,0.004360164958200273
1280.0,0.0008771182041039325
1288.0503144654087,0.003315130504689267
1296.2025316455697,0.0020338905240656997
1304.4585987261146,0.0009761601041231088
1312.8205128205127,0.0018132059831769537
1321.2903225806451,0.0005041673625603851
1329.8701298701299,0.001043177923890271
1338.562091503268,0.0014929101860681041
1347.3684210526317,4.518996678887058e-06
1356.291390728477,0.0007426390759420105
1365.3333333333333,0.0010949783203511084
1374.496644295302,0.00021457319308044437
1383.7837837837837,0.0008270430329035552
1393.1972789115646,0.0003180578216052953
1402.7397260273972,0.0002078588806700069
1412.4137931034481,0.0009067094392593984
1422.2222222222222,1.2092851161694944e-05
1432.1678321678319,0.00025919714217584084
1442.2535211267605,0.0004774497131737283
1452.482269503546,1.1409179613760992e-05
1462.857142857143,0.0005015373629612238
1473.3812949640287,0.00011071718061394309
1484.0579710144928,8.609290111424789e-06
1494.890510948905,0.00042053135605246315
1505.8823529411766,7.451043155616311e-05
1517.037037037037,0.0001342308471889643
1528.358208955224,0.0001496365295703856
1539.8496240601505,4.730737216073938e-05
1551.5151515151515,0.0002020476061862629
1563.3587786259543,9.897514522993656e-05
1575.3846153846155,1.8118730680784278e-05
1587.596899224806,9.150377795809637e-05
1600.0,0.00012365796349206274
1612.5984251968505,5.331161368087551e-05
1625.3968253968253,5.377984669552481e-05
1638.3999999999999,5.1885175632363324e-05
1651.6129032258063,3.406212069921721e-05
1665.040650406504,0.0001127019631492064
1678.6885245901638,5.529975475886123e-06
1692.5619834710744,1.0870480141198977e-05
1706.6666666666667,8.443494119017384e-05
1721.0084033613446,6.9507532668496495e-06
1735.5932203389832,6.295735167016686e-05
1750.4273504273506,1.2932177728889852e-05
1765.5172413793102,1.4201944709963323e-06
1780.8695652173913,7.875897633540656e-05
1796.4912280701753,2.8183276673060354e-06
1812.3893805309733,2.0222604768074426e-05
1828.5714285714284,2.364075387088189e-05
1845.0450450450448,1.3638098966675933e-05
1861.8181818181815,4.360328253900482e-05
1878.8990825688072,1.666459135630902e-06
1896.2962962962965,1.4195550978601828e-05
1914.0186915887853,2.1291341561430787e-05
1932.0754716981132,2.1588056216591848e-05
1950.4761904761906,1.9418394342348346e-05
1969.2307692307693,3.645485903006972e-08
1988.3495145631066,2.3705455035721303e-05
2007.843137254902,1.3876193409274028e-05
2027.7227722772277,1.7497559243700904e-05
2047.9999999999998,1.2178777936130803e-05
2068.686868686869,1.4029824885229884e-06
2089.795918367347,2.8810663652589186e-05
2111.340206185567,7.4376398838702735e-06
2133.333333333333,1.0565854427989806e-05
2155.789473684211,1.4537594748400009e-05
2178.723404255319,4.93973045765517e-06
2202.1505376344085,2.5061823023244306e-05
2226.086956521739,4.4290132704231585e-06
2250.5494505494507,8.724684053918344e-06
2275.5555555555557,1.753257471071904e-05
2301.1235955056177,6.780766111648991e-06
2327.272727272727,1.8037577004666103e-05
2354.022988505747,4.619310750027563e-06
2381.3953488372094,1.0572771585183598e-05
2409.411764705882,1.6610369908646393e-05
2438.0952380952376,5.879908978068102e-06
2467.469879518072,1.3888356411499108e-05
2497.560975609756,6.626651428379176e-06
2528.395061728395,1.1935464962914953e-05
2560.0,1.3920485107256593e-05
2592.4050632911394,4.856501817299264e-06
2625.6410256410254,1.3117923716782939e-05
2659.7402597402597,8.449707797698791e-06
2694.7368421052633,1.0600795793386529e-05
2730.6666666666665,1.1668722764574272e-05
2767.5675675675675,5.347738793266881e-06
2805.4794520547944,1.3049382654207804e-05
2844.4444444444443,9.354108568633146e-06
2884.507042253521,8.77202778788927e-06
2925.714285714286,1.1450851665401733e-05
2968.1159420289855,7.35199216735697e-06
3011.764705882353,1.2129837935694218e-05
3056.716417910448,9.895661520674521e-06
3103.030303030303,8.102269667846978e-06
3150.769230769231,1.1542805136460592e-05
3200.0,9.116613773162407e-06
3250.7936507936506,1.036699998748834e-05
3303.2258064516127,1.025816777285389e-05
3357.3770491803275,9.197598359584342e-06
3413.3333333333335,1.1147069809295953e-05
3471.1864406779664,1.0252531656493296e-05
3531.0344827586205,1.0104176024588387e-05
3592.9824561403507,1.075378934502014e-05
3657.142857142857,1.0689656875242409e-05
3723.636363636363,1.0763840325790853e-05
3792.592592592593,1.0704139179715864e-05
3864.1509433962265,1.1107207127507646e-05
3938.4615384615386,1.0971021026553073e-05
4015.686274509804,1.065295741794393e-05
4095.9999999999995,1.093056712056195e-05
4179.591836734694,1.1518403641868069e-05
4266.666666666666,1.0101631821835048e-05
4357.446808510638,5.774535874028021e-06
4452.173913043478,2.2520511957254156e-06
4551.111111111111,6.333189053612452e-07
4654.545454545454,1.5192978333148705e-07
4762.790697674419,5.773447742256691e-08
4876.190476190475,2.4931994144807276e-08
4995.121951219512,8.47375434643111e-09
5120.0,3.2375988024954564e-09
5251.282051282051,1.8527810583563723e-09
5389.473684210527,8.079357373058663e-10
5535.135135135135,2.6195794820071597e-10
5688.888888888889,1.0850257822943225e-10
5851.428571428572,5.2357928606382875e-11
6023.529411764706,1.6678642555065403e-11
6206.060606060606,2.470394062833185e-12
6400.0,6.802945990037514e-13
6606.451612903225,2.837912536668701e-13
6826.666666666667,5.644565191746826e-14
7062.068965517241,7.484833372816419e-15
7314.285714285714,7.753024528426958e-15
7585.185185185186,5.077687998658097e-15
7876.923076923077,1.806652168964806e-15
