"Wavelength, nm",Intensity
136.44237175216523,9.026750705955987e-27
136.53333333333333,1.0320150217724131e-26
136.62441627751835,1.6078053212091626e-26
136.71562082777035,1.5466337346372196e-26
136.80694722778892,1.9858119870178027e-26
136.89839572192514,2.781585778949069e-26
136.98996655518394,2.4351909803477612e-26
137.08165997322624,3.480982300864017e-26
137.17347622237108,5.820529903582119e-25
137.26541554959786,7.604119901532713e-24
137.35747820254863,1.024797966524332e-22
137.4496644295302,8.286541212245325e-22
137.54197447951645,4.481246144087404e-21
137.63440860215053,1.9303646175971924e-20
137.72696704774717,6.914669961632632e-20
137.81965006729476,2.1138467448750125e-19
137.9124579124579,5.561490377206922e-19
138.0053908355795,1.1867883668524056e-18
138.09844908968307,2.106418444163754e-18
138.19163292847506,3.683271371761343e-18
138.28494260634707,6.293066439849288e-18
138.37837837837836,7.98564882473634e-18
138.47194050033806,5.346803349376793e-18
138.5656292286874,2.990691387718123e-19
138.65944482058225,7.899130171200143e-18
138.75338753387533,6.413541703384035e-17
138.84745762711862,2.2458956103126893e-16
138.94165535956583,5.406856315441752e-16
139.03598099117448,1.051484795538872e-15
139.1304347826087,1.8057261377543384e-15
139.22501699524133,2.9501853895100385e-15
139.31972789115645,4.84880752435428e-15
139.4145677331518,8.030592628110742e-15
139.50953678474113,1.358541156516413e-14
139.60463531015677,2.445198305442704e-14
139.69986357435198,4.6459484301216524e-14
139.79522184300342,8.908490175369319e-14
139.89071038251367,1.659707460997637e-13
139.98632946001365,2.9367479548945954e-13
140.08207934336525,4.912311377306821e-13
140.17796030116358,7.820876631780502e-13
140.27397260273972,1.19426600210555e-12
140.37011651816314,1.7630394766693293e-12
140.46639231824417,2.5366616040524943e-12
140.56280027453673,3.578437506501728e-12
140.65934065934067,4.9939542610866535e-12
140.75601374570448,6.98892257715119e-12
140.85281980742778,9.881716384583314e-12
140.949759119064,1.4107132178988797e-11
141.04683195592284,2.0307711434454893e-11
141.14403859407307,2.932924191310176e-11
141.24137931034483,4.2097684592127344e-11
141.33885438233264,5.9809847188907e-11
141.4364640883978,8.424587297133717e-11
141.53420870767104,1.1764144727376386e-10
141.6320885200553,1.6274656991105436e-10
141.73010380622836,2.2349529478793422e-10
141.8282548476454,3.0525480579448786e-10
141.92654192654192,4.148746563740774e-10
142.0249653259362,5.617254769213687e-10
142.1235253296322,7.58120498256162e-10
142.22222222222223,1.0181320582747204e-09
142.32105628908963,1.3585726379493564e-09
142.42002781641168,1.8022217712582127e-09
142.51913709116212,2.377832271190601e-09
142.6183844011142,3.1202481522074163e-09
142.7177700348432,4.076360898429181e-09
142.81729428172943,5.3087825181591745e-09
142.91695743196092,6.8947554193585936e-09
143.0167597765363,8.930971440485746e-09
143.11670160726763,1.1541001694862978e-08
143.21678321678323,1.4877789004661333e-08
143.31700489853043,1.912824117268888e-08
143.4173669467787,2.4521636913409324e-08
143.5178696566223,3.1338761193078004e-08
143.61851332398317,3.992439932596134e-08
143.71929824561403,5.069912123050922e-08
143.8202247191011,6.41723237443988e-08
143.92129304286718,8.097139412521563e-08
144.0225035161744,1.0187140662537682e-07
144.12385643912737,1.2780074387784492e-07
144.22535211267606,1.5987734997665042e-07
144.32699083861874,1.994942544076189e-07
144.42877291960508,2.483272372848749e-07
144.530698659139,3.0833127778527893e-07
144.6327683615819,3.8192280459604684e-07
144.73498233215545,4.72045961535598e-07
144.83734087694484,5.820120205678705e-07
144.9398443029016,7.158087302692452e-07
145.04249291784703,8.784991160568084e-07
145.14528703047483,1.0756966023478033e-06
145.24822695035462,1.3137355401345994e-06
145.35131298793468,1.6011612627881401e-06
145.45454545454544,1.9479386710385546e-06
145.55792466240226,2.364255446248403e-06
145.66145092460883,2.8641398773103283e-06
145.76512455516016,3.4658841866646724e-06
145.86894586894587,4.186534842757423e-06
145.9729151817534,5.047511904288768e-06
146.07703281027102,6.081300865008414e-06
146.18129907209135,7.317738408875334e-06
146.28571428571428,8.787368219743788e-06
146.39027877055037,1.054668553974221e-05
146.49499284692416,1.2655314281986222e-05
146.59985683607732,1.5158521142200269e-05
146.7048710601719,1.8148458892367342e-05
146.8100358422939,2.174667968277472e-05
146.91535150645623,2.6021342686514575e-05
147.0208183776023,3.111091837389114e-05
147.1264367816092,3.729665368420025e-05
147.23220704529115,4.471594368546815e-05
147.33812949640287,5.339921157770729e-05
147.4442044636429,6.375826521167126e-05
147.55043227665706,7.629367075612272e-05
147.6568132660418,9.091824382862474e-05
147.76334776334778,0.00010772563652112017
147.87003610108303,0.00012798940388307714
147.97687861271675,0.0001529486041254521
148.08387563268258,0.0001824192031122999
148.19102749638205,0.00021625181722336275
148.29833454018825,0.00025639517945643834
148.40579710144928,0.00030582756370031266
148.51341551849166,0.0003657750423531531
148.6211901306241,0.0004356877684733041
148.72912127814087,0.0005163439318833064
148.8372093023256,0.000610885639238955
148.94545454545454,0.0007218753319063807
149.0538573508006,0.0008502840778108932
149.16241806263656,0.0009982539733040976
149.27113702623907,0.0011691325854623587
149.38001458789202,0.0013648102030780602
149.4890510948905,0.0015873944330237486
149.59824689554418,0.0018425805329723866
149.70760233918128,0.002136681929880586
149.81711777615214,0.002471740820025113
149.9267935578331,0.0028473676221060624
150.03663003663004,0.003265412330381123
150.1466275659824,0.003729941333440195
150.25678650036684,0.004243392630581916
150.36710719530103,0.004802114744098548
150.47759000734754,0.005395908043508245
150.58823529411762,0.006018148595327857
150.69904341427517,0.0066764946901909485
150.8100147275405,0.007383570091880565
150.92114959469419,0.008143686580559509
151.03244837758112,0.008969726116174529
151.1439114391144,0.009896395390431554
151.25553914327915,0.010933435246788033
151.3673318551367,0.012013493950318987
151.47928994082838,0.013021932205224936
151.59141376757958,0.013860047126148202
151.7037037037037,0.014458792129681715
151.81616011860638,0.014786311305569287
151.92878338278933,0.01489840300364992
152.04157386785448,0.014974968504813281
152.15453194650817,0.015289358776964228
152.26765799256503,0.016109193496823895
152.38095238095235,0.017551367501667504
152.4944154877141,0.019479650537383143
152.6080476900149,0.021513831818642932
152.72184936614468,0.0230818508420517
152.8358208955224,0.02349760730389809
152.9499626587005,0.02220061223590211
153.0642750373692,0.0191175387263338
153.1787584143605,0.014851445152677821
153.29341317365268,0.010577999214925457
153.40823970037454,0.0077688330592375855
153.5232383808096,0.007775859510721738
153.6384096024006,0.011318984010773157
153.75375375375376,0.01809841895053623
153.86927122464311,0.026696323765221963
153.98496240601503,0.03482843832721718
154.10082768999246,0.039981578389324514
154.2168674698795,0.04024548026922237
154.33308214016577,0.03502731093316642
154.4494720965309,0.02546802537102368
154.56603773584905,0.014356755868215497
154.68277945619334,0.0054667185900488255
154.79969765684052,0.002546008927605375
154.91679273827532,0.008148720668807279
155.0340651021953,0.022584210587854384
155.15151515151516,0.04348185193443347
155.2691432903715,0.06608342162702296
155.38694992412746,0.08425575317297135
155.50493545937738,0.09237978768315792
155.62310030395136,0.08747301112528201
155.74144486692012,0.07047346347358295
155.8599695585997,0.046360344962945055
155.97867479055597,0.022931199923901104
156.09756097560975,0.008129167642151349
156.21662852784135,0.006920901766066223
156.33587786259542,0.01921171696412651
156.45530939648586,0.03969319751364102
156.5749235474006,0.0598844138485338
156.69472073450652,0.07172061747144197
156.8147013782542,0.07105762632331052
156.93486590038313,0.05931843907856122
157.05521472392638,0.0424578188475153
157.17574827321565,0.027888023684457423
157.29646697388634,0.020913059181726503
157.4173712528824,0.022378480702716176
157.53846153846155,0.028891578072354606
157.65973826020013,0.03544777018796902
157.78120184899845,0.038542986932749844
157.9028527370856,0.037971368826702295
158.02469135802468,0.03662174815357472
158.14671814671814,0.03834980403350512
158.26893353941267,0.04522581742643934
158.39133797370457,0.05614593353762048
158.5139318885449,0.0675832377401041
158.63671572424477,0.07579542064871113
158.7596899224806,0.07907346663056809
158.88285492629947,0.07851457903470006
159.0062111801242,0.07699286501518068
159.12975912975912,0.07729464071298961
159.25349922239502,0.0805212290439488
159.37743190661476,0.08569368830430928
159.50155763239874,0.09081328527367928
159.62587685113016,0.0943924144183065
159.7503900156006,0.09635355811206225
159.87509758001562,0.09790694220603373
160.0,0.10051002383130637
160.12509773260362,0.10473936555341497
160.2503912363067,0.11000952318651236
160.37588097102582,0.11509621611824529
160.5015673981191,0.11899417247161927
160.62745098039213,0.1215796338123951
160.7535321821036,0.12344214437040524
160.87981146897093,0.12519538154913798
161.0062893081761,0.12713434146688574
161.13296616837135,0.12919788967534374
161.25984251968504,0.13099030000957884
161.38691883372735,0.13207794029862674
161.51419558359618,0.13239126988788824
161.64167324388316,0.1322620991873677
161.7693522906793,0.13204763704548772
161.89723320158103,0.13179843221994492
162.0253164556962,0.1313623048376294
162.15360253365006,0.1305655256507856
162.28209191759112,0.12917227777591742
162.41078509119745,0.1270419584201339
162.53968253968253,0.12430281109463173
162.66878474980143,0.1210475215539775
162.79809220985692,0.11714752283903833
162.92760540970565,0.11250726693501102
163.05732484076432,0.10714396114670381
163.18725099601593,0.10110461157583092
163.31738437001593,0.09450298884366125
163.44772545889865,0.0874755396794432
163.57827476038338,0.0801230716001672
163.709032773781,0.07257300385917582
163.84,0.06498357461984405
163.97117694155327,0.05749981361980672
164.1025641025641,0.05025560416076367
164.23416198877305,0.04336983226999609
164.3659711075441,0.03695021214077967
164.49799196787149,0.031110583058202693
164.63022508038586,0.025927954771165843
164.76267095736122,0.021392210384159893
164.89533011272144,0.0174676118929598
165.02820306204674,0.014166097316300365
165.16129032258064,0.011495880931404537
165.29459241323647,0.009411083987505982
165.4281098546042,0.007843373991866787
165.56184316895713,0.006714271490167128
165.6957928802589,0.005939399237346249
165.82995951417004,0.005460576643868158
165.9643435980551,0.005232454482425758
166.09894566098947,0.005183239400122355
166.23376623376623,0.0052369872624508824
166.36880584890332,0.005348262683959241
166.5040650406504,0.005489297016584993
166.63954434499593,0.005639062299024058
166.77524429967426,0.0057682795489670015
166.9111654441728,0.005835206825577667
167.047308319739,0.0058404383234281695
167.18367346938777,0.005809357921892465
167.3202614379085,0.005720568060981055
167.45707277187245,0.0055598291454547815
167.59410801963992,0.005356618776786984
167.7313677313677,0.0051203111260661
167.86885245901638,0.0048466681754380245
168.00656275635768,0.0045439257291493736
168.14449917898193,0.0042197476483237465
168.28266228430567,0.0038906056687695316
168.42105263157896,0.003568612617894111
168.559670781893,0.003251500852165554
168.6985172981878,0.002940915999567481
168.83759274525966,0.0026373361143835414
168.97689768976898,0.0023472890707420127
169.11643270024774,0.0020806020776611284
169.25619834710741,0.0018305455610566432
169.39619520264682,0.001600975680258206
169.53642384105962,0.0014003376627100268
169.67688483844242,0.0012140066820854444
169.81757877280262,0.0010434165804689088
169.95850622406635,0.0009008834860015133
170.09966777408638,0.0007721925101303725
170.24106400665005,0.0006521542677175798
170.3826955074875,0.0005503625916541964
170.52456286427974,0.0004626761675375292
170.66666666666666,0.00038872283213682454
170.8090075062552,0.0003288668211090299
170.9515859766277,0.0002731978014062488
171.09440267335003,0.0002238831321734234
171.23745819397996,0.00018583919176221562
171.3807531380753,0.00015296246142487965
171.52428810720266,0.00012536822227713414
171.66806370494552,0.0001039275532137623
171.81208053691276,8.366702492028877e-05
171.95633921074725,6.679130406284564e-05
172.10084033613444,5.5247558985633505e-05
172.24558452481077,4.464474977840778e-05
172.3905723905724,3.4960380475180086e-05
172.5358045492839,2.793781511356877e-05
172.681281618887,2.2226732910638724e-05
172.82700421940928,1.7704686419552937e-05
172.97297297297297,1.4411799301725283e-05
173.11918850380385,1.145975404096547e-05
173.26565143824024,8.918483926501842e-06
173.41236240474177,6.9234271593053965e-06
173.55932203389833,5.369633225605318e-06
173.70653095843934,4.184196529619462e-06
173.85398981324278,3.099786631430013e-06
174.0016992353441,2.3587013955657774e-06
174.14965986394557,2.090385209433569e-06
174.2978723404255,1.740849619680563e-06
174.44633730834755,1.3019116748681103e-06
174.59505541346974,1.0222600076457337e-06
174.74402730375425,7.250548648391395e-07
174.8932536293766,4.771552478268842e-07
175.04273504273505,3.799994702757089e-07
175.1924721984602,2.7903746197806e-07
175.34246575342465,1.9952710839258053e-07
175.49271636675235,1.55105104988854e-07
175.6432246998285,9.798424005186082e-08
175.79399141630904,9.175239989487668e-08
175.94501718213058,1.13089128804887e-07
176.0963026655202,6.796831315181389e-08
176.24784853700515,4.0885684136985885e-08
176.3996554694229,6.29958268315486e-08
176.55172413793102,6.385852303417163e-08
176.70405522001724,2.562769487497594e-08
176.85664939550952,1.5539664577440195e-08
177.00950734658602,1.152322470505786e-08
177.16262975778545,3.8693762612259905e-09
177.3160173160173,3.8407786694558456e-09
177.46967071057193,8.357171005028725e-09
177.62359063313096,2.2916083356488475e-08
177.77777777777777,3.6303073229229943e-08
177.93223284100782,1.7644781340244595e-08
178.08695652173913,5.231531973465389e-09
178.24194952132288,5.496364571708626e-09
178.397212543554,2.306593016140519e-09
178.55274629468178,1.8174041647463548e-09
178.70855148342056,5.0496807240927e-10
178.86462882096066,5.774379204579559e-10
179.02097902097898,1.6729702817977367e-09
179.17760279965006,6.447178156059122e-09
179.33450087565674,1.3434412652626702e-08
179.4916739702016,6.60996861776259e-09
179.64912280701753,5.703356722835485e-09
179.80684811237927,9.302587732129653e-10
179.96485061511424,4.985808658050404e-09
180.12313104661388,4.043010539372745e-09
180.28169014084506,3.4195661918334816e-09
180.44052863436124,5.5428718646674435e-09
180.59964726631395,1.7181781366508643e-09
180.75904677846424,7.744609595982632e-09
180.91872791519435,8.257784591691741e-09
181.07869142351902,3.0478397903651525e-09
181.23893805309734,3.3490847506741514e-09
181.39946855624444,1.5050772288545217e-09
181.56028368794324,5.415651653684073e-10
181.72138420585628,6.018565107503383e-10
181.88277087033748,3.288101698316927e-09
182.04444444444445,3.6360500694271047e-10
182.20640569395016,2.794641241010039e-09
182.3686553873553,1.5577783332461692e-09
182.53119429590015,6.579265686681639e-09
182.69402319357712,5.717392703904217e-10
182.85714285714286,4.826552117228541e-09
183.0205540661305,1.9427021043032336e-09
183.18425760286226,1.7438031398501687e-09
183.34825425246197,4.0475605021161586e-09
183.51254480286738,9.439046776697395e-10
183.67713004484304,6.002864954067455e-09
183.84201077199282,9.598015770329785e-09
184.00718778077265,7.828435588422096e-09
184.1726618705036,8.64774690096997e-09
184.33843384338437,2.1467875664347104e-09
184.5045045045045,4.7233840165393576e-09
184.67087466185754,2.328100370362175e-09
184.83754512635377,1.1032753506619416e-08
185.0045167118338,7.130802819416248e-10
185.17179023508135,4.6827328201283455e-09
185.33936651583707,1.3838891241879198e-09
185.5072463768116,1.230719703788759e-09
185.675430643699,4.343063978111972e-09
185.84392014519057,5.803132688363098e-10
186.01271571298818,2.1235694673007346e-09
186.1818181818182,1.2132671838916986e-09
186.3512283894449,3.309160002244172e-09
186.52094717668484,1.0488532006875386e-09
186.69097538742025,1.0620244446507884e-08
186.86131386861314,5.872076340997939e-09
187.03196347031962,7.953097503179484e-09
187.20292504570384,3.2452790780739024e-10
187.37419945105214,5.53205421460111e-09
187.54578754578753,1.0282366252662813e-09
187.71769019248396,1.0478901029539237e-08
187.88990825688072,2.528769812384814e-09
188.06244260789717,3.2949878492738535e-09
188.23529411764707,3.5961201798776295e-09
188.40846366145354,4.539280015088167e-09
188.5819521178637,4.495948013959295e-09
188.75576036866357,4.5311178331757656e-10
188.92988929889296,2.1229696174196543e-10
189.10433979686056,5.555094191543218e-10
189.27911275415894,1.1349487388935244e-09
189.45420906567992,1.5862748973037492e-09
189.62962962962962,6.736108501435803e-09
189.80537534754404,1.6466699826444966e-09
189.98144712430428,3.4086875396990518e-09
190.15784586815226,3.965524603231742e-09
190.3345724907063,9.146538059261311e-09
190.51162790697674,1.4451965368715063e-08
190.68901303538178,3.1831159876706277e-09
190.8667287977633,1.9761610723064566e-09
191.044776119403,6.965071503679709e-10
191.22315592903828,7.170338794262761e-10
191.4018691588785,3.527535293831794e-10
191.5809167446211,2.9895717346045634e-09
191.76029962546815,9.188046974084699e-09
191.94001874414244,3.0258985283823812e-09
192.12007504690433,1.801376055354446e-09
192.3004694835681,1.0536457088924991e-09
192.48120300751881,2.7782412843442265e-09
192.66227657572907,6.496760893100676e-09
192.8436911487759,2.6099916410582356e-09
193.02544769085767,3.1033180361939877e-09
193.2075471698113,9.971846312528153e-10
193.38999055712932,5.935284839950535e-09
193.57277882797732,5.6917367352558425e-09
193.75591296121098,1.5571301680636524e-09
193.93939393939394,1.270282719399349e-09
194.12322274881518,2.7284834556164885e-09
194.30740037950665,1.903951726075345e-09
194.49192782526114,4.207974638351796e-09
194.67680608365018,7.651809330121481e-10
194.86203615604185,4.5200677395121325e-09
195.04761904761907,6.538708521279101e-09
195.23355576739752,3.653625197649801e-09
195.4198473282443,3.2024768849140662e-09
195.6064947468959,2.0495293819223233e-09
195.79349904397705,4.315366627266025e-11
195.9808612440191,3.49763516124678e-09
196.1685823754789,6.112438698064259e-10
196.35666347075744,4.827415079811124e-09
196.5451055662188,3.675667534498591e-09
196.73390970220942,3.017861954849725e-10
196.92307692307693,2.175386213445881e-09
197.1126082771896,7.238548521111691e-10
197.30250481695566,2.0165875824467886e-09
197.4927675988428,8.218996821241176e-10
197.68339768339766,7.561776331406891e-09
197.8743961352657,4.925417192831988e-09
198.06576402321085,3.059559871467081e-10
198.25750242013552,1.9981026927900407e-09
198.44961240310076,1.9288781813703163e-09
198.64209505334625,4.7822720555013165e-11
198.83495145631065,4.43107867637383e-09
199.02818270165207,7.470698124823627e-09
199.22178988326846,2.1060994363075154e-09
199.4157740993184,4.973376446238887e-10
199.61013645224173,2.0673983529328776e-09
199.8048780487805,5.155720309391696e-09
200.0,1.4480337787038606e-08
200.19550342130987,8.134828400113416e-09
200.3913894324853,1.0700214167629187e-09
200.58765915768853,4.801441215740203e-11
200.78431372549022,7.304326102916266e-09
200.9813542688911,3.1081896067978613e-09
201.17878192534383,1.8463923012471354e-09
201.37659783677483,3.0071404257463793e-09
201.5748031496063,1.9553968208355608e-09
201.77339901477833,1.0568669222326184e-08
201.9723865877712,2.8392874986083125e-09
202.1717670286278,6.063280128386056e-11
202.3715415019763,4.112972905664426e-09
202.57171117705244,1.2260519754827126e-08
202.77227722772278,1.866104494310409e-09
202.97324083250743,3.373747317457416e-09
203.17460317460316,3.0735552587130404e-09
203.37636544190661,1.7577157346114895e-09
203.57852882703776,3.6660838545991964e-10
203.78109452736314,3.4574213924420506e-09
203.98406374501994,3.2728569223769673e-09
204.1874376869392,5.797424638194795e-10
204.39121756487026,9.085590764729308e-09
204.5954045954046,2.022175334917563e-09
204.79999999999998,4.095630923794347e-09
205.005005005005,3.4715452930587695e-09
205.21042084168334,2.318977280350676e-09
205.41624874623875,1.7428244233684625e-09
205.62248995983938,1.0939320097717935e-09
205.8291457286432,3.869968412383717e-09
206.03621730382292,4.909250659148187e-09
206.24370594159112,6.412282217163425e-10
206.4516129032258,2.226591611210198e-09
206.65993945509584,5.021071767700703e-10
206.86868686868684,4.810344389428966e-09
207.07785642062692,1.5798613354738777e-09
207.28744939271257,2.2496562890843566e-09
207.49746707193518,1.2254677768231903e-09
207.7079107505071,4.8628840033893946e-09
207.9187817258883,4.2836382053573785e-09
208.130081300813,4.790330559581575e-09
208.34181078331636,1.235571787827441e-09
208.55397148676167,7.977383595630993e-11
208.7665647298675,4.0688155958015735e-09
208.9795918367347,1.8767271333086276e-09
209.19305413687437,3.848001144462583e-09
209.40695296523518,6.713093022925573e-10
209.6212896622313,8.822639791275607e-10
209.83606557377047,1.4105756639200015e-09
210.05128205128204,2.2082179369518655e-09
210.26694045174537,5.368930676669771e-09
210.48304213771837,4.781355245320514e-10
210.69958847736626,2.9628069798474354e-09
210.91658084449023,1.2320605773994048e-09
211.1340206185567,6.618520777140719e-09
211.3519091847265,3.2839409275499654e-09
211.5702479338843,1.885491990178825e-09
211.78903826266804,4.465404646879009e-09
212.00828157349895,7.571714374051857e-09
212.22797927461139,2.205824162706097e-09
212.448132780083,2.5153922411829787e-09
212.668743509865,3.170988279809131e-09
212.88981288981287,3.1557502858324323e-09
213.11134235171693,5.711825453884459e-10
213.33333333333334,4.461546973329525e-09
213.555787278415,5.273456572520494e-09
213.7787056367432,2.3089477216498534e-10
214.00208986415882,3.86918673342909e-09
214.22594142259413,6.05980694847281e-10
214.4502617801047,1.1953096809566294e-10
214.67505241090146,5.512928371818791e-10
214.900314795383,2.101208507887036e-09
215.12605042016807,8.358314151057217e-09
215.35226077812828,5.4671683080732995e-09
215.57894736842104,1.3962045181740921e-09
215.80611169652263,2.4710275655083733e-09
216.03375527426158,2.422476800054869e-09
216.26187961985215,1.025289716237745e-09
216.49048625792813,2.219884802679316e-09
216.7195767195767,2.358113236142919e-09
216.9491525423729,8.48013131388415e-10
217.17921527041358,1.8441294298243075e-11
217.40976645435242,1.3810346339435177e-09
217.64080765143464,3.5579087493769964e-10
217.87234042553192,7.616515118872585e-09
218.10436634717786,2.462791339227994e-09
218.33688699360337,1.4259402362657857e-09
218.5699039487727,2.2578893808819127e-09
218.80341880341882,3.5885025015941104e-09
219.0374331550802,2.581490027241395e-09
219.27194860813702,4.220638754076024e-09
219.5069667738478,4.601502414267855e-09
219.74248927038627,1.865931652373971e-09
219.97851772287862,1.4345050421414873e-09
220.21505376344086,7.141625164275389e-09
220.45209903121636,3.0348986649015362e-09
220.68965517241378,1.5799075482706102e-09
220.92772384034518,3.154158082101681e-09
221.16630669546436,2.920646948402257e-09
221.4054054054054,1.1732143291350848e-09
221.64502164502164,1.5710653919061591e-09
221.88515709642468,8.80623666214988e-10
222.12581344902384,2.719805786684911e-09
222.36699239956567,4.665959876914755e-09
222.6086956521739,1.1500604165989622e-09
222.85092491838955,4.822147799505789e-10
223.09368191721134,5.773835308470225e-09
223.3369683751363,6.043843945692455e-10
223.58078602620085,3.328190334118318e-09
223.82513661202185,7.751447186720823e-11
224.07002188183807,2.7830402170954604e-09
224.31544359255204,1.2503985584922649e-08
224.56140350877192,3.758695691363316e-09
224.80790340285398,8.397721043769417e-10
225.05494505494505,8.324197989034908e-09
225.30253025302528,8.35361881848339e-09
225.55066079295153,2.663892498698675e-09
225.79933847850054,1.1758415981953783e-08
226.0485651214128,2.046635098080164e-08
226.29834254143645,2.0669821741256586e-08
226.54867256637166,2.7569259165267467e-08
226.79955703211516,4.2888955472844036e-08
227.0509977827051,7.190089909784485e-08
227.30299667036624,1.2037957025941067e-07
227.55555555555554,1.5465669192203234e-07
227.80867630700777,2.0081648217900751e-07
228.06236080178175,3.2341530900225686e-07
228.31661092530658,4.36668857460026e-07
228.57142857142856,5.731257334455571e-07
228.82681564245812,9.137640036558874e-07
229.082774049217,1.3198117281642401e-06
229.33930571108624,1.7431335921291793e-06
229.59641255605382,2.5287774898123116e-06
229.8540965207632,3.57135535981733e-06
230.1123595505618,4.640676277699296e-06
230.37120359955006,6.36433998791052e-06
230.6306306306306,9.028051184830814e-06
230.89064261555805,1.2307994158491116e-05
231.1512415349887,1.6964985241522304e-05
231.41242937853107,2.393468013434854e-05
231.67420814479635,3.2761376690997805e-05
231.9365798414496,4.3940238441133757e-05
232.19954648526078,5.964565903653111e-05
232.46311010215663,8.136409667196243e-05
232.7272727272727,0.00011058684323788033
232.9920364050057,0.00014910075940168047
233.25740318906605,0.00020021712369999424
233.52337514253134,0.0002707516750833448
233.78995433789953,0.00036407036139749844
234.05714285714288,0.000485552991648873
234.32494279176203,0.00065349538378872
234.59335624284074,0.0008775876033260117
234.8623853211009,0.0011629698904255068
235.13203214695753,0.0015431269028947326
235.4022988505747,0.002050072462935447
235.67318757192174,0.0027045890122653726
235.9447004608295,0.0035610821481142354
236.2168396770473,0.004687989402967423
236.48960739030022,0.006153362034807551
236.76300578034682,0.008054950132012673
237.03703703703707,0.010512586284399938
237.3117033603708,0.013673819784675507
237.58700696055683,0.017739031200218046
237.862950058072,0.022968477707544732
238.13953488372093,0.02966167706818138
238.41676367869616,0.038169155493478026
238.69463869463866,0.04897814455914126
238.97316219369893,0.06266089679913525
239.25233644859816,0.0798898785149436
239.53216374269007,0.10159617991569082
239.81264637002343,0.1287935404041445
240.0937866354044,0.1626675373779845
240.37558685446012,0.2048366333539691
240.65804935370153,0.2570284584576183
240.94117647058823,0.32134068470940963
241.2249705535924,0.4004556774977442
241.50943396226415,0.4971735280563311
241.79456906729635,0.6149547781010528
242.080378250591,0.7578342596982972
242.3668639053254,0.9300320266036702
242.65402843601896,1.1368160747735254
242.94187425860022,1.3838463267464214
243.23040380047507,1.677314985918023
243.51961950059456,2.024548701214133
243.80952380952382,2.4323153111663944
244.1001191895113,2.9084343024604444
244.39140811455846,3.4618191794608046
244.68339307048984,4.0996957115417265
244.97607655502392,4.830477091997785
245.2694610778443,5.662478611441815
245.56354916067144,6.601600785234995
245.85834333733493,7.654022935166123
246.15384615384616,8.822664160378228
246.4500601684717,10.109449486982639
246.7469879518072,11.51493828794838
247.04463208685164,13.029914214206528
247.34299516908212,14.647145219829
247.6420798065296,16.357649012384243
247.9418886198547,18.136097848479718
248.24242424242422,19.961037449039395
248.54368932038832,21.809031574263184
248.8456865127582,23.63990278097719
249.14841849148416,25.41745616099263
249.45188794153472,27.100993955241325
249.75609756097558,28.64460061922617
250.06105006105005,30.008171283594706
250.36674816625916,31.140886462719404
250.6731946144431,32.00762540747378
250.98039215686276,32.5859212771706
251.2883435582822,32.833548429113236
251.5970515970516,32.73724521386352
251.90651906519062,32.30340186729064
252.21674876847288,31.521595585483205
252.52774352651045,30.415346372807456
252.8395061728395,29.02888090920263
253.15203955500616,27.403679676604465
253.46534653465346,25.602218591928462
253.7794299876084,23.68246722121438
254.09429280397023,21.705281024729338
254.40993788819875,19.73281687393342
254.726368159204,17.796791297688916
255.04358655043586,15.942852706394769
255.36159600997507,14.224508059617051
255.6803995006242,12.663051600188655
255.99999999999997,11.280245136798264
256.3204005006258,10.087809811008421
256.64160401002505,9.070061030904515
256.9636135508155,8.217423666219876
257.286432160804,7.5307743466104995
257.61006289308176,7.020726847519532
257.9345088161209,6.711673236456767
258.2597730138714,6.632799464013433
258.5858585858586,6.820678687698864
258.91276864728195,7.304658193535666
259.24050632911394,8.079102731222228
259.5690747782003,9.112972084624552
259.8984771573604,10.37398015264094
260.22871664548916,11.828667639354302
260.55979643765903,13.420437142851346
260.89171974522293,15.056603847519332
261.2244897959184,16.6450073929849
261.5581098339719,18.08986683221814
261.89258312020456,19.26482439187834
262.2279129321382,20.13766005247297
262.56410256410254,20.77223046968172
262.9011553273428,21.201898320982348
263.2390745501285,21.695191682726623
263.5778635778636,22.78434310830186
263.91752577319585,24.526223800982653
264.258064516129,26.341108328551368
264.59948320413434,27.926334658686766
264.9417852522639,29.550429565711482
265.2849740932642,31.4107225430363
265.6290531776913,33.51289554777952
265.974025974026,35.943032317552564
266.3198959687906,38.76789973607654
266.66666666666663,41.923984634108045
267.01434159061273,45.27278636604291
267.3629242819843,48.636828755963464
267.7124183006536,51.84215708856858
268.0628272251309,54.550200472397734
268.41415465268676,56.39682385605075
268.76640419947506,57.84055875894223
269.119579500657,59.908741822327784
269.47368421052636,62.746405523631374
269.82872200263506,65.58967919456285
270.1846965699208,67.93447843814377
270.5416116248349,69.59141460204161
270.8994708994709,70.21687456831071
271.25827814569533,69.62084111383493
271.6180371352785,67.87326644390201
271.97875166002655,65.01016114630089
272.3404255319149,61.11732190463288
272.70306258322233,56.40532696551356
273.06666666666666,51.04373403379587
273.4312416555407,45.19442073266848
273.7967914438503,39.13673403328359
274.1633199464525,33.18164912650429
274.5308310991957,27.52603145201072
274.8993288590604,22.279143204468806
275.26881720430106,17.55794735860299
275.6393001345895,13.46267093896478
276.010781671159,10.034262474615735
276.3832658569501,7.2831849281933545
276.7567567567567,5.188934925389494
277.1312584573748,3.6893193960776474
277.50677506775065,2.704217773656692
277.88331071913166,2.1427805250536265
278.2608695652174,1.9073940583038937
278.6394557823129,1.9088728199302092
279.01907356948226,2.066193980450729
279.39972714870396,2.3079338182592464
279.78142076502735,2.5792931689301746
280.1641586867305,2.8370683367893705
280.54794520547944,3.0491709830973384
280.93278463648835,3.199468083129411
281.31868131868134,3.2804999741219563
281.70563961485556,3.290028849853545
282.0936639118457,3.2353602339695544
282.48275862068965,3.126228557656728
282.8729281767956,2.9702958815177047
283.2641770401106,2.7793752405486214
283.6565096952908,2.5656467050567136
284.0499306518724,2.3370072584750443
284.44444444444446,2.102500990676079
284.84005563282335,1.8708469791819806
285.2367688022284,1.6468074329285207
285.63458856345886,1.4349830002135762
286.0335195530726,1.239365422039215
286.43356643356645,1.0610639852489707
286.8347338935574,0.9007302418390478
287.23702664796633,0.7587259323496903
287.6404494382022,0.6342082001728976
288.0450070323488,0.5262589706799684
288.4507042253521,0.4337132845123696
288.85754583921016,0.3549717109026275
289.2655367231638,0.2886011362086333
289.6746817538897,0.23313328449777787
290.08498583569406,0.1871635660404056
290.49645390070924,0.14943181427359034
290.9090909090909,0.11857621055543577
291.32290184921766,0.09352242243736489
291.73789173789174,0.0734228751353678
292.15406562054204,0.05730261478376586
292.57142857142856,0.04444612128583287
292.9899856938483,0.03435436407287605
293.4097421203438,0.026401977784705932
293.83070301291247,0.02014111905269911
294.2528735632184,0.015323692149275526
294.67625899280574,0.011608917503562384
295.1008645533141,0.008722845217485627
295.52669552669556,0.006534024120622429
295.9537572254335,0.0048821276894505045
296.3820549927641,0.0036225123338119235
296.81159420289856,0.0026780128573922067
297.2423802612482,0.0019718252410398963
297.6744186046512,0.0014404903150308378
298.1077147016012,0.0010488804193474683
298.54227405247815,0.0007614439436381128
298.978102189781,0.0005496420564984726
299.41520467836256,0.00039622012161536114
299.8535871156662,0.00028452288303740556
300.2932551319648,0.00020318867108770953
300.73421439060206,0.00014489472077150803
301.17647058823525,0.00010216649840655107
301.620029455081,7.130748645298926e-05
302.06489675516224,5.017704184956648e-05
302.5110782865583,3.532322912355129e-05
302.95857988165676,2.4664690004300068e-05
303.4074074074074,1.7219355753039104e-05
303.85756676557867,1.1917762744897038e-05
304.30906389301634,8.20882782611666e-06
304.7619047619047,5.593938206122925e-06
305.2160953800298,3.688879241194391e-06
305.6716417910448,2.531499652937177e-06
306.1285500747384,1.8289236072541477e-06
306.58682634730536,1.2035629036791694e-06
307.0464767616192,7.634079688049046e-07
307.5075075075075,5.371385020827471e-07
307.96992481203006,3.600100523380979e-07
308.433734939759,2.340009403385374e-07
308.8989441930618,1.7550343637632467e-07
309.3655589123867,1.2687113989320363e-07
309.83358547655064,7.826111122342166e-08
310.3030303030303,4.3947896412556176e-08
310.7738998482549,2.273653117487364e-08
311.2462006079027,1.7210073699549003e-08
311.7199391171994,1.7637354051465465e-08
312.1951219512195,8.624917554616788e-09
312.67175572519085,6.053110025511094e-09
313.1498470948012,6.570829562966523e-09
313.6294027565084,1.3720111426607197e-09
314.11042944785277,6.546016691404981e-11
314.5929339477727,1.6432014065220727e-09
315.0769230769231,3.6999837389669755e-09
315.5624036979969,1.358262402378229e-09
316.04938271604937,1.3089867926252658e-10
316.53786707882534,1.090309033430423e-09
317.0278637770898,1.5800641395176996e-09
317.5193798449612,9.468663491076507e-10
318.0124223602484,2.751460128872069e-10
318.50699844479004,1.88977390161898e-10
319.0031152647975,6.899515324355115e-10
319.5007800312012,4.4891896271272787e-10
320.0,2.136341934643651e-10
320.5007824726134,1.2828527275264081e-09
321.0031347962382,4.379733549535474e-09
321.5070643642072,2.147248711760373e-09
322.0125786163522,5.646939229598364e-10
322.5196850393701,1.6287861596584629e-09
323.02839116719235,6.791366106749506e-10
323.5387045813586,3.681984038084851e-10
324.0506329113924,2.6094850828593194e-10
324.56418383518223,6.545566109450266e-10
325.07936507936506,4.150321493733843e-10
325.59618441971384,9.611397558541859e-10
326.11464968152865,1.850451710448379e-09
326.63476874003186,4.683396056454665e-10
327.15654952076676,1.3070052243072618e-10
327.68,1.2735329811500895e-10
328.2051282051282,6.539592138772055e-10
328.7319422150882,2.331073802284747e-09
329.2604501607717,4.714651164087684e-10
329.7906602254429,1.1127940486014645e-09
330.3225806451613,1.1431475184210798e-09
330.8562197092084,7.062654518972995e-10
331.3915857605178,7.073730325890387e-10
331.9286871961102,1.3948306502036323e-09
332.46753246753246,1.1403379940438458e-10
333.0081300813008,1.1326631755770996e-09
333.5504885993485,1.2299363761816117e-09
334.094616639478,5.530279779867826e-10
334.640522875817,2.3246890468864225e-10
335.18821603927984,1.0314163468029023e-09
335.73770491803276,3.8916469815828224e-10
336.28899835796386,3.788895338098897e-10
336.8421052631579,2.0214499112311004e-10
337.3970345963756,1.5715467287707597e-10
337.95379537953795,9.823649304893463e-10
338.51239669421483,5.030989276888747e-11
339.07284768211923,4.701452632948719e-10
339.63515754560524,8.703680045679925e-11
340.19933554817277,5.633198783725316e-10
340.765391014975,6.872250914929444e-10
341.3333333333333,1.1150112303891208e-09
341.9031719532554,7.906368551968995e-10
342.4749163879599,6.245692506274642e-10
343.04857621440533,9.948577812540834e-11
343.6241610738255,3.2194337373734567e-10
344.2016806722689,1.5273461141388004e-09
344.7811447811448,7.808245749926662e-10
345.362563237774,7.119075580464285e-11
345.94594594594594,1.5487053707067187e-11
346.5313028764805,9.217365449673958e-11
347.11864406779665,4.984970264216671e-10
347.70797962648555,2.684244408884808e-11
348.29931972789115,2.852585435077529e-10
348.8926746166951,1.902454330459811e-09
349.4880546075085,1.3297861145222868e-09
350.0854700854701,4.80928969297879e-10
350.6849315068493,7.597588485028856e-10
351.286449399657,6.366212803168649e-10
351.89003436426117,2.5757496706381223e-10
352.4956970740103,1.02248987538422e-09
353.10344827586204,6.422701025541879e-10
353.71329879101904,2.0373753457756577e-09
354.3252595155709,1.3820488690293907e-10
354.93934142114387,6.452359002275911e-10
355.55555555555554,6.182340480411519e-10
356.17391304347825,6.476839738060047e-10
356.794425087108,2.7059543230345196e-10
357.4171029668411,9.671635518539023e-10
358.04195804195797,1.7948716747516253e-09
358.6690017513135,8.175833491101237e-10
359.29824561403507,9.791344743547414e-11
359.9297012302285,7.401904924430613e-10
360.5633802816901,7.902330148989259e-10
361.1992945326279,2.9578828431061535e-10
361.8374558303887,1.1019439574729978e-09
362.4778761061947,1.5973779355633651e-09
363.1205673758865,5.163299166795197e-10
363.76554174067496,1.0755813219369638e-09
364.4128113879003,8.63074000566941e-10
365.0623885918003,3.8396860868675144e-10
365.7142857142857,7.615954458918644e-10
366.3685152057245,6.190859100547284e-11
367.02508960573476,3.452623565615033e-10
367.68402154398564,1.925794064345825e-10
368.3453237410072,5.335578621706502e-10
369.009009009009,1.1143101162539403e-09
369.67509025270755,6.285074402857699e-10
370.3435804701627,4.914196817641175e-10
371.0144927536232,6.043165329903131e-10
371.68784029038113,3.701552424064006e-10
372.3636363636364,5.621852795019004e-10
373.0418943533697,4.700868217780763e-11
373.7226277372263,1.6359429766400038e-09
374.4058500914077,1.4740021401425661e-09
375.09157509157507,1.5456707084845073e-10
375.77981651376143,2.766830895933599e-10
376.47058823529414,6.146117967662707e-10
377.1639042357274,6.332814889516017e-10
377.8597785977859,4.671940647231393e-10
378.5582255083179,1.965231848255007e-10
379.25925925925924,3.029256826509699e-10
379.96289424860856,6.083084316877792e-10
380.6691449814126,1.5340686233475879e-09
381.37802607076355,9.476780633355411e-10
382.089552238806,1.0607656165410922e-10
382.803738317757,5.700901385645029e-11
383.5205992509363,4.683153147611378e-10
384.24015009380867,3.1994874187126234e-10
384.96240601503763,3.344467460898177e-11
385.6873822975518,5.960184436125366e-10
386.4150943396226,1.7125369282638524e-10
387.14555765595463,5.574000513924596e-10
387.8787878787879,1.4296904752679297e-10
388.6148007590133,1.0076472399721549e-09
389.35361216730035,4.4955684528206296e-10
390.09523809523813,2.9819648763017055e-10
390.8396946564886,8.422425493921547e-10
391.5869980879541,4.1816165524723256e-10
392.3371647509578,5.535167889358793e-10
393.0902111324376,5.981300816604723e-10
393.84615384615387,1.3188677832843099e-10
394.6050096339113,9.284663392436546e-11
395.3667953667953,9.26719973026778e-11
396.1315280464217,2.7204895891040846e-10
396.8992248062015,4.8642648966844724e-11
397.6699029126213,1.5365109437795253e-10
398.4435797665369,2.1860745094049375e-09
399.22027290448347,1.8393366576227993e-09
400.0,1.1328047622928487e-11
400.7827788649706,6.526818860073095e-11
401.56862745098044,8.192358478727618e-10
402.35756385068765,9.225784322919242e-10
403.1496062992126,4.295915430703931e-11
403.9447731755424,2.813780254093374e-10
404.7430830039526,3.9886006038522035e-10
405.54455445544556,4.4985333438318597e-10
406.3492063492063,8.699029766985883e-11
407.1570576540755,4.289373502231426e-10
407.9681274900399,2.5909013594040985e-11
408.7824351297405,7.52526901510101e-11
409.59999999999997,4.1163695180483375e-10
410.4208416833667,4.8446372903700025e-11
411.24497991967877,4.1015183384573633e-10
412.07243460764585,8.187590541867702e-10
412.9032258064516,1.2199700684198455e-09
413.7373737373737,1.8872802423324728e-10
414.57489878542515,8.614763931589495e-11
415.4158215010142,4.939342061718522e-11
416.260162601626,2.5022049241587925e-11
417.10794297352334,1.8330880189409447e-10
417.9591836734694,6.218504701307372e-11
418.81390593047036,4.248580953413913e-10
419.67213114754094,3.182243790873856e-10
420.53388090349074,8.36680924905892e-10
421.3991769547325,1.2245677747073575e-10
422.2680412371134,1.9660265164355508e-10
423.1404958677686,1.2048731404708348e-09
424.0165631469979,1.9082289539990922e-10
424.896265560166,4.58418407099161e-10
425.77962577962575,1.7680491300776258e-10
426.6666666666667,4.9694389793848735e-11
427.5574112734864,5.829676425903346e-11
428.45188284518827,4.528598281190371e-11
429.3501048218029,3.015774774690104e-11
430.25210084033614,1.031624922350873e-10
431.1578947368421,7.630788619372828e-11
432.06751054852316,1.001807495800149e-10
432.98097251585625,5.506899275636827e-11
433.8983050847458,6.150518046929411e-10
434.81953290870484,4.871639601388407e-10
435.74468085106383,1.631865682053338e-10
436.67377398720674,1.0364072599582608e-10
437.60683760683764,4.1620529729945243e-10
438.54389721627405,1.1153498861279742e-09
439.48497854077254,2.3849968512828806e-10
440.4301075268817,7.345615964202905e-11
441.37931034482756,4.0888302405227903e-10
442.3326133909287,1.942508709791664e-10
443.2900432900433,4.1606619114402425e-11
444.2516268980477,2.796575366432321e-11
445.2173913043478,1.7968906570145205e-10
446.1873638344227,2.5744000114236866e-12
447.1615720524017,4.701385207743492e-10
448.14004376367615,6.34814349453869e-10
449.12280701754383,1.503659386574585e-10
450.1098901098901,1.236019987271789e-10
451.10132158590307,1.183774350656396e-11
452.0971302428256,1.9751250194577227e-10
453.0973451327433,3.864457360622421e-10
454.1019955654102,1.4673660565272915e-10
455.1111111111111,1.6513958891906263e-10
456.1247216035635,8.046144433964039e-11
457.1428571428571,1.4202789513851452e-11
458.165548098434,5.534294226317686e-10
459.19282511210764,5.26592417862231e-10
460.2247191011236,2.4810839176194e-11
461.2612612612612,5.107889181649935e-11
462.3024830699774,4.514831606083139e-11
463.3484162895927,5.566125668367347e-10
464.39909297052156,5.991945622276912e-10
465.4545454545454,2.2479226946008129e-10
466.5148063781321,6.999123297786593e-10
467.57990867579906,7.109002801496972e-11
468.64988558352405,2.8665644041505223e-10
469.7247706422018,4.8824346467216316e-11
470.8045977011494,5.040234650606038e-11
471.889400921659,3.245110120911272e-10
472.97921478060044,6.214336308851661e-10
474.07407407407413,2.602858830938404e-10
475.17401392111367,2.993125747288755e-10
476.27906976744185,9.036288471262607e-10
477.3892773892773,1.3929098747793594e-09
478.5046728971963,9.011319765733088e-10
479.62529274004686,3.7482731744218915e-10
480.75117370892025,2.687129497710985e-10
481.88235294117646,5.643523370789616e-10
483.0188679245283,8.707874855859173e-11
484.160756501182,6.746936264009572e-11
485.3080568720379,5.757812153279751e-11
486.46080760095015,1.9304619369202985e-11
487.61904761904765,1.8732499965058252e-10
488.7828162291169,9.757862969822731e-11
489.95215311004785,3.162124943324389e-10
491.1270983213429,4.752042928366773e-10
492.3076923076923,6.725483943266152e-10
493.4939759036144,3.497775756577856e-10
494.68599033816423,1.1026308049570258e-09
495.8837772397094,1.2571166078125883e-10
497.08737864077665,3.7126321790976054e-10
498.29683698296833,1.6391643466479675e-09
499.51219512195115,8.923436104778632e-11
500.7334963325183,3.0461840167693476e-10
501.9607843137255,2.421314274336771e-09
503.1941031941032,1.3031253305267659e-09
504.43349753694577,5.030669801336789e-10
505.679012345679,6.544495112016408e-10
506.9306930693069,6.126308234933201e-11
508.18858560794047,1.3113281280691545e-09
509.452736318408,7.422738484235196e-10
510.72319201995015,5.019246220544308e-10
511.99999999999994,2.059569821703767e-09
513.2832080200501,7.137316114671469e-10
514.572864321608,8.711039525148517e-11
515.8690176322418,3.0655435468775392e-09
517.1717171717172,3.640829024875459e-09
518.4810126582279,5.650103350550324e-10
519.7969543147208,6.4675056491924624e-09
521.1195928753181,5.778360084141593e-09
522.4489795918367,1.1040830906511885e-09
523.7851662404091,2.1402189356748595e-08
525.1282051282051,6.62353444592556e-09
526.478149100257,3.6528943747718656e-09
527.8350515463917,4.3390275650197596e-08
529.1989664082687,1.114110586599697e-08
530.5699481865284,1.615161433029078e-08
531.948051948052,7.58573249881298e-08
533.3333333333333,1.3073760759546244e-08
534.7258485639686,3.9503260970007444e-08
536.1256544502618,1.3993681730862145e-07
537.5328083989501,1.8220068927380672e-08
538.9473684210527,1.0625788631871264e-07
540.3693931398416,2.8162167140942023e-07
541.7989417989418,7.755549728783894e-09
543.236074270557,2.5389013206920144e-07
544.6808510638298,4.732750205110089e-07
546.1333333333333,1.0056924595252515e-09
547.5935828877006,5.787045272212293e-07
549.0616621983914,7.283635508014698e-07
550.5376344086021,1.16549470181873e-08
552.021563342318,1.170447407947569e-06
553.5135135135134,1.1642409638172647e-06
555.0135501355013,8.783234907956372e-08
556.5217391304348,2.4185571199622315e-06
558.0381471389645,1.6627895183662046e-06
559.5628415300547,4.1126579848507476e-07
561.0958904109589,4.445518405807712e-06
562.6373626373627,2.255378013867314e-06
564.1873278236914,1.2085651096527015e-06
565.7458563535912,8.177541361900583e-06
567.3130193905816,2.9069324422328064e-06
568.8888888888889,3.222004908705362e-06
570.4735376044569,1.4553339758268143e-05
572.0670391061452,3.3806916157423e-06
573.6694677871149,7.5872962561824485e-06
575.2808988764044,2.5588175775984174e-05
576.9014084507043,3.395178344907774e-06
578.5310734463276,1.6946305780386353e-05
580.1699716713881,4.345910065751436e-05
581.8181818181818,2.9207799250823278e-06
583.4757834757835,3.7182776645973604e-05
585.1428571428571,7.136914321633476e-05
586.8194842406876,1.7590520333767064e-06
588.5057471264367,8.026987160108409e-05
590.2017291066282,0.0001114266025326434
591.907514450867,7.333167346659095e-07
593.6231884057971,0.00016677033083310793
595.3488372093024,0.00016727209234528246
597.0845481049563,4.923291352658284e-06
598.8304093567251,0.00033012367950131875
600.5865102639297,0.00023844784399273223
602.3529411764705,3.375061866922518e-05
604.1297935103245,0.0006153861805574849
605.9171597633135,0.000320217291087842
607.7151335311573,0.00014223642072944768
609.5238095238094,0.0010857434821849342
611.3432835820896,0.0003838139623143769
613.1736526946107,0.0004465857134386582
615.015015015015,0.0018342843250249378
616.867469879518,0.00037111385598485955
618.7311178247734,0.0011436111613471473
620.6060606060606,0.0029839735913447527
622.4924012158054,0.00023245540649721274
624.390243902439,0.00253839541462349
626.2996941896024,0.004609899627673238
628.2208588957055,3.7279235555578955e-05
630.1538461538462,0.005131271431827402
632.0987654320987,0.006542958826719239
634.0557275541796,0.00011264684278940664
636.0248447204968,0.009839882027640563
638.006230529595,0.008132653592028952
640.0,0.0010836308732170316
642.0062695924764,0.01818562620868715
644.0251572327044,0.008350249162208036
646.0567823343847,0.003860886191379545
648.1012658227849,0.03187365653642714
650.1587301587301,0.006568373841707854
652.2292993630573,0.01015728273949266
654.3130990415335,0.05112084882503724
656.4102564102564,0.003679343160748507
658.5209003215434,0.024625410991618864
660.6451612903226,0.07160783005699996
662.7831715210356,0.0023754637704683636
664.9350649350649,0.059766947788435144
667.100977198697,0.08178651963365526
669.281045751634,0.0046657908322885
671.4754098360655,0.14346383757325473
673.6842105263158,0.06575791897320835
675.9075907590759,0.006678541478318062
678.1456953642385,0.3242838161356961
680.3986710963455,0.021873293575244125
682.6666666666666,0.0010970292484416245
684.9498327759198,0.660681203472366
687.248322147651,0.014575922580982696
689.5622895622896,0.039399732087985986
691.8918918918919,1.1867755367755828
694.2372881355933,0.28435725016523206
696.5986394557823,0.49266011613039934
698.976109215017,1.8823115252387308
701.3698630136986,1.3864776125444962
703.7800687285223,2.7217804322612005
706.2068965517241,2.8521723562889414
708.6505190311418,4.527257925374133
711.1111111111111,10.983682628817222
713.588850174216,6.5831924983192405
716.0839160839159,13.858154368618598
718.5964912280701,35.97082722312419
721.1267605633802,23.776769577692324
723.6749116607774,40.12114336318508
726.241134751773,94.63024465387677
728.8256227758006,80.24686928850475
731.4285714285714,116.10097881334936
734.0501792114695,232.48014483388195
736.6906474820144,280.39231854973525
739.3501805054151,423.66927851328114
742.0289855072464,657.2133087526446
744.7272727272727,847.9227963941195
747.4452554744526,1113.9151989091301
750.1831501831501,1281.8439649586892
752.9411764705883,1693.9860532924968
755.7195571955718,2430.0272206915392
758.5185185185185,2597.402421488534
761.3382899628252,3930.0766052045674
764.179104477612,6650.861529877311
767.0411985018726,7223.338598211984
769.9248120300753,10862.895160038823
772.8301886792452,19911.326869524382
775.7575757575758,15709.944975191922
778.7072243346007,6449.920320682277
781.6793893129772,7647.414542689042
784.6743295019156,11431.549274546149
787.6923076923077,14706.414894364578
790.7335907335906,17173.66350700016
793.798449612403,19376.877517615154
796.8871595330738,20498.922821086628
800.0,20567.505915996935
803.1372549019609,19614.69483832605
806.2992125984252,17617.242405280864
809.4861660079052,15268.870196278653
812.6984126984127,12204.988211051535
815.9362549800798,8737.829749931954
819.1999999999999,7109.39594730494
822.4899598393575,13709.468931289583
825.8064516129032,16353.453825042177
829.1497975708503,8765.615555002225
832.520325203252,5617.580269380818
835.9183673469388,4944.0299580699175
839.3442622950819,2697.934149569054
842.798353909465,1581.0212513654935
846.2809917355372,1434.1983805826533
849.792531120332,839.3514861671727
853.3333333333334,516.6467689665276
856.9037656903765,479.7807659249593
860.5042016806723,312.94853988247525
864.1350210970463,197.78396920858907
867.7966101694916,139.65515165354918
871.4893617021277,77.42072667230269
875.2136752136753,47.41169103980841
878.9699570815451,22.677605228250698
882.7586206896551,12.626825829609345
886.5800865800866,14.393156771555129
890.4347826086956,3.7468133451681136
894.3231441048034,1.551964424860471
898.2456140350877,5.1330959588570435
902.2026431718061,0.6739770667116274
906.1946902654867,0.025693564891776814
910.2222222222222,1.6809686986148422
914.2857142857142,0.1440112961291723
918.3856502242153,0.12869612101238373
922.5225225225224,0.5332370788980179
926.6968325791854,0.05660575265876555
930.9090909090908,0.22664447255020917
935.1598173515981,0.1809155125839745
939.4495412844036,0.04255193484078597
943.778801843318,0.2009705412655075
948.1481481481483,0.06267669170367511
952.5581395348837,0.04516357976024497
957.0093457943926,0.14022373123726778
961.5023474178405,0.019460305624493555
966.0377358490566,0.047219368716049974
970.6161137440758,0.08610616995166478
975.2380952380953,0.0040843444623505035
979.9043062200957,0.04351238965567921
984.6153846153846,0.04814163070605262
989.3719806763285,0.00022852959513539842
994.1747572815533,0.03545781589041617
999.0243902439023,0.024579624897273843
1003.921568627451,0.0006898350832268777
1008.8669950738915,0.026055195678543946
1013.8613861386139,0.011279745567786704
1018.905472636816,0.0020189061157508074
1023.9999999999999,0.017518786141602242
1029.145728643216,0.00449490103603678
1034.3434343434344,0.002855186167756131
1039.5939086294416,0.01086660283575412
1044.8979591836735,0.0014499572626852457
1050.2564102564102,0.002959214746362131
1055.6701030927834,0.006240592208975591
1061.139896373057,0.00031711328441113635
1066.6666666666665,0.002551412789512199
1072.2513089005236,0.0033191028236406244
1077.8947368421054,2.424578710009918e-05
1083.5978835978835,0.0019334869586892414
1089.3617021276596,0.0016296254861723571
1095.1871657754011,2.062677794408138e-05
1101.0752688172042,0.001326523297141677
1107.0270270270269,0.0007335416955150514
1113.0434782608695,6.970453957214667e-05
1119.1256830601094,0.0008372279098617828
1125.2747252747254,0.0002989311909039811
1131.4917127071824,9.667123340084155e-05
1137.7777777777778,0.0004924317940653767
1144.1340782122904,0.00010780161226193993
1150.5617977528088,9.497097534001567e-05
1157.0621468926552,0.00027214371632388023
1163.6363636363635,3.291512048749069e-05
1170.2857142857142,7.730655269997122e-05
1177.0114942528735,0.00014216489113603312
1183.815028901734,7.708523687859257e-06
1190.6976744186047,5.5632524913543166e-05
1197.6608187134502,7.08503396116656e-05
1204.705882352941,1.0234021150918999e-06
1211.834319526627,3.669327800360579e-05
1219.0476190476188,3.3770756410864754e-05
1226.3473053892214,1.2034006594144186e-07
1233.734939759036,2.275900248803261e-05
1241.2121212121212,1.54383496807508e-05
1248.780487804878,4.291166213779011e-07
1256.441717791411,1.3436903848568125e-05
1264.1975308641975,6.760876653353442e-06
1272.0496894409937,6.821132555894671e-07
1280.0,7.67132412747902e-06
1288.0503144654087,2.8223910501885337e-06
1296.2025316455697,7.341861091679752e-07
1304.4585987261146,4.212811275579162e-06
1312.8205128205127,1.1085415240947588e-06
1321.2903225806451,6.3175544224807e-07
1329.8701298701299,2.2453737795384622e-06
1338.562091503268,4.01916234646235e-07
1347.3684210526317,4.86157238295707e-07
1356.291390728477,1.1579678597047839e-06
1365.3333333333333,1.289448350643336e-07
1374.496644295302,3.4474755754278966e-07
1383.7837837837837,5.724672645610891e-07
1393.1972789115646,3.2917559737514736e-08
1402.7397260273972,2.3043176927905725e-07
1412.4137931034481,2.6389380292615884e-07
1422.2222222222222,5.395228483870399e-09
1432.1678321678319,1.3873995076643092e-07
1442.2535211267605,1.176964030717647e-07
1452.482269503546,4.903117180243181e-10
1462.857142857143,8.151110670100006e-08
1473.3812949640287,4.84392974801148e-08
1484.0579710144928,6.604701783291312e-10
1494.890510948905,4.214427510637804e-08
1505.8823529411766,2.0615607261270355e-08
1517.037037037037,1.2823626204698297e-09
1528.358208955224,2.2254080309098457e-08
1539.8496240601505,7.94154620703747e-09
1551.5151515151515,1.4250935231738102e-09
1563.3587786259543,1.1497774118881983e-08
1575.3846153846155,2.5413491339145423e-09
1587.596899224806,1.0880639920371993e-09
1600.0,5.332575525412286e-09
1612.5984251968505,9.40906199860498e-10
1625.3968253968253,7.848849967946668e-10
1638.3999999999999,2.7064272333470164e-09
1651.6129032258063,1.9429967196546116e-10
1665.040650406504,4.0460822454244335e-10
1678.6885245901638,1.2918050028213296e-09
1692.5619834710744,2.7295223158243678e-11
1706.6666666666667,2.487444719331958e-10
1721.0084033613446,5.5730518357465e-10
1735.5932203389832,5.148782367103099e-13
1750.4273504273506,8.165673740683867e-11
1765.5172413793102,2.5838778281336587e-10
1780.8695652173913,2.4222996180552275e-12
1796.4912280701753,6.957653068567612e-11
1812.3893805309733,9.861663600623643e-11
1828.5714285714284,8.704898206905733e-12
1845.0450450450448,1.2072487428167984e-11
1861.8181818181815,5.629782276274303e-11
1878.8990825688072,1.1104391074944598e-11
1896.2962962962965,2.4096082251785257e-12
1914.0186915887853,4.086684811989793e-11
1932.0754716981132,6.393162804827181e-12
1950.4761904761906,1.3747418693996795e-11
1969.2307692307693,6.61774601710181e-12
1988.3495145631066,3.4166730788707997e-12
2007.843137254902,6.670070763503331e-12
2027.7227722772277,1.4465576811683225e-12
2047.9999999999998,2.1209715505215674e-12
2068.686868686869,1.1440476231946595e-12
2089.795918367347,4.657817735645321e-12
2111.340206185567,5.995674469268565e-12
2133.333333333333,6.694055668875103e-13
2155.789473684211,2.2145813942042605e-12
2178.723404255319,5.394052997454006e-13
2202.1505376344085,2.3391313181697818e-12
2226.086956521739,1.8991842944832607e-12
2250.5494505494507,1.3127080709920622e-12
2275.5555555555557,4.191643418653199e-12
2301.1235955056177,8.400124177127874e-13
2327.272727272727,7.0951107022587e-13
2354.022988505747,1.6903552526603301e-12
2381.3953488372094,1.1590238033057227e-12
2409.411764705882,3.7823812365989093e-14
2438.0952380952376,1.7392506010448176e-12
2467.469879518072,2.4497283733079683e-12
2497.560975609756,1.3372259599088388e-12
2528.395061728395,8.482721630293511e-13
2560.0,2.630847312087647e-12
2592.4050632911394,2.580198900250023e-13
2625.6410256410254,8.81809581196133e-13
2659.7402597402597,1.5432881590181546e-12
2694.7368421052633,1.6198635944532667e-12
2730.6666666666665,7.116516058575576e-13
2767.5675675675675,1.032294844225705e-12
2805.4794520547944,1.7039790594719567e-13
2844.4444444444443,6.603331593279462e-14
2884.507042253521,1.1520396418205117e-13
2925.714285714286,2.0309475988860665e-13
2968.1159420289855,3.3276683219331113e-13
3011.764705882353,4.736170956157591e-13
3056.716417910448,1.4634343224112353e-13
3103.030303030303,3.2068430993711795e-14
3150.769230769231,8.459297826394427e-14
3200.0,2.512294147233302e-13
3250.7936507936506,5.800076771409756e-13
3303.2258064516127,2.1379929326966606e-13
3357.3770491803275,1.5420160314578394e-14
3413.3333333333335,1.5217971248933387e-13
3471.1864406779664,4.625621167604013e-13
3531.0344827586205,3.9023539395369e-13
3592.9824561403507,8.459798362971039e-14
3657.142857142857,3.2363224906883137e-14
3723.636363636363,1.2812640923123017e-13
3792.592592592593,4.167015672674031e-14
3864.1509433962265,1.0698400200292487e-13
3938.4615384615386,5.785957054010292e-14
4015.686274509804,9.79714140065307e-14
4095.9999999999995,1.7114234905709423e-13
4179.591836734694,5.694794070547268e-14
4266.666666666666,1.0175539453515695e-14
4357.446808510638,2.1750991874684092e-15
4452.173913043478,1.7759342117541676e-15
4551.111111111111,7.692569396832745e-16
4654.545454545454,1.672339415447629e-16
4762.790697674419,1.5305814350017525e-16
4876.190476190475,3.0865806609705794e-17
4995.121951219512,2.3968064430294424e-17
5120.0,9.23293063262295e-18
5251.282051282051,3.198919242546574e-18
5389.473684210527,3.591263005770051e-18
5535.135135135135,2.402664290783733e-19
5688.888888888889,7.72928304590836e-19
5851.428571428572,3.363096864868336e-19
6023.529411764706,2.262765070627525e-20
6206.060606060606,9.218457189197117e-20
6400.0,2.7691992822724595e-20
6606.451612903225,6.563542910171617e-21
6826.666666666667,6.0706493138616916e-21
7062.068965517241,3.5446837880065695e-21
7314.285714285714,1.4666187736654583e-21
7585.185185185186,9.753808163272062e-22
7876.923076923077,7.208270949156838e-22
