"Wavelength, nm",Intensity
136.44237175216523,2.6349787625688026e-20
136.53333333333333,3.5115798183317375e-20
136.62441627751835,4.7016130187597204e-20
136.71562082777035,6.326509836612575e-20
136.80694722778892,8.555932943033049e-20
136.89839572192514,1.1334280111295813e-19
136.98996655518394,2.8915183936091243e-19
137.08165997322624,6.355858504230324e-18
137.17347622237108,2.329358615597539e-16
137.26541554959786,5.567363610293088e-15
137.35747820254863,7.133093606434264e-14
137.4496644295302,5.779703172340942e-13
137.54197447951645,3.3358457355281756e-12
137.63440860215053,1.4707705506326872e-11
137.72696704774717,5.202083984883078e-11
137.81965006729476,1.5369252087569974e-10
137.9124579124579,3.9218751356503216e-10
138.0053908355795,8.877445466575423e-10
138.09844908968307,1.8233448103517926e-09
138.19163292847506,3.474702271508838e-09
138.28494260634707,6.285998775867682e-09
138.37837837837836,1.1009856442910469e-08
138.47194050033806,1.8872195962306225e-08
138.5656292286874,3.166576260387246e-08
138.65944482058225,5.167006391994615e-08
138.75338753387533,8.125584563410316e-08
138.84745762711862,1.2188046952385484e-07
138.94165535956583,1.7244490884661493e-07
139.03598099117448,2.2806184223905904e-07
139.1304347826087,2.804033182454575e-07
139.22501699524133,3.1900817963205753e-07
139.31972789115645,3.3289666222923976e-07
139.4145677331518,3.140101111915523e-07
139.50953678474113,2.629874741299229e-07
139.60463531015677,1.9500917724469914e-07
139.69986357435198,1.4451698614055773e-07
139.79522184300342,1.7006045275409197e-07
139.89071038251367,3.573366895484318e-07
139.98632946001365,8.124037688418817e-07
140.08207934336525,1.644771284680382e-06
140.17796030116358,2.9473531171833636e-06
140.27397260273972,4.7604527642927614e-06
140.37011651816314,7.030544739980111e-06
140.46639231824417,9.641143520046863e-06
140.56280027453673,1.2512169040510313e-05
140.65934065934067,1.564644204521934e-05
140.75601374570448,1.916073128990586e-05
140.85281980742778,2.3459535683543917e-05
140.949759119064,2.944087210958578e-05
141.04683195592284,3.8454885720070754e-05
141.14403859407307,5.1989086654564654e-05
141.24137931034483,7.139040148798453e-05
141.33885438233264,9.798647076392458e-05
141.4364640883978,0.00013334715156233383
141.53420870767104,0.0001788863227313177
141.6320885200553,0.00023517777664014013
141.73010380622836,0.00030243149246724546
141.8282548476454,0.0003815625416907885
141.92654192654192,0.0004740705293972883
142.0249653259362,0.0005821372392781071
142.1235253296322,0.0007104492337752638
142.22222222222223,0.0008661527273785719
142.32105628908963,0.001056376999135494
142.42002781641168,0.0012901355344235386
142.51913709116212,0.001581514310800999
142.6183844011142,0.0019411954496211144
142.7177700348432,0.002364796832563662
142.81729428172943,0.002838450655198785
142.91695743196092,0.00334655508086586
143.0167597765363,0.003857358452809257
143.11670160726763,0.0043136210040998196
143.21678321678323,0.004657059111114684
143.31700489853043,0.0048501335843439825
143.4173669467787,0.0048680416802562255
143.5178696566223,0.004700742409183054
143.61851332398317,0.004379428727669369
143.71929824561403,0.003981965996711887
143.8202247191011,0.0036092389605014005
143.92129304286718,0.003369715566732614
144.0225035161744,0.0033738696158639274
144.12385643912737,0.0037171394656449093
144.22535211267606,0.004455233281539257
144.32699083861874,0.0055849694021544
144.42877291960508,0.007043933123226635
144.530698659139,0.008735368745577786
144.6327683615819,0.01054821043232475
144.73498233215545,0.012349654942493684
144.83734087694484,0.013991966316900683
144.9398443029016,0.015358064326295311
145.04249291784703,0.01638848294207846
145.14528703047483,0.01705996034827228
145.24822695035462,0.017371382394455678
145.35131298793468,0.01735990095197425
145.45454545454544,0.017101402992016963
145.55792466240226,0.01669018351260976
145.66145092460883,0.016232949281171735
145.76512455516016,0.015840450444674168
145.86894586894587,0.01559390848357302
145.9729151817534,0.01553000707532927
146.07703281027102,0.01565864700267743
146.18129907209135,0.015946107636392683
146.28571428571428,0.016265717436218588
146.39027877055037,0.01641976043121948
146.49499284692416,0.0162326452009294
146.59985683607732,0.015592616917727767
146.7048710601719,0.01443496275322294
146.8100358422939,0.01277815355291736
146.91535150645623,0.010801989312771362
147.0208183776023,0.008854106255759504
147.1264367816092,0.0073809737644756545
147.23220704529115,0.0068558780537411376
147.33812949640287,0.007709977985010511
147.4442044636429,0.010250893422197257
147.55043227665706,0.014590680819960919
147.6568132660418,0.02059913879838019
147.76334776334778,0.027899943071914006
147.87003610108303,0.03593277509991619
147.97687861271675,0.0440387357089232
148.08387563268258,0.05150805514748651
148.19102749638205,0.05764173785662241
148.29833454018825,0.06189372104876781
148.40579710144928,0.06398576157797929
148.51341551849166,0.0638601904750253
148.6211901306241,0.061575740089365116
148.72912127814087,0.05732482773110132
148.8372093023256,0.051492757013381796
148.94545454545454,0.04458194888933432
149.0538573508006,0.03707564860574064
149.16241806263656,0.029415410851286194
149.27113702623907,0.022042784178210605
149.38001458789202,0.01537019026861837
149.4890510948905,0.009721436449467376
149.59824689554418,0.005330934730505068
149.70760233918128,0.00235883389312563
149.81711777615214,0.0008652557519531109
149.9267935578331,0.0007796061231320513
150.03663003663004,0.0018944709863240844
150.1466275659824,0.003869835250733676
150.25678650036684,0.006262575655761338
150.36710719530103,0.008589991092031906
150.47759000734754,0.01038350391618063
150.58823529411762,0.01124174951895207
150.69904341427517,0.010942259348818857
150.8100147275405,0.009535203998906975
150.92114959469419,0.00729856269267793
151.03244837758112,0.004662138492401429
151.1439114391144,0.002225917288564713
151.25553914327915,0.0007104177654963929
151.3673318551367,0.0007495902146833129
151.47928994082838,0.002765903839881099
151.59141376757958,0.00699764385530555
151.7037037037037,0.013445585931557374
151.81616011860638,0.021753474036581132
151.92878338278933,0.03126600099341176
152.04157386785448,0.04123072611092272
152.15453194650817,0.050912042844600755
152.26765799256503,0.0595703952343577
152.38095238095235,0.06646688441082414
152.4944154877141,0.07102981062548692
152.6080476900149,0.07305112343965427
152.72184936614468,0.07263683661075898
152.8358208955224,0.06999017368508997
152.9499626587005,0.06538254492008506
153.0642750373692,0.05928966719125504
153.1787584143605,0.05236901347585685
153.29341317365268,0.04529281410019691
153.40823970037454,0.038686850326906254
153.5232383808096,0.03316941095969199
153.6384096024006,0.029344128427894932
153.75375375375376,0.027750411247850902
153.86927122464311,0.028827076638817874
153.98496240601503,0.03287591707834089
154.10082768999246,0.04000217535038248
154.2168674698795,0.05005191327269096
154.33308214016577,0.06259531031297498
154.4494720965309,0.07693766460921744
154.56603773584905,0.09208673971176655
154.68277945619334,0.10676901700406594
154.79969765684052,0.11963357260655828
154.91679273827532,0.1294690477968057
155.0340651021953,0.13524216906543063
155.15151515151516,0.13616247882083687
155.2691432903715,0.13191079230196667
155.38694992412746,0.12278151447125837
155.50493545937738,0.10960505076445413
155.62310030395136,0.09358369832220131
155.74144486692012,0.07612509029958638
155.8599695585997,0.05871593105718873
155.97867479055597,0.04283107157637644
156.09756097560975,0.029762654688503462
156.21662852784135,0.020410634214287227
156.33587786259542,0.015213865610897525
156.45530939648586,0.014191666154514136
156.5749235474006,0.016984288366905614
156.69472073450652,0.022923148197958185
156.8147013782542,0.031129327685444626
156.93486590038313,0.04059437205116221
157.05521472392638,0.05028583738940119
157.17574827321565,0.05926869527763047
157.29646697388634,0.0667531342210174
157.4173712528824,0.07208982884472971
157.53846153846155,0.07480146539404527
157.65973826020013,0.07464644840626836
157.78120184899845,0.07164407383227371
157.9028527370856,0.0660209100739879
158.02469135802468,0.05813693777984666
158.14671814671814,0.04850195489400298
158.26893353941267,0.037846828462096166
158.39133797370457,0.027080120918407745
158.5139318885449,0.017126277096734387
158.63671572424477,0.008829754520385983
158.7596899224806,0.0029633673318686
158.88285492629947,0.00017841311437534935
159.0062111801242,0.0008588645575265108
159.12975912975912,0.005039229252067144
159.25349922239502,0.012420410398324627
159.37743190661476,0.022346062411641592
159.50155763239874,0.033781913409567835
159.62587685113016,0.04546312625469925
159.7503900156006,0.056103201481676405
159.87509758001562,0.06449402627750209
160.0,0.06961628520811033
160.12509773260362,0.07082659782276576
160.2503912363067,0.06795918299202534
160.37588097102582,0.06133530344527659
160.5015673981191,0.0517631005186755
160.62745098039213,0.04043630439347731
160.7535321821036,0.028730694684525642
160.87981146897093,0.01804376457949831
161.0062893081761,0.009669033891970064
161.13296616837135,0.004654489841367425
161.25984251968504,0.0037113262097369882
161.38691883372735,0.007179077766494854
161.51419558359618,0.015015767594587644
161.64167324388316,0.02685048516345378
161.7693522906793,0.042063723163836296
161.89723320158103,0.059823622387451966
162.0253164556962,0.07913310566357061
162.15360253365006,0.09891655464172495
162.28209191759112,0.11804646804574775
162.41078509119745,0.13531316836155965
162.53968253968253,0.14947370397348722
162.66878474980143,0.15939114524759207
162.79809220985692,0.1641527482502665
162.92760540970565,0.16315177398618005
163.05732484076432,0.15619583612916424
163.18725099601593,0.14363855594905078
163.31738437001593,0.12647653791430694
163.44772545889865,0.10634580578909195
163.57827476038338,0.08537548844820139
163.709032773781,0.06595158943870395
163.84,0.050476641208017016
163.97117694155327,0.041124170185123016
164.1025641025641,0.039581850141985106
164.23416198877305,0.04684203318683417
164.3659711075441,0.06307644337072114
164.49799196787149,0.08760267149157298
164.63022508038586,0.11894465065066703
164.76267095736122,0.15497111307688846
164.89533011272144,0.19312149439743212
165.02820306204674,0.23068590386670043
165.16129032258064,0.2650238941661807
165.29459241323647,0.2937414035645232
165.4281098546042,0.3149366959991399
165.56184316895713,0.3274165521305553
165.6957928802589,0.3307268357558098
165.82995951417004,0.32505998958953763
165.9643435980551,0.3111750665628456
166.09894566098947,0.2903827355348729
166.23376623376623,0.2645416005365487
166.36880584890332,0.23593801558384003
166.5040650406504,0.20708454476825044
166.63954434499593,0.18060835262468122
166.77524429967426,0.1591645816287946
166.9111654441728,0.1452115008028999
167.047308319739,0.1407534672251339
167.18367346938777,0.1472017802743057
167.3202614379085,0.1652949607892113
167.45707277187245,0.1949777074756005
167.59410801963992,0.2352554999574981
167.7313677313677,0.28417638049361066
167.86885245901638,0.3390007109563402
168.00656275635768,0.3963713678213516
168.14449917898193,0.45247442369816665
168.28266228430567,0.5034033822707958
168.42105263157896,0.5455719866554948
168.559670781893,0.5759835449648961
168.6985172981878,0.5925972531603969
168.83759274525966,0.5946958352452972
168.97689768976898,0.5828404059502111
169.11643270024774,0.5586724764828718
169.25619834710741,0.5248981653048337
169.39619520264682,0.4851023415024542
169.53642384105962,0.44331964916259675
169.67688483844242,0.40375256720156744
169.81757877280262,0.3705295032245484
169.95850622406635,0.3472801511568285
170.09966777408638,0.3368333144742093
170.24106400665005,0.34119149667029536
170.3826955074875,0.36145401798531707
170.52456286427974,0.3975418410489719
170.66666666666666,0.44805191011619777
170.8090075062552,0.5105098420225375
170.9515859766277,0.5816803593427678
171.09440267335003,0.657564116878585
171.23745819397996,0.7335481966576431
171.3807531380753,0.8050490464110927
171.52428810720266,0.8679278888877471
171.66806370494552,0.9184744081361194
171.81208053691276,0.9537773791627839
171.95633921074725,0.9722742757549431
172.10084033613444,0.9736352289451111
172.24558452481077,0.9585745677043673
172.3905723905724,0.9291917971229701
172.5358045492839,0.8889275887482051
172.681281618887,0.8418916898498159
172.82700421940928,0.7926040058970707
172.97297297297297,0.7460966062295159
173.11918850380385,0.7074698574983074
173.26565143824024,0.681143022541484
173.41236240474177,0.6704921918660673
173.55932203389833,0.6776978309108017
173.70653095843934,0.7034968404672263
173.85398981324278,0.7470881904399009
174.0016992353441,0.8063044732930352
174.14965986394557,0.877717450857649
174.2978723404255,0.9567057072563693
174.44633730834755,1.0379806477543698
174.59505541346974,1.1163883944784294
174.74402730375425,1.1872368670844884
174.8932536293766,1.2463113481218009
175.04273504273505,1.2902474639035284
175.1924721984602,1.316982666218199
175.34246575342465,1.3257786950568844
175.49271636675235,1.3170932208612631
175.6432246998285,1.2925483568958365
175.79399141630904,1.2548395827609184
175.94501718213058,1.2076091887201108
176.0963026655202,1.1552937646915
176.24784853700515,1.1027625815323052
176.3996554694229,1.0548751492525452
176.55172413793102,1.0162532384984517
176.70405522001724,0.9911726232609883
176.85664939550952,0.9832942520645028
177.00950734658602,0.9952198837919723
177.16262975778545,1.0281030061708016
177.3160173160173,1.0815415217618787
177.46967071057193,1.1537155583652174
177.62359063313096,1.2414497524066772
177.77777777777777,1.3401257687374806
177.93223284100782,1.4439292831965294
178.08695652173913,1.5466166372711143
178.24194952132288,1.6421188984833002
178.397212543554,1.7246991055030916
178.55274629468178,1.7894109359431907
178.70855148342056,1.8329296250176186
178.86462882096066,1.8537658460986004
179.02097902097898,1.8519096752783553
179.17760279965006,1.8288997126050375
179.33450087565674,1.7880374915692836
179.4916739702016,1.733830131888399
179.64912280701753,1.6711755407497872
179.80684811237927,1.6052006805254515
179.96485061511424,1.541324443928314
180.12313104661388,1.4848588536873721
180.28169014084506,1.44044730123382
180.44052863436124,1.4117267483616276
180.59964726631395,1.401021416961046
180.75904677846424,1.4090644167745285
180.91872791519435,1.4350940159249537
181.07869142351902,1.4771168244273285
181.23893805309734,1.531746155180836
181.39946855624444,1.5940343347472004
181.56028368794324,1.6583448224246007
181.72138420585628,1.7196434585997264
181.88277087033748,1.7735596664210218
182.04444444444445,1.8159670686396825
182.20640569395016,1.843924675246813
182.3686553873553,1.8565142849588279
182.53119429590015,1.853593121507328
182.69402319357712,1.8348319464896758
182.85714285714286,1.8009605717065487
183.0205540661305,1.754246450556108
183.18425760286226,1.6968693173356273
183.34825425246197,1.6305283918967168
183.51254480286738,1.5579677987544398
183.67713004484304,1.4831585921150037
183.84201077199282,1.409846498151176
184.00718778077265,1.3412305897053531
184.1726618705036,1.2808765250840382
184.33843384338437,1.2325379288608311
184.5045045045045,1.19870241827214
184.67087466185754,1.1800767925177678
184.83754512635377,1.176653772191749
185.0045167118338,1.188263756866754
185.17179023508135,1.2136451775428736
185.33936651583707,1.250145340658878
185.5072463768116,1.294969686863048
185.675430643699,1.3456622281142203
185.84392014519057,1.3993425113775724
186.01271571298818,1.4527841323581645
186.1818181818182,1.5025640536700975
186.3512283894449,1.5442836765348265
186.52094717668484,1.5733777957627666
186.69097538742025,1.5866148688914778
186.86131386861314,1.5811052150071256
187.03196347031962,1.5541690967321373
187.20292504570384,1.5056104431579793
187.37419945105214,1.4371478664243555
187.54578754578753,1.3509283304031086
187.71769019248396,1.251663092205033
187.88990825688072,1.146323176174879
188.06244260789717,1.0401388483308658
188.23529411764707,0.9373630719433267
188.40846366145354,0.8437476480868623
188.5819521178637,0.763378540916366
188.75576036866357,0.697002465578698
188.92988929889296,0.6459056458646886
189.10433979686056,0.6119880100421469
189.27911275415894,0.5942458197571752
189.45420906567992,0.5914127184126163
189.62962962962962,0.6056085680699663
189.80537534754404,0.6381002666889423
189.98144712430428,0.6874976908748296
190.15784586815226,0.7552634681654482
190.3345724907063,0.8433486062636492
190.51162790697674,0.9479923536743919
190.68901303538178,1.0658730852967644
190.8667287977633,1.196179720861081
191.044776119403,1.3308033416277056
191.22315592903828,1.4595804683198792
191.4018691588785,1.5803795200129351
191.5809167446211,1.6875543222591642
191.76029962546815,1.7696594376031958
191.94001874414244,1.826331570768942
192.12007504690433,1.861205189025224
192.3004694835681,1.868270009346585
192.48120300751881,1.849247444113345
192.66227657572907,1.8183684511013793
192.8436911487759,1.7791494976094369
193.02544769085767,1.7298272422154815
193.2075471698113,1.6837027371059827
193.38999055712932,1.652089483336484
193.57277882797732,1.6293711021560384
193.75591296121098,1.6160023723657284
193.93939393939394,1.6232241031830161
194.12322274881518,1.6461565689182711
194.30740037950665,1.6705814326638957
194.49192782526114,1.700242339683368
194.67680608365018,1.7379631763452166
194.86203615604185,1.7658037140394944
195.04761904761907,1.777622388190504
195.23355576739752,1.785126075948538
195.4198473282443,1.7800594396972762
195.6064947468959,1.7498643011354138
195.79349904397705,1.7084718242298083
195.9808612440191,1.6611527132355461
196.1685823754789,1.5942958065599162
196.35666347075744,1.5167371685915667
196.5451055662188,1.4431934287828332
196.73390970220942,1.3637065852903558
196.92307692307693,1.2785124986849588
197.1126082771896,1.2045163792883016
197.30250481695566,1.138326836968327
197.4927675988428,1.0736484630375125
197.68339768339766,1.0237099483078784
197.8743961352657,0.9905686452318206
198.06576402321085,0.9649571468440743
198.25750242013552,0.9564073349916145
198.44961240310076,0.9734751633521709
198.64209505334625,1.004640565781454
198.83495145631065,1.0504749081715952
199.02818270165207,1.125476231747404
199.22178988326846,1.2204668299520354
199.4157740993184,1.3207207133118903
199.61013645224173,1.4388806626990585
199.8048780487805,1.5741931025785751
200.0,1.6977704164299683
200.19550342130987,1.8114615571769934
200.3913894324853,1.9313524659115344
200.58765915768853,2.0308026649125424
200.78431372549022,2.0942413948240266
200.9813542688911,2.1478114436920674
201.17878192534383,2.184132807590346
201.37659783677483,2.175852535480665
201.5748031496063,2.1434575760418215
201.77339901477833,2.1018383618796777
201.9723865877712,2.02633416539425
202.1717670286278,1.9237701449120352
202.3715415019763,1.824321154362164
202.57171117705244,1.7186380355472208
202.77227722772278,1.5980445359870223
202.97324083250743,1.4925515956535205
203.17460317460316,1.4131921660881237
203.37636544190661,1.3398094329240082
203.57852882703776,1.2819273683055656
203.78109452736314,1.2668800619968192
203.98406374501994,1.280519424316008
204.1874376869392,1.301457106022013
204.39121756487026,1.3547859591496096
204.5954045954046,1.4503036631841537
204.79999999999998,1.5446971956593465
205.005005005005,1.6361057386725795
205.21042084168334,1.7578068596563512
205.41624874623875,1.8647949372839072
205.62248995983938,1.92706115687686
205.8291457286432,2.0054616268760306
206.03621730382292,2.0642502312188973
206.24370594159112,2.0421983204397107
206.4516129032258,2.0531358363310455
206.65993945509584,2.091616862696257
206.86868686868684,2.0074070647706717
207.07785642062692,1.9455678972726065
207.28744939271257,2.008542633488777
207.49746707193518,1.9295634273472857
207.7079107505071,1.7692242239915366
207.9187817258883,1.8162392941685177
208.130081300813,1.8002985463087242
208.34181078331636,1.5597050855467427
208.55397148676167,1.5224487807272586
208.7665647298675,1.6158373418375764
208.9795918367347,1.408015452027729
209.19305413687437,1.2681365556933517
209.40695296523518,1.4793189800008424
209.6212896622313,1.4400133538658464
209.83606557377047,1.2165437709261169
210.05128205128204,1.5101813723874855
210.26694045174537,1.770859920844007
210.48304213771837,1.5075515659014334
210.69958847736626,1.7535844540502943
210.91658084449023,2.361044470424758
211.1340206185567,2.1261521117301037
211.3519091847265,2.0990735065136508
211.5702479338843,2.881676644531259
211.78903826266804,2.685942787287504
212.00828157349895,2.2072953174554337
212.22797927461139,2.9605755764715616
212.448132780083,2.8364253474836136
212.668743509865,1.8584142299620356
212.88981288981287,2.539720444312927
213.11134235171693,2.7874665352208328
213.33333333333334,1.4405720764138343
213.555787278415,1.9025024225004075
213.7787056367432,2.859844635286276
214.00208986415882,1.4414203140193562
214.22594142259413,1.2486252153706092
214.4502617801047,2.983553147184375
214.67505241090146,2.071129582704558
214.900314795383,0.7058823018438285
215.12605042016807,2.773548273746671
215.35226077812828,3.259444478105441
215.57894736842104,0.6855448821329593
215.80611169652263,2.003634128717189
216.03375527426158,4.458831898597667
216.26187961985215,1.4851012738986997
216.49048625792813,1.0346331049349367
216.7195767195767,5.293257037840496
216.9491525423729,3.0398707753792595
217.17921527041358,0.3527390582215652
217.40976645435242,6.093522005480862
217.64080765143464,5.774189105188913
217.87234042553192,0.09488001638643984
218.10436634717786,6.22908248560947
218.33688699360337,9.99233226731932
218.5699039487727,1.2506938019139007
218.80341880341882,4.242204076611608
219.0374331550802,13.653394108056668
219.27194860813702,5.406510597003404
219.5069667738478,1.4552976577847783
219.74248927038627,13.877167061633019
219.97851772287862,11.668749399882657
220.21505376344086,1.6420259685888003
220.45209903121636,11.69404600007718
220.68965517241378,17.79294220452741
220.92772384034518,5.872184720800519
221.16630669546436,9.788753288169346
221.4054054054054,24.20478726696491
221.64502164502164,14.748360792373813
221.88515709642468,8.149993828212997
222.12581344902384,29.22827315139245
222.36699239956567,30.882403766483193
222.6086956521739,10.40840557309714
222.85092491838955,27.04172395813134
223.09368191721134,48.71100570023041
223.3369683751363,23.920516720233472
223.58078602620085,20.808803789061226
223.82513661202185,56.01505290464117
224.07002188183807,44.61032007543445
224.31544359255204,21.422378368046008
224.56140350877192,53.143869587987666
224.80790340285398,62.00967071172986
225.05494505494505,29.49436233060075
225.30253025302528,45.027296851367865
225.55066079295153,72.27705860230286
225.79933847850054,43.40881483282211
226.0485651214128,31.196416746299903
226.29834254143645,64.93383852532317
226.54867256637166,60.705436926169654
226.79955703211516,25.384037342853926
227.0509977827051,35.91901856852261
227.30299667036624,58.91286735194228
227.55555555555554,33.77988881192458
227.80867630700777,12.032992662812223
228.06236080178175,31.159117493156423
228.31661092530658,31.732421520236482
228.57142857142856,6.241900098743383
228.82681564245812,7.34574543608356
229.082774049217,15.39686528152456
229.33930571108624,3.132183439279862
229.59641255605382,2.7514268154826613
229.8540965207632,8.807368896764293
230.1123595505618,0.7137091677580298
230.37120359955006,8.959888823969559
230.6306306306306,24.99175472600552
230.89064261555805,12.309995484365153
231.1512415349887,11.377546262036756
231.41242937853107,45.63324679013514
231.67420814479635,50.80358687332769
231.9365798414496,23.947636620348156
232.19954648526078,38.49823060980607
232.46311010215663,76.01241851905598
232.7272727272727,63.035539987007034
232.9920364050057,33.589734797547735
233.25740318906605,53.792231326044515
233.52337514253134,77.6592516625738
233.78995433789953,50.35133774670507
234.05714285714288,26.55862698500043
234.32494279176203,47.42205706670977
234.59335624284074,54.506729169207624
234.8623853211009,22.570318503317566
235.13203214695753,9.537045720818417
235.4022988505747,27.017680888552164
235.67318757192174,25.40597353004068
235.9447004608295,4.7432958470781745
236.2168396770473,1.5317872217158457
236.48960739030022,8.242977758771909
236.76300578034682,5.108692571739075
237.03703703703707,5.039663904791906
237.3117033603708,11.260540087196128
237.58700696055683,6.414906915356952
237.862950058072,0.5459260471861842
238.13953488372093,14.2882081530291
238.41676367869616,27.691383933091036
238.69463869463866,16.94437091412332
238.97316219369893,7.272347275712235
239.25233644859816,23.195706093233877
239.53216374269007,35.78342782837963
239.81264637002343,20.323663853065142
240.0937866354044,7.190991875547436
240.37558685446012,20.585338759923445
240.65804935370153,30.88537044450696
240.94117647058823,15.2652819377398
241.2249705535924,0.5931234399341888
241.50943396226415,7.416661107552361
241.79456906729635,14.595918217905002
242.080378250591,7.871308111429651
242.3668639053254,3.5192425949730093
242.65402843601896,7.2732987730137015
242.94187425860022,5.217344496096836
243.23040380047507,0.5318479539123145
243.51961950059456,8.43979982324318
243.80952380952382,19.132505267877228
244.1001191895113,13.134423374056784
244.39140811455846,1.8580256515164717
244.68339307048984,8.213924642491325
244.97607655502392,22.326591370782612
245.2694610778443,18.94508509308761
245.56354916067144,4.029480113453495
245.85834333733493,2.8573960610278877
246.15384615384616,14.04724851709463
246.4500601684717,15.57268963907627
246.7469879518072,5.836010299602389
247.04463208685164,1.7452049832309013
247.34299516908212,5.458896519738245
247.6420798065296,5.648172929134943
247.9418886198547,3.5024199943695353
248.24242424242422,8.36536887423472
248.54368932038832,14.422059428477924
248.8456865127582,9.441536949623861
249.14841849148416,0.5830470796660044
249.45188794153472,4.282432799390322
249.75609756097558,15.923840285844319
250.06105006105005,16.452954808574326
250.36674816625916,5.24811217977162
250.6731946144431,0.3252485953872467
250.98039215686276,7.242066594730171
251.2883435582822,12.324259508656855
251.5970515970516,8.052513086519445
251.90651906519062,3.2129125304245605
252.21674876847288,4.369799886331188
252.52774352651045,6.116122575399685
252.8395061728395,5.019846208969092
253.15203955500616,7.16594824741339
253.46534653465346,14.39079181863974
253.7794299876084,16.965006400321172
254.09429280397023,9.342122363717058
254.40993788819875,1.4681349221916493
254.726368159204,4.115398855365315
255.04358655043586,12.269940840294415
255.36159600997507,13.581187381222458
255.6803995006242,6.806824855909021
255.99999999999997,1.3340894718463172
256.3204005006258,1.8631195207202953
256.64160401002505,3.8983729017456614
256.9636135508155,3.97106015982806
257.286432160804,4.6058454746078095
257.61006289308176,6.961289990660987
257.9345088161209,7.143133919631234
258.2597730138714,3.948935330898973
258.5858585858586,3.2195118012718553
258.91276864728195,9.10755545123726
259.24050632911394,16.23156022609962
259.5690747782003,16.53559050534283
259.8984771573604,10.564563742060201
260.22871664548916,6.006355332124564
260.55979643765903,6.691506799047567
260.89171974522293,8.984511311893865
261.2244897959184,9.099228748379755
261.5581098339719,8.219406829793462
261.89258312020456,8.36521201124991
262.2279129321382,7.988767361759706
262.56410256410254,5.202606864870448
262.9011553273428,2.267690452622865
263.2390745501285,2.8805589670912632
263.5778635778636,6.481645879885037
263.91752577319585,8.851383365040418
264.258064516129,7.914487956728679
264.59948320413434,5.972437496977682
264.9417852522639,5.942018400993621
265.2849740932642,7.77631026288742
265.6290531776913,9.616749978055559
265.974025974026,10.914231619686042
266.3198959687906,12.58901486271393
266.66666666666663,14.451323879438165
267.01434159061273,14.533231062410264
267.3629242819843,11.877060910900843
267.7124183006536,8.460451055483986
268.0628272251309,6.969473030634002
268.41415465268676,7.535877253077507
268.76640419947506,8.032578106217576
269.119579500657,7.148950069375515
269.47368421052636,5.807910892883202
269.82872200263506,5.346684509270295
270.1846965699208,5.549360207515059
270.5416116248349,5.522023772052471
270.8994708994709,5.754630664359217
271.25827814569533,7.664242610208013
271.6180371352785,11.061672642704643
271.97875166002655,13.787594390960095
272.3404255319149,14.484172026737255
272.70306258322233,14.174198850298541
273.06666666666666,14.236982373177705
273.4312416555407,14.366352850620716
273.7967914438503,13.614413759449006
274.1633199464525,12.210459183834933
274.5308310991957,11.159540663809064
274.8993288590604,10.647527407461512
275.26881720430106,9.827959950171758
275.6393001345895,8.128831453791198
276.010781671159,6.066527070671921
276.3832658569501,4.559296175517159
276.7567567567567,3.9769418929042795
277.1312584573748,4.1899794516604025
277.50677506775065,5.117305216752989
277.88331071913166,6.803073192911173
278.2608695652174,9.105709675556362
278.6394557823129,11.601644894789274
279.01907356948226,13.835552887055488
279.39972714870396,15.573591096491944
279.78142076502735,16.77826691107189
280.1641586867305,17.403448294347616
280.54794520547944,17.31303858738339
280.93278463648835,16.421537716741476
281.31868131868134,14.825342945181196
281.70563961485556,12.740614446311083
282.0936639118457,10.377959240305577
282.48275862068965,7.92595459718603
282.8729281767956,5.607724216398505
283.2641770401106,3.7048399533338054
283.6565096952908,2.5047304779105675
284.0499306518724,2.192420111049163
284.44444444444446,2.7769507930014465
284.84005563282335,4.126822471330995
285.2367688022284,6.06096944299913
285.63458856345886,8.39439337430069
286.0335195530726,10.928689234500295
286.43356643356645,13.43117039161834
286.8347338935574,15.619945955755506
287.23702664796633,17.172617170058366
287.6404494382022,17.78539644567546
288.0450070323488,17.27113895322719
288.4507042253521,15.650173840534617
288.85754583921016,13.18510253681351
289.2655367231638,10.319727757403228
289.6746817538897,7.522612819085695
290.08498583569406,5.1189150287845235
290.49645390070924,3.239840854872232
290.9090909090909,1.9217249031703543
291.32290184921766,1.233562935410027
291.73789173789174,1.3003132527996113
292.15406562054204,2.2147348319456737
292.57142857142856,3.926227288219655
292.9899856938483,6.191073887624565
293.4097421203438,8.617323550584834
293.83070301291247,10.77700043013341
294.2528735632184,12.334973015736036
294.67625899280574,13.155751933337687
295.1008645533141,13.32760743543471
295.52669552669556,13.059264947748328
295.9537572254335,12.510576525687691
296.3820549927641,11.677692266213683
296.81159420289856,10.410552587809493
297.2423802612482,8.563314124954932
297.6744186046512,6.194366314291981
298.1077147016012,3.6693275659597786
298.54227405247815,1.5681116506195665
298.978102189781,0.4443817811876585
299.41520467836256,0.5741685068134228
299.8535871156662,1.825272745993875
300.2932551319648,3.71697057929398
300.73421439060206,5.635162851348841
301.17647058823525,7.09312274211249
301.620029455081,7.9150031588398555
302.06489675516224,8.266243162814314
302.5110782865583,8.52444800219836
302.95857988165676,9.042470737651126
303.4074074074074,9.917137761226096
303.85756676557867,10.893900909932638
304.30906389301634,11.46963204694982
304.7619047619047,11.144270175603069
305.2160953800298,9.689182995704657
305.6716417910448,7.29065617269918
306.1285500747384,4.494783955521675
306.58682634730536,2.0015141945011155
307.0464767616192,0.4287604422056246
307.5075075075075,0.1453130911204299
307.96992481203006,1.2115371632779923
308.433734939759,3.3942623912462295
308.8989441930618,6.20160375152839
309.3655589123867,8.944131956524735
309.83358547655064,10.857458521397099
310.3030303030303,11.298282553160604
310.7738998482549,10.002976710851424
311.2462006079027,7.326984019002848
311.7199391171994,4.307177089655417
312.1951219512195,2.4171291179429204
312.67175572519085,3.0015739780562307
313.1498470948012,6.554989113428024
313.6294027565084,12.20127862052189
314.11042944785277,17.782463721211766
314.5929339477727,20.737595923848815
315.0769230769231,19.49671412130343
315.5624036979969,14.687119173126865
316.04938271604937,9.340454777512658
316.53786707882534,7.703527763004564
317.0278637770898,13.075070968888504
317.5193798449612,25.77724863851306
318.0124223602484,42.456732721340686
318.50699844479004,57.276366306274575
319.0031152647975,64.51334323552152
319.5007800312012,61.28317935658904
320.0,49.033436385472804
320.5007824726134,33.119987174732735
321.0031347962382,20.737673002178255
321.5070643642072,18.138521263127778
322.0125786163522,28.23785406789615
322.5196850393701,49.43438715365452
323.02839116719235,76.00080216969245
323.5387045813586,100.01243284908561
324.0506329113924,114.38938801045795
324.56418383518223,116.12555104454242
325.07936507936506,108.36404814272753
325.59618441971384,100.02409995657335
326.11464968152865,102.48419991677055
326.63476874003186,124.27212067258102
327.15654952076676,166.11718162974796
327.68,219.0954202478676
328.2051282051282,267.40701541751815
328.7319422150882,295.0143905459692
329.2604501607717,293.1487198802817
329.7906602254429,264.89253180004323
330.3225806451613,224.3264817062277
330.8562197092084,190.480106197803
331.3915857605178,179.0038495615062
331.9286871961102,195.6019067025648
332.46753246753246,234.23714860031387
333.0081300813008,280.5912247491254
333.5504885993485,318.71825875133294
334.094616639478,337.62531221991924
334.640522875817,335.0678642856071
335.18821603927984,317.5552164876915
335.73770491803276,297.33159754333394
336.28899835796386,287.99904063140673
336.8421052631579,300.30006515302057
337.3970345963756,338.9515904487822
337.95379537953795,400.94009130145565
338.51239669421483,475.5864654381553
339.07284768211923,546.7400677324191
339.63515754560524,597.1807880658944
340.19933554817277,614.4319775237667
340.765391014975,596.0757987316666
341.3333333333333,552.1274860520399
341.9031719532554,502.69154816967307
342.4749163879599,470.9889718174233
343.04857621440533,474.14360878406865
343.6241610738255,515.6111054364064
344.2016806722689,582.8518025461831
344.7811447811448,651.7283650316339
345.362563237774,696.0899583616089
345.94594594594594,698.5378514932801
346.5313028764805,657.7046055718231
347.11864406779665,588.8945123419128
347.70797962648555,517.8973106867489
348.29931972789115,470.78066601684014
348.8926746166951,464.0712325964493
349.4880546075085,499.2781341537961
350.0854700854701,563.580509929778
350.6849315068493,635.7895887982287
351.286449399657,694.6492801303928
351.89003436426117,726.0059379256786
352.4956970740103,726.4041114936025
353.10344827586204,702.5111507485698
353.71329879101904,667.4703787239373
354.3252595155709,636.148170674879
354.93934142114387,621.0579590038318
355.55555555555554,629.8520670294363
356.17391304347825,664.3426177852486
356.794425087108,720.5499793049459
357.4171029668411,789.368547955851
358.04195804195797,857.8504379734085
358.6690017513135,911.4226122659337
359.29824561403507,937.1880262835286
359.9297012302285,927.8222930810172
360.5633802816901,884.8671962724101
361.1992945326279,819.9004905486862
361.8374558303887,752.4497431043112
362.4778761061947,704.631967123666
363.1205673758865,693.9290164639579
363.76554174067496,726.5862301077868
364.4128113879003,794.2745154921706
365.0623885918003,875.6998200797582
365.7142857142857,943.0766669036558
366.3685152057245,971.4714028898196
367.02508960573476,947.7451445094291
367.68402154398564,875.7599789161443
368.3453237410072,775.7632650063815
369.009009009009,677.9640639716578
369.67509025270755,612.4449657829695
370.3435804701627,598.9355020246423
371.0144927536232,640.0794494048257
371.68784029038113,720.5769066773205
372.3636363636364,812.4723449764033
373.0418943533697,884.6978816857202
373.7226277372263,913.5213840769992
374.4058500914077,890.3043101065032
375.09157509157507,824.0077509225744
375.77981651376143,737.764211213111
376.47058823529414,660.8702324528119
377.1639042357274,619.0479402314006
377.8597785977859,626.2689540969733
378.5582255083179,680.7432374243486
379.25925925925924,766.1664822695427
379.96289424860856,857.5405769770556
380.6691449814126,929.4342941143288
381.37802607076355,963.9004240473749
382.089552238806,955.566406230678
382.803738317757,912.4906837307301
383.5205992509363,852.8202027812831
384.24015009380867,798.5921488915566
384.96240601503763,768.7960452451936
385.6873822975518,773.8792484505121
386.4150943396226,813.2526556111059
387.14555765595463,876.2825661372228
387.8787878787879,946.1681777549056
388.6148007590133,1005.3083982306223
389.35361216730035,1040.424151761583
390.09523809523813,1045.9492546776264
390.8396946564886,1024.8957867272366
391.5869980879541,987.1981173804044
392.3371647509578,946.2507109832184
393.0902111324376,914.8256566271799
393.84615384615387,901.5976627556244
394.6050096339113,909.1770357281903
395.3667953667953,934.0388264632172
396.1315280464217,968.1493231776072
396.8992248062015,1001.6312977194713
397.6699029126213,1025.621873995225
398.4435797665369,1034.5201638341366
399.22027290448347,1027.0839270618465
400.0,1006.2340531332522
400.7827788649706,977.7828502338675
401.56862745098044,948.5599114172136
402.35756385068765,924.5198188469785
403.1496062992126,909.3337199710976
403.9447731755424,903.7690068527194
404.7430830039526,905.9036694793507
405.54455445544556,911.9891838923862
406.3492063492063,917.6649250730636
407.1570576540755,919.1659062791318
407.9681274900399,914.1815267336428
408.7824351297405,902.2133591479741
409.59999999999997,884.4485910126896
410.4208416833667,863.2249486116893
411.24497991967877,841.2787983789328
412.07243460764585,821.0287092188173
412.9032258064516,804.0544214816929
413.7373737373737,790.8637225798136
414.57489878542515,780.9594104131962
415.4158215010142,773.1202157471882
416.260162601626,765.8268625571152
417.10794297352334,757.705180756222
417.9591836734694,747.8098066460852
418.81390593047036,735.7667555893818
419.67213114754094,721.797692540463
420.53388090349074,706.5416493857725
421.3991769547325,690.8121364417501
422.2680412371134,675.4186270148242
423.1404958677686,660.9739656223845
424.0165631469979,647.7756194307476
424.896265560166,635.8206070578408
425.77962577962575,624.855967816743
426.6666666666667,614.5089607550743
427.5574112734864,604.4056520021151
428.45188284518827,594.2056533031142
429.3501048218029,583.7357885769406
430.25210084033614,573.020104810638
431.1578947368421,562.1134596968283
432.06751054852316,551.1426387450163
432.98097251585625,540.3409452311806
433.8983050847458,529.8562857058077
434.81953290870484,519.7674975293614
435.74468085106383,510.149434038101
436.67377398720674,500.9919815273919
437.60683760683764,492.2674811917211
438.54389721627405,483.9160411897363
439.48497854077254,475.8373867469333
440.4301075268817,468.0816199133808
441.37931034482756,460.6401479928798
442.3326133909287,453.32353048984453
443.2900432900433,446.2081791999683
444.2516268980477,439.4857983860383
445.2173913043478,433.06483659950345
446.1873638344227,426.9222428173147
447.1615720524017,421.1803032196754
448.14004376367615,415.8544676630768
449.12280701754383,410.9678525688494
450.1098901098901,406.4941303836573
451.10132158590307,402.42186132490394
452.0971302428256,398.86898855436294
453.0973451327433,395.673431032026
454.1019955654102,392.6801553282874
455.1111111111111,390.1837611998244
456.1247216035635,388.2182114608441
457.1428571428571,386.58769057741614
458.165548098434,385.4573374142265
459.19282511210764,384.8284744446954
460.2247191011236,384.55271637606694
461.2612612612612,384.7310539708111
462.3024830699774,385.32815018048126
463.3484162895927,386.36093917218477
464.39909297052156,387.84870416169537
465.4545454545454,389.4889589767535
466.5148063781321,391.5203318431133
467.57990867579906,394.2637501483473
468.64988558352405,397.220358051287
469.7247706422018,400.4842536741244
470.8045977011494,404.5653651767468
471.889400921659,409.0801702142312
472.97921478060044,413.92702642881704
474.07407407407413,419.3575380272735
475.17401392111367,425.1818351775042
476.27906976744185,431.4832702862166
477.3892773892773,438.14774557811677
478.5046728971963,445.1595242805865
479.62529274004686,453.2237786035466
480.75117370892025,461.7740961953477
481.88235294117646,470.2674093723395
483.0188679245283,479.9444276432172
484.160756501182,490.4117972686576
485.3080568720379,500.5631595532516
486.46080760095015,511.5182250358342
487.61904761904765,523.4513652255772
488.7828162291169,535.4655951669995
489.95215311004785,547.8342519896908
491.1270983213429,560.8831368355832
492.3076923076923,575.3764986571924
493.4939759036144,590.9025212877832
494.68599033816423,605.6798128393199
495.8837772397094,621.3750418653801
497.08737864077665,638.8528632638647
498.29683698296833,655.3368079434957
499.51219512195115,672.4096695126392
500.7334963325183,692.2837719063303
501.9607843137255,712.3635597394745
503.1941031941032,732.5256807874244
504.43349753694577,754.1003011736436
505.679012345679,776.8283036322147
506.9306930693069,801.0363478999233
508.18858560794047,824.8147086933576
509.452736318408,849.1533602235305
510.72319201995015,877.3037262811904
511.99999999999994,903.8304851943897
513.2832080200501,928.0063523539624
514.572864321608,957.6108117180707
515.8690176322418,988.4403586849428
517.1717171717172,1016.2470587266909
518.4810126582279,1047.3762381780323
519.7969543147208,1080.5492410135948
521.1195928753181,1112.1547692982167
522.4489795918367,1142.95598877485
523.7851662404091,1172.7419684496501
525.1282051282051,1206.0946791510414
526.478149100257,1239.976333452269
527.8350515463917,1267.8405402967398
529.1989664082687,1301.769290280102
530.5699481865284,1341.1905243173524
531.948051948052,1370.6716196603345
533.3333333333333,1402.301650624958
534.7258485639686,1443.7517983677253
536.1256544502618,1478.9321189666246
537.5328083989501,1509.9071366213643
538.9473684210527,1545.5198783900298
540.3693931398416,1583.6292425966933
541.7989417989418,1621.627641701169
543.236074270557,1654.4505142379453
544.6808510638298,1693.4770806496692
546.1333333333333,1745.1871651470208
547.5935828877006,1783.296305796959
549.0616621983914,1815.5548571123563
550.5376344086021,1867.1277038536257
552.021563342318,1908.2320740148164
553.5135135135134,1931.9564352441266
555.0135501355013,1971.0133782905714
556.5217391304348,2010.7674653077506
558.0381471389645,2031.9197209377633
559.5628415300547,2048.918747862635
561.0958904109589,2073.16334332425
562.6373626373627,2104.5682468491227
564.1873278236914,2116.2698813957168
565.7458563535912,2108.3329830687094
567.3130193905816,2120.712292104499
568.8888888888889,2114.7507959060645
570.4735376044569,2060.689839018626
572.0670391061452,2030.9448976591923
573.6694677871149,2015.3100929313684
575.2808988764044,1956.1758042662923
576.9014084507043,1902.3488278046846
578.5310734463276,1869.9654684723753
580.1699716713881,1818.3176196244226
581.8181818181818,1756.4388443686778
583.4757834757835,1698.1631759541883
585.1428571428571,1655.984330577758
586.8194842406876,1608.1726616453536
588.5057471264367,1518.0217793895085
590.2017291066282,1467.6821600783417
591.907514450867,1459.0796420580887
593.6231884057971,1368.725992114052
595.3488372093024,1312.6232293359496
597.0845481049563,1368.9028758619788
598.8304093567251,1318.8700516182384
600.5865102639297,1246.3841030239828
602.3529411764705,1325.2777896820194
604.1297935103245,1246.6378088651293
605.9171597633135,1062.0306894859752
607.7151335311573,1058.524063272718
609.5238095238094,1071.4039268581594
611.3432835820896,962.2444293955333
613.1736526946107,860.9052475115353
615.015015015015,867.1490179977575
616.867469879518,836.3948849772621
618.7311178247734,936.9923860497852
620.6060606060606,943.924958713464
622.4924012158054,750.4625099245758
624.390243902439,745.9032205701445
626.2996941896024,821.5551072017369
628.2208588957055,698.601762492104
630.1538461538462,681.1567200321462
632.0987654320987,749.1205010709303
634.0557275541796,626.1560871729577
636.0248447204968,688.5744703389914
638.006230529595,1055.9804321868223
640.0,1016.1996892098687
642.0062695924764,734.6827516613323
644.0251572327044,809.1235610576398
646.0567823343847,972.6766261103319
648.1012658227849,1036.5346639078489
650.1587301587301,1159.3718173038656
652.2292993630573,1241.8372239928708
654.3130990415335,1255.686925778506
656.4102564102564,1279.8013354194788
658.5209003215434,1229.092934326399
660.6451612903226,1239.728990358541
662.7831715210356,1301.0659626445977
664.9350649350649,1166.3611771069045
667.100977198697,1206.821876713473
669.281045751634,1566.545469283475
671.4754098360655,1589.3883112752737
673.6842105263158,1425.2638832774483
675.9075907590759,1526.8117133648461
678.1456953642385,1386.2534570918438
680.3986710963455,1043.8054340835336
682.6666666666666,1069.2353423247168
684.9498327759198,1209.363153479199
687.248322147651,978.6373806938136
689.5622895622896,761.3228430666073
691.8918918918919,690.7817162712047
694.2372881355933,636.7637910635509
696.5986394557823,564.935032791462
698.976109215017,527.8412606367859
701.3698630136986,506.66144442991003
703.7800687285223,518.3517524818873
706.2068965517241,552.1279686963518
708.6505190311418,594.3721056899728
711.1111111111111,675.1449811766979
713.588850174216,790.2498639826963
716.0839160839159,886.9676919649831
718.5964912280701,997.436459030643
721.1267605633802,1162.683119284175
723.6749116607774,1272.4958062121
726.241134751773,1346.5688391084477
728.8256227758006,1510.4632487746987
731.4285714285714,1604.7674440358282
734.0501792114695,1573.1192399949216
736.6906474820144,1641.7876758032942
739.3501805054151,1790.502432239709
742.0289855072464,1855.091827336584
744.7272727272727,1762.5723418742423
747.4452554744526,1482.4354225795173
750.1831501831501,1241.2027553236878
752.9411764705883,1147.165695782716
755.7195571955718,1033.2661917942098
758.5185185185185,897.1566752846866
761.3382899628252,767.8681413056901
764.179104477612,718.8508628737349
767.0411985018726,848.3014363511342
769.9248120300753,1012.3526423085546
772.8301886792452,992.8602440296938
775.7575757575758,1031.9056671478838
778.7072243346007,1231.5241351439734
781.6793893129772,1433.2616370474343
784.6743295019156,1686.3056578501973
787.6923076923077,2211.3416527157465
790.7335907335906,2323.8723301945342
793.798449612403,1804.735566521415
796.8871595330738,1611.0428412774395
800.0,1599.4822179805508
803.1372549019609,1335.1449069296953
806.2992125984252,1286.3226745022478
809.4861660079052,1556.235486933895
812.6984126984127,2133.4009785692656
815.9362549800798,2626.328491111871
819.1999999999999,2502.0480614674952
822.4899598393575,1743.1333587379684
825.8064516129032,1009.0456207923331
829.1497975708503,580.2301517407955
832.520325203252,440.1077922346162
835.9183673469388,709.7054460047422
839.3442622950819,1009.9813653805473
842.798353909465,1346.3705546459148
846.2809917355372,1874.530849067378
849.792531120332,2137.8362393730335
853.3333333333334,1990.5953490322006
856.9037656903765,1948.436061415175
860.5042016806723,1975.1170823055545
864.1350210970463,1753.2087814050376
867.7966101694916,1303.7243085830778
871.4893617021277,1002.7677655377711
875.2136752136753,848.1738354750289
878.9699570815451,730.5468610170838
882.7586206896551,614.0719694665302
886.5800865800866,604.2127820348862
890.4347826086956,596.0704735984518
894.3231441048034,537.4287157372987
898.2456140350877,585.6529301189893
902.2026431718061,759.1239431108444
906.1946902654867,898.1471546852698
910.2222222222222,1009.0995927851311
914.2857142857142,1213.4772698576576
918.3856502242153,1357.0718537365879
922.5225225225224,1251.4753330436763
926.6968325791854,1111.1200554901193
930.9090909090908,1097.9180439837053
935.1598173515981,1076.7971339903888
939.4495412844036,1051.780442496034
943.778801843318,1158.5114680666145
948.1481481481483,1163.2963289688084
952.5581395348837,807.8954149800275
957.0093457943926,479.88802018683526
961.5023474178405,450.7226141919284
966.0377358490566,534.775121237927
970.6161137440758,424.8583591389506
975.2380952380953,221.81284765924977
979.9043062200957,149.41719852957218
984.6153846153846,183.03074270525875
989.3719806763285,229.0539093916179
994.1747572815533,251.46970420789356
999.0243902439023,288.27358268648914
1003.921568627451,351.4284101193642
1008.8669950738915,436.5136686712187
1013.8613861386139,555.1986133851472
1018.905472636816,699.5206644680507
1023.9999999999999,822.248306685947
1029.145728643216,925.7281751621949
1034.3434343434344,1048.9582900841642
1039.5939086294416,1161.28142940576
1044.8979591836735,1232.7888083428454
1050.2564102564102,1306.9013801130586
1055.6701030927834,1378.8279151467875
1061.139896373057,1406.4868695564371
1066.6666666666665,1424.5344009962412
1072.2513089005236,1448.5369390505348
1077.8947368421054,1435.909922921504
1083.5978835978835,1407.5143686078568
1089.3617021276596,1390.5171352597442
1095.1871657754011,1348.1203411243694
1101.0752688172042,1286.4730437720943
1107.0270270270269,1236.5746365028117
1113.0434782608695,1173.133814619812
1119.1256830601094,1092.6995978098798
1125.2747252747254,1023.7766465966718
1131.4917127071824,951.8303164393571
1137.7777777777778,867.1373408424432
1144.1340782122904,790.899798405362
1150.5617977528088,717.3820043414609
1157.0621468926552,636.8754557301096
1163.6363636363635,564.5099327813087
1170.2857142857142,501.10089110655133
1177.0114942528735,438.2650111327184
1183.815028901734,382.16429242421333
1190.6976744186047,334.30495111752043
1197.6608187134502,289.5264468063948
1204.705882352941,249.268534569398
1211.834319526627,214.05925196889993
1219.0476190476188,181.73240098448485
1226.3473053892214,152.84992211048544
1233.734939759036,127.59621425606402
1241.2121212121212,105.52130997757187
1248.780487804878,86.7581362768938
1256.441717791411,70.60642658146188
1264.1975308641975,57.11007131437776
1272.0496894409937,46.54507672726066
1280.0,37.72700306642489
1288.0503144654087,30.412720884728284
1296.2025316455697,24.94632026020166
1304.4585987261146,20.3025235352059
1312.8205128205127,16.22092006471721
1321.2903225806451,13.190526442051
1329.8701298701299,10.551258366220782
1338.562091503268,8.081295171604204
1347.3684210526317,6.298078444126609
1356.291390728477,4.859056428501525
1365.3333333333333,3.5115687969035863
1374.496644295302,2.612174244179715
1383.7837837837837,2.0234184707648635
1393.1972789115646,1.4995201612761606
1402.7397260273972,1.1817101390895268
1412.4137931034481,1.0111642424487757
1422.2222222222222,0.817440626235955
1432.1678321678319,0.6727704769022657
1442.2535211267605,0.5881978679359218
1452.482269503546,0.4756613563982803
1462.857142857143,0.3732112683163364
1473.3812949640287,0.30689379165576974
1484.0579710144928,0.23360613736049182
1494.890510948905,0.16838951034556005
1505.8823529411766,0.12944588799852813
1517.037037037037,0.09906929009243325
1528.358208955224,0.07778948562358906
1539.8496240601505,0.06648564524596857
1551.5151515151515,0.06065323568349693
1563.3587786259543,0.05779063846711157
1575.3846153846155,0.05035464616996512
1587.596899224806,0.04282817407788825
1600.0,0.036986566499682474
1612.5984251968505,0.027305951138712578
1625.3968253968253,0.01858112573012933
1638.3999999999999,0.012453004763290178
1651.6129032258063,0.007030070949420966
1665.040650406504,0.0040367687406663195
1678.6885245901638,0.001988342722364695
1692.5619834710744,0.000824224005094453
1706.6666666666667,0.0009744135020127172
1721.0084033613446,0.0005137685076685615
1735.5932203389832,0.00010791537165462166
1750.4273504273506,6.931076021545631e-05
1765.5172413793102,0.00016313814857997597
1780.8695652173913,0.0006672569461581391
1796.4912280701753,0.0012766996017417062
1812.3893805309733,0.0026200999835492697
1828.5714285714284,0.004107350214280275
1845.0450450450448,0.00521261211853291
1861.8181818181815,0.006374616382026767
1878.8990825688072,0.0064958355593360455
1896.2962962962965,0.006179412057499642
1914.0186915887853,0.005823135884786378
1932.0754716981132,0.004243527317038894
1950.4761904761906,0.0027584773844402805
1969.2307692307693,0.0017668653670322222
1988.3495145631066,0.0005723398201099698
2007.843137254902,6.88887180212698e-05
2027.7227722772277,5.192832981813633e-05
2047.9999999999998,0.00037289423580104836
2068.686868686869,0.0010011028119963406
2089.795918367347,0.001335860482074083
2111.340206185567,0.0018966232700168772
2133.333333333333,0.0022864902956685057
2155.789473684211,0.002071006101934992
2178.723404255319,0.0020647070542967856
2202.1505376344085,0.0019344092272953815
2226.086956521739,0.0016482820218532653
2250.5494505494507,0.0016151211022663475
2275.5555555555557,0.001402491917717483
2301.1235955056177,0.0012785512415720334
2327.272727272727,0.001272715543675125
2354.022988505747,0.0010344791540644594
2381.3953488372094,0.0009095210251051398
2409.411764705882,0.0007731441597340565
2438.0952380952376,0.0005650022821752822
2467.469879518072,0.0005341114286802281
2497.560975609756,0.0005027113200224711
2528.395061728395,0.0005821576267473517
2560.0,0.0007670492758082962
2592.4050632911394,0.0008860976129789449
2625.6410256410254,0.0010773862353702201
2659.7402597402597,0.0011796300581584302
2694.7368421052633,0.0011491620571932024
2730.6666666666665,0.0011302504195796958
2767.5675675675675,0.000995255366292297
2805.4794520547944,0.0008336152008954802
2844.4444444444443,0.0007363732809556001
2884.507042253521,0.0006297132644636575
2925.714285714286,0.0005860029647559406
2968.1159420289855,0.0005875394832913266
3011.764705882353,0.0005996463627065938
3056.716417910448,0.0006378975626760823
3103.030303030303,0.000636407781543421
3150.769230769231,0.0006148393273475124
3200.0,0.0005969282198074271
3250.7936507936506,0.0005378942260305917
3303.2258064516127,0.0004581552000724476
3357.3770491803275,0.0003972850942571135
3413.3333333333335,0.0003515214156491938
3471.1864406779664,0.00029786407833124075
3531.0344827586205,0.00024773281851932113
3592.9824561403507,0.00022990774848631322
3657.142857142857,0.00022159370233293507
3723.636363636363,0.00019832730696755054
3792.592592592593,0.00018832610568769392
3864.1509433962265,0.0002122449710290624
3938.4615384615386,0.00023781433363058484
4015.686274509804,0.00024043964647622862
4095.9999999999995,0.00025822022396633526
4179.591836734694,0.0002916937046097922
4266.666666666666,0.000236725101778172
4357.446808510638,0.00011162608589847754
4452.173913043478,3.4292981002699514e-05
4551.111111111111,6.986315747715358e-06
4654.545454545454,1.0092521357631033e-06
4762.790697674419,3.8374520394185023e-07
4876.190476190475,1.8465510016814668e-07
4995.121951219512,3.9319902035989126e-08
5120.0,1.179387066934997e-08
5251.282051282051,9.23240978600206e-09
5389.473684210527,2.5170040715894636e-09
5535.135135135135,2.4982560915205916e-10
5688.888888888889,3.1169780699186215e-10
5851.428571428572,1.4752140277168873e-10
6023.529411764706,1.1149558769773768e-11
6206.060606060606,3.2398985093586293e-12
6400.0,5.388474830299282e-12
6606.451612903225,2.002554848714876e-12
6826.666666666667,9.340285583074042e-13
7062.068965517241,5.409293785732113e-13
7314.285714285714,3.029739169464302e-13
7585.185185185186,1.9628137946725055e-13
7876.923076923077,1.0866605766855645e-13
