"Wavelength, nm",Intensity
136.44237175216523,3.139478763103896e-21
136.53333333333333,4.0681863700213784e-21
136.62441627751835,5.392402978830887e-21
136.71562082777035,7.32633052164827e-21
136.80694722778892,1.0145461995580696e-20
136.89839572192514,1.9550369799623515e-20
136.98996655518394,1.8856684061197127e-18
137.08165997322624,2.6580837102278427e-16
137.17347622237108,1.4765322147204654e-14
137.26541554959786,3.627438318786537e-13
137.35747820254863,4.8628411389305254e-12
137.4496644295302,4.1601366633971485e-11
137.54197447951645,2.5482320243730814e-10
137.63440860215053,1.197212820813357e-09
137.72696704774717,4.491175448975836e-09
137.81965006729476,1.4047424171233128e-08
137.9124579124579,3.837014952987337e-08
138.0053908355795,9.388400797901486e-08
138.09844908968307,2.0721647684327392e-07
138.19163292847506,4.1830658219396507e-07
138.28494260634707,7.891611215042149e-07
138.37837837837836,1.4062845396678922e-06
138.47194050033806,2.372446759167033e-06
138.5656292286874,3.823444378126367e-06
138.65944482058225,5.941801518016322e-06
138.75338753387533,8.878580637764056e-06
138.84745762711862,1.2695292875081229e-05
138.94165535956583,1.7460502639360586e-05
139.03598099117448,2.3211365085938903e-05
139.1304347826087,2.9673976295949607e-05
139.22501699524133,3.6319321884294015e-05
139.31972789115645,4.267863764640396e-05
139.4145677331518,4.803270482439793e-05
139.50953678474113,5.1064922533563875e-05
139.60463531015677,5.080266879468006e-05
139.69986357435198,4.77016597781968e-05
139.79522184300342,4.323059097299292e-05
139.89071038251367,3.940850860076389e-05
139.98632946001365,3.976280445920228e-05
140.08207934336525,5.0198006167737846e-05
140.17796030116358,7.88603887194005e-05
140.27397260273972,0.00013576800596138406
140.37011651816314,0.00023138865572294183
140.46639231824417,0.0003745257895882702
140.56280027453673,0.0005738348255848741
140.65934065934067,0.0008410899772559147
140.75601374570448,0.0011846334112054638
140.85281980742778,0.0015960981081698242
140.949759119064,0.0020557745346102916
141.04683195592284,0.002555348859660379
141.14403859407307,0.003093367877798842
141.24137931034483,0.003641332809703222
141.33885438233264,0.0041495884831514035
141.4364640883978,0.004597377053771056
141.53420870767104,0.004988337919667761
141.6320885200553,0.005288198368524418
141.73010380622836,0.005437437285096845
141.8282548476454,0.005438270391045018
141.92654192654192,0.005346389102993963
142.0249653259362,0.005167608742669805
142.1235253296322,0.0048566875664161615
142.22222222222223,0.004423302194655502
142.32105628908963,0.003939349093419226
142.42002781641168,0.003438633664214449
142.51913709116212,0.0029039705709935945
142.6183844011142,0.002349494832681707
142.7177700348432,0.0018279460134741688
142.81729428172943,0.001362765247612375
142.91695743196092,0.000944757153373718
143.0167597765363,0.0005828229290633752
143.11670160726763,0.0003022365665650509
143.21678321678323,0.00011255300001164722
143.31700489853043,1.5113423547022996e-05
143.4173669467787,1.4833157271799045e-05
143.5178696566223,0.00010557930162307165
143.61851332398317,0.0002773313797875106
143.71929824561403,0.0005335734476407003
143.8202247191011,0.0008627547093453464
143.92129304286718,0.0012231900285966655
144.0225035161744,0.0015989449882022045
144.12385643912737,0.0020174098573054098
144.22535211267606,0.002482878390495196
144.32699083861874,0.0029828998272337973
144.42877291960508,0.0035737935072387185
144.530698659139,0.004336158689404814
144.6327683615819,0.005264883014098144
144.73498233215545,0.006365955729507611
144.83734087694484,0.007791712928396509
144.9398443029016,0.009657943871461279
145.04249291784703,0.011832069215560603
145.14528703047483,0.014147991248560749
145.24822695035462,0.01664628386181783
145.35131298793468,0.019316313028409835
145.45454545454544,0.021862322902330967
145.55792466240226,0.024033379814933118
145.66145092460883,0.025849232154174225
145.76512455516016,0.027209593762164693
145.86894586894587,0.027720310877630945
145.9729151817534,0.02721015534332674
146.07703281027102,0.025967551896436628
146.18129907209135,0.024238567869603635
146.28571428571428,0.021963035877803117
146.39027877055037,0.0191608563768874
146.49499284692416,0.016126956086253155
146.59985683607732,0.013144674247544981
146.7048710601719,0.01035996900557215
146.8100358422939,0.007947653712061256
146.91535150645623,0.006122985873075177
147.0208183776023,0.005001144305358234
147.1264367816092,0.004595429369221912
147.23220704529115,0.004905511294018636
147.33812949640287,0.005955955024108557
147.4442044636429,0.0078102129232530786
147.55043227665706,0.01052404853185486
147.6568132660418,0.014046585186325516
147.76334776334778,0.018288367546952428
147.87003610108303,0.023309765596770525
147.97687861271675,0.029198148186134636
148.08387563268258,0.035710006552149204
148.19102749638205,0.04236079889730063
148.29833454018825,0.048894110597082506
148.40579710144928,0.05522604240701244
148.51341551849166,0.060936140403377005
148.6211901306241,0.06535822272607957
148.72912127814087,0.06814811037316548
148.8372093023256,0.06921413533675416
148.94545454545454,0.06823645575883053
149.0538573508006,0.06488863983251844
149.16241806263656,0.05942485961279139
149.27113702623907,0.05250841399461303
149.38001458789202,0.04460371416629817
149.4890510948905,0.036005671557216276
149.59824689554418,0.02728369435511745
149.70760233918128,0.01921297975350979
149.81711777615214,0.01235089538747344
149.9267935578331,0.006996136162256606
150.03663003663004,0.003390254343165845
150.1466275659824,0.0016657442350624496
150.25678650036684,0.0017356849763743932
150.36710719530103,0.0033947232215822496
150.47759000734754,0.0063806883158364636
150.58823529411762,0.010306902581265343
150.69904341427517,0.014729505568842324
150.8100147275405,0.0193152021726572
150.92114959469419,0.023838263153091576
151.03244837758112,0.02805089368326843
151.1439114391144,0.03166702441996222
151.25553914327915,0.0344699479532782
151.3673318551367,0.03635072305914116
151.47928994082838,0.03721504696954295
151.59141376757958,0.03694652183755247
151.7037037037037,0.03553233157182389
151.81616011860638,0.033123727115974
151.92878338278933,0.029888501657348188
152.04157386785448,0.025930080665011058
152.15453194650817,0.021430796429270784
152.26765799256503,0.01672994792056799
152.38095238095235,0.012200714770402965
152.4944154877141,0.008170021184733317
152.6080476900149,0.004942381484876507
152.72184936614468,0.002760939083502126
152.8358208955224,0.0017491842575300563
152.9499626587005,0.001948800767238414
153.0642750373692,0.0033505276178884148
153.1787584143605,0.005831135307769678
153.29341317365268,0.009111856088408535
153.40823970037454,0.012841686086016171
153.5232383808096,0.016725402295360133
153.6384096024006,0.020528798056142307
153.75375375375376,0.02395290696229081
153.86927122464311,0.026606403177598836
153.98496240601503,0.028188206270026585
154.10082768999246,0.028621720720803653
154.2168674698795,0.02793892135379929
154.33308214016577,0.026141198978191223
154.4494720965309,0.023267378206758955
154.56603773584905,0.01951366082426922
154.68277945619334,0.015215449927114863
154.79969765684052,0.010766172105550758
154.91679273827532,0.006581943293164036
155.0340651021953,0.0031010970876322545
155.15151515151516,0.0007766732243819232
155.2691432903715,2.095637194594091e-05
155.38694992412746,0.0011274269395551942
155.50493545937738,0.004264511453439884
155.62310030395136,0.00949994622762582
155.74144486692012,0.01673517157946591
155.8599695585997,0.025633501870811908
155.97867479055597,0.035678759802766795
156.09756097560975,0.04628588694073562
156.21662852784135,0.05685194150514427
156.33587786259542,0.06675121567231151
156.45530939648586,0.07530714145510677
156.5749235474006,0.08183837682180846
156.69472073450652,0.08583402526156698
156.8147013782542,0.08706662550252087
156.93486590038313,0.08550739630677155
157.05521472392638,0.08124563748141875
157.17574827321565,0.07455198359235432
157.29646697388634,0.06592516577786005
157.4173712528824,0.05603252188481131
157.53846153846155,0.04564037176055768
157.65973826020013,0.035567185746929866
157.78120184899845,0.026633455642188254
157.9028527370856,0.01961852763426314
158.02469135802468,0.015211475163083145
158.14671814671814,0.013947334997064931
158.26893353941267,0.016163215314152938
158.39133797370457,0.02197318514610458
158.5139318885449,0.031244555742733212
158.63671572424477,0.04359914987963895
158.7596899224806,0.05845110745886961
158.88285492629947,0.07506885047326375
159.0062111801242,0.09262236028553188
159.12975912975912,0.11015542660635903
159.25349922239502,0.12657353046124356
159.37743190661476,0.14082415960351524
159.50155763239874,0.1521255873739556
159.62587685113016,0.15994288713462188
159.7503900156006,0.1638403839981826
159.87509758001562,0.1635283972439793
160.0,0.1590147466717266
160.12509773260362,0.1506318724898655
160.2503912363067,0.13899038506643502
160.37588097102582,0.12494373563146165
160.5015673981191,0.10951482429337196
160.62745098039213,0.09380232271113562
160.7535321821036,0.07893352629462845
160.87981146897093,0.06602929602288513
161.0062893081761,0.056125082173579
161.13296616837135,0.050075615325831206
161.25984251968504,0.04849241020622555
161.38691883372735,0.05171458666645343
161.51419558359618,0.059793988106149824
161.64167324388316,0.07248792230319397
161.7693522906793,0.08925765982793905
161.89723320158103,0.10928691365757924
162.0253164556962,0.13153223372355377
162.15360253365006,0.15479026653887348
162.28209191759112,0.17779263035725812
162.41078509119745,0.19931232335332605
162.53968253968253,0.21818253997584505
162.66878474980143,0.23329122758750398
162.79809220985692,0.24374806285282477
162.92760540970565,0.24907197480404566
163.05732484076432,0.24912358052257408
163.18725099601593,0.244001326596231
163.31738437001593,0.23414336656421228
163.44772545889865,0.22036718162082733
163.57827476038338,0.2037241531138668
163.709032773781,0.18543398965266836
163.84,0.1668846521211425
163.97117694155327,0.14951083660005968
164.1025641025641,0.13467354029089865
164.23416198877305,0.12362983119279607
164.3659711075441,0.11744875823239463
164.49799196787149,0.11688577277353628
164.63022508038586,0.12236284208995805
164.76267095736122,0.13401575834526494
164.89533011272144,0.15165495971888804
165.02820306204674,0.17465276741637037
165.16129032258064,0.20195918207961863
165.29459241323647,0.2322699934952932
165.4281098546042,0.2640991343995578
165.56184316895713,0.2957734572673565
165.6957928802589,0.3256027499424699
165.82995951417004,0.3520641708910936
165.9643435980551,0.37378728188397436
166.09894566098947,0.3896227111540019
166.23376623376623,0.39886847830266037
166.36880584890332,0.4012901558724943
166.5040650406504,0.39697774088774523
166.63954434499593,0.3863728933727112
166.77524429967426,0.37039433898342605
166.9111654441728,0.35040191917861685
167.047308319739,0.32797251232711205
167.18367346938777,0.30471768365933827
167.3202614379085,0.2823408483594297
167.45707277187245,0.2626699507148719
167.59410801963992,0.24738324478347337
167.7313677313677,0.23780197924470547
167.86885245901638,0.2350102413965244
168.00656275635768,0.23982470023670244
168.14449917898193,0.25246093805411407
168.28266228430567,0.27253611188116317
168.42105263157896,0.29949037879720913
168.559670781893,0.3325327077299072
168.6985172981878,0.3701964732884127
168.83759274525966,0.4107471086744332
168.97689768976898,0.45279597346356304
169.11643270024774,0.4946615680378874
169.25619834710741,0.5341677220866331
169.39619520264682,0.569860556190658
169.53642384105962,0.6007543285529227
169.67688483844242,0.6251661413959962
169.81757877280262,0.6419958726542092
169.95850622406635,0.6515511982890688
170.09966777408638,0.653679505402747
170.24106400665005,0.6481242660419138
170.3826955074875,0.6365363687209966
170.52456286427974,0.6208114652940606
170.66666666666666,0.6017082716014731
170.8090075062552,0.5812593600482558
170.9515859766277,0.5626464612892075
171.09440267335003,0.5474117666695993
171.23745819397996,0.5366864582145646
171.3807531380753,0.5330585110464002
171.52428810720266,0.537995675643199
171.66806370494552,0.5509505680575394
171.81208053691276,0.5725823611709212
171.95633921074725,0.6040506496885772
172.10084033613444,0.6433084828126661
172.24558452481077,0.687761975973264
172.3905723905724,0.737781297778071
172.5358045492839,0.7917183595564792
172.681281618887,0.8442274441998008
172.82700421940928,0.8939391307597253
172.97297297297297,0.9420070006833309
173.11918850380385,0.9837303025223201
173.26565143824024,1.0151759936835492
173.41236240474177,1.0399750960856387
173.55932203389833,1.0581118998803092
173.70653095843934,1.0642848889672045
173.85398981324278,1.0615868343105168
174.0016992353441,1.05596005121686
174.14965986394557,1.0437692128306353
174.2978723404255,1.0239887669942649
174.44633730834755,1.0052813103328526
174.59505541346974,0.9893966562725455
174.74402730375425,0.9712573606642496
174.8932536293766,0.9558809315089881
175.04273504273505,0.9505614625769804
175.1924721984602,0.9505859238300277
175.34246575342465,0.9531245961002922
175.49271636675235,0.9661889064131536
175.6432246998285,0.9903269581889641
175.79399141630904,1.0165294628675663
175.94501718213058,1.046656154382001
176.0963026655202,1.087348038622634
176.24784853700515,1.1307983842336842
176.3996554694229,1.1700592337465041
176.55172413793102,1.213073069289545
176.70405522001724,1.2596834058979067
176.85664939550952,1.2978613109183899
177.00950734658602,1.3302385514536896
177.16262975778545,1.3645767016210761
177.3160173160173,1.3909516873561696
177.46967071057193,1.4041060196433925
177.62359063313096,1.4153913102539601
177.77777777777777,1.423416916130563
177.93223284100782,1.4176447268807595
178.08695652173913,1.4061486842642796
178.24194952132288,1.3973671972346062
178.397212543554,1.3823699351919294
178.55274629468178,1.362002016202641
178.70855148342056,1.3495122348224813
178.86462882096066,1.3419038871508577
179.02097902097898,1.331833151435369
179.17760279965006,1.330020899520702
179.33450087565674,1.3419563539142452
179.4916739702016,1.3562370073192602
179.64912280701753,1.3734744922735171
179.80684811237927,1.4043305491858347
179.96485061511424,1.441145687136786
180.12313104661388,1.4739904282875538
180.28169014084506,1.5119782393043162
180.44052863436124,1.5560695726153493
180.59964726631395,1.5916835055237843
180.75904677846424,1.6209095277194936
180.91872791519435,1.6522581938731395
181.07869142351902,1.6734378161718073
181.23893805309734,1.678323565258602
181.39946855624444,1.6800379776583616
181.56028368794324,1.675668133928427
181.72138420585628,1.6526364371991267
181.88277087033748,1.6205447936793953
182.04444444444445,1.58844081087969
182.20640569395016,1.5467755656535884
182.3686553873553,1.4964244644370626
182.53119429590015,1.4489592627126162
182.69402319357712,1.4026639984562352
182.85714285714286,1.3553505103892851
183.0205540661305,1.3148871993189892
183.18425760286226,1.2817960503603412
183.34825425246197,1.2534751032175029
183.51254480286738,1.236778188855686
183.67713004484304,1.2321051366378477
183.84201077199282,1.2316172764403943
184.00718778077265,1.240929926366659
184.1726618705036,1.2673043355004976
184.33843384338437,1.2983678629817987
184.5045045045045,1.3271524159502486
184.67087466185754,1.3668439934029049
184.83754512635377,1.415387353869613
185.0045167118338,1.4524423349345221
185.17179023508135,1.479785613869192
185.33936651583707,1.5102048973045648
185.5072463768116,1.5303246949854035
185.675430643699,1.525935035601491
185.84392014519057,1.5096767950734007
186.01271571298818,1.487329100157572
186.1818181818182,1.4445596483080603
186.3512283894449,1.3824007279488588
186.52094717668484,1.3165195541374153
186.69097538742025,1.2460906580422528
186.86131386861314,1.1641399421121665
187.03196347031962,1.0797565997835588
187.20292504570384,1.0018691740504875
187.37419945105214,0.9261190482430367
187.54578754578753,0.8522448626943226
187.71769019248396,0.7878193383898193
187.88990825688072,0.7323973083882639
188.06244260789717,0.6824718817466011
188.23529411764707,0.643293916938438
188.40846366145354,0.6163236456451644
188.5819521178637,0.5944127889473495
188.75576036866357,0.5811267364985158
188.92988929889296,0.586251747256128
189.10433979686056,0.6014777190852676
189.27911275415894,0.6169503633080357
189.45420906567992,0.6481433701375021
189.62962962962962,0.7039065114680432
189.80537534754404,0.7612246929254126
189.98144712430428,0.8157653115352574
190.15784586815226,0.89664075445017
190.3345724907063,0.9950359130729938
190.51162790697674,1.0729928587104545
190.68901303538178,1.1509677865345183
190.8667287977633,1.2592704621082866
191.044776119403,1.350297347225083
191.22315592903828,1.3998294654070609
191.4018691588785,1.467818651906772
191.5809167446211,1.5475599344967845
191.76029962546815,1.5668853478050533
191.94001874414244,1.5631316445813648
192.12007504690433,1.5954349137337795
192.3004694835681,1.5961595031175788
192.48120300751881,1.542138033224246
192.66227657572907,1.5162573039192693
192.8436911487759,1.4952050063741382
193.02544769085767,1.4174385602294295
193.2075471698113,1.3586228380096044
193.38999055712932,1.3366671557362888
193.57277882797732,1.256734258106244
193.75591296121098,1.1721412391601191
193.93939393939394,1.1686058175414806
194.12322274881518,1.1377006929868039
194.30740037950665,1.0510871007541716
194.49192782526114,1.0514984918309422
194.67680608365018,1.0902806306548416
194.86203615604185,1.0397031647127857
195.04761904761907,1.0342838595160426
195.23355576739752,1.1328433412258416
195.4198473282443,1.136097850374105
195.6064947468959,1.1032621250501753
195.79349904397705,1.2229033143129373
195.9808612440191,1.2876986691443686
196.1685823754789,1.224283001382563
196.35666347075744,1.3217479553613711
196.5451055662188,1.4295794326561493
196.73390970220942,1.330803619200522
196.92307692307693,1.3880950374753733
197.1126082771896,1.5501950742572648
197.30250481695566,1.4223399254811244
197.4927675988428,1.3991654561006115
197.68339768339766,1.6052071600045288
197.8743961352657,1.4664834894286238
198.06576402321085,1.3468915736709863
198.25750242013552,1.6094500419128746
198.44961240310076,1.4696343313126368
198.64209505334625,1.151464504004248
198.83495145631065,1.4507132573684955
199.02818270165207,1.4832691713958701
199.22178988326846,0.9599654628545525
199.4157740993184,1.0826240473819138
199.61013645224173,1.3703176217205637
199.8048780487805,0.8790598277959607
200.0,0.751974026762107
200.19550342130987,1.2629316807471433
200.3913894324853,0.9899219498113536
200.58765915768853,0.5332751079212142
200.78431372549022,1.219214774672092
200.9813542688911,1.4992204355724545
201.17878192534383,0.6399079533546335
201.37659783677483,1.0978796125857417
201.5748031496063,2.206693383860432
201.77339901477833,1.2033605305610042
201.9723865877712,0.9270769011179245
202.1717670286278,2.8443664328225404
202.3715415019763,2.1798117383032194
202.57171117705244,0.7339796603727998
202.77227722772278,3.0826403819905486
202.97324083250743,3.429116227921903
203.17460317460316,0.7173056562378718
203.37636544190661,2.702586540767996
203.57852882703776,4.636663659851372
203.78109452736314,1.137394437220256
203.98406374501994,1.7187084942325301
204.1874376869392,5.363643755586082
204.39121756487026,2.2451387805934453
204.5954045954046,0.5156997055194859
204.79999999999998,5.094764968137106
205.005005005005,4.069968878337958
205.21042084168334,0.024129627997916202
205.41624874623875,3.564487713848728
205.62248995983938,6.028065269746453
205.8291457286432,1.5146169496443405
206.03621730382292,1.4790539274383976
206.24370594159112,6.791180925156335
206.4516129032258,5.3438226160011295
206.65993945509584,0.8293054362307057
206.86868686868684,5.708870034232629
207.07785642062692,10.364861322101879
207.28744939271257,3.534318390033275
207.49746707193518,3.3350493896729034
207.7079107505071,14.143781595749328
207.9187817258883,10.191295135916006
208.130081300813,1.7881331131702738
208.34181078331636,14.174305880471898
208.55397148676167,18.920371898564497
208.7665647298675,4.239907382134183
208.9795918367347,10.141638378110068
209.19305413687437,25.33678684026845
209.40695296523518,12.747518483120981
209.6212896622313,5.834101172089565
209.83606557377047,24.75774165884626
210.05128205128204,24.853087682527338
210.26694045174537,8.192420265678843
210.48304213771837,17.113174208802445
210.69958847736626,31.754340128590513
210.91658084449023,20.22439848656762
211.1340206185567,11.710936420848139
211.3519091847265,26.986328305241752
211.5702479338843,33.46852697918961
211.78903826266804,18.6315261602358
212.00828157349895,17.39703095907119
212.22797927461139,35.37928836510902
212.448132780083,34.22172375231812
212.668743509865,16.98436171933267
212.88981288981287,24.993008567226884
213.11134235171693,43.21615490426388
213.33333333333334,30.8724768438237
213.555787278415,16.57352326280698
213.7787056367432,35.792061863550764
214.00208986415882,47.62123019844058
214.22594142259413,25.92627819969527
214.4502617801047,20.27989728304745
214.67505241090146,46.07291572655584
214.900314795383,48.938731907471805
215.12605042016807,23.1778654271824
215.35226077812828,25.028731933879875
215.57894736842104,52.83586791997765
215.80611169652263,49.87983434494627
216.03375527426158,22.667075050498944
216.26187961985215,28.329136740624573
216.49048625792813,57.19976731475636
216.7195767195767,51.6240274484584
216.9491525423729,23.348552016309124
217.17921527041358,30.527241889683612
217.40976645435242,59.626818961004524
217.64080765143464,52.62434290970084
217.87234042553192,24.43628446096509
218.10436634717786,32.06571194287323
218.33688699360337,59.63604497292039
218.5699039487727,52.00008209077143
218.80341880341882,25.404875146141066
219.0374331550802,32.81355585939648
219.27194860813702,58.59904851225509
219.5069667738478,51.659512799368095
219.74248927038627,26.04114276899571
219.97851772287862,31.71551477776636
220.21505376344086,57.61658808951916
220.45209903121636,53.81084857263552
220.68965517241378,26.902987207502715
220.92772384034518,27.296622335156364
221.16630669546436,54.50754276555652
221.4054054054054,57.64961006248469
221.64502164502164,29.650176196769667
221.88515709642468,20.824986796882694
222.12581344902384,46.64105613118108
222.36699239956567,59.26123406348164
222.6086956521739,34.788856740152966
222.85092491838955,16.347456765169284
223.09368191721134,35.113146889418516
223.3369683751363,54.889779099015655
223.58078602620085,39.156526904796245
223.82513661202185,15.679777534465844
224.07002188183807,23.87078927606351
224.31544359255204,44.930605238953255
224.56140350877192,39.011480836942354
224.80790340285398,16.370794156965207
225.05494505494505,15.523676196328923
225.30253025302528,33.93613948291884
225.55066079295153,35.59758152712683
225.79933847850054,16.31235282395157
226.0485651214128,8.84649992898314
226.29834254143645,23.4666467846887
226.54867256637166,31.403421222446426
226.79955703211516,16.88981893008091
227.0509977827051,3.7314019528556037
227.30299667036624,12.298998985671872
227.55555555555554,24.91664079900823
227.80867630700777,18.1208420598143
228.06236080178175,2.8693962730480567
228.31661092530658,3.786442675004684
228.57142857142856,16.498145609065094
228.82681564245812,17.090616873828477
229.082774049217,4.4518298259629265
229.33930571108624,0.9129551763362878
229.59641255605382,11.975689280251926
229.8540965207632,17.05175908203785
230.1123595505618,6.805812947841125
230.37120359955006,0.5435923685618466
230.6306306306306,12.198121085199904
230.89064261555805,24.345247150021276
231.1512415349887,17.310346668022333
231.41242937853107,4.759094315449691
231.67420814479635,12.701022037799472
231.9365798414496,34.309691879563005
232.19954648526078,38.070150418774205
232.46311010215663,19.946252944335676
232.7272727272727,13.548329343784369
232.9920364050057,37.029123103453614
233.25740318906605,60.419619848597414
233.52337514253134,49.72366475599681
233.78995433789953,21.81963131049146
234.05714285714288,22.266081509929833
234.32494279176203,56.19840849955104
234.59335624284074,77.39795128559702
234.8623853211009,54.98559156355039
235.13203214695753,19.25887201884325
235.4022988505747,18.53258040620536
235.67318757192174,50.852310092746634
235.9447004608295,68.62122760739409
236.2168396770473,46.35627901776766
236.48960739030022,12.663917748912144
236.76300578034682,6.334518009203309
237.03703703703707,24.95030839581001
237.3117033603708,35.553258686916216
237.58700696055683,22.99595343878979
237.862950058072,4.874994209133132
238.13953488372093,0.3576996809396165
238.41676367869616,5.535430213987302
238.69463869463866,7.016521703578912
238.97316219369893,4.4037510241854605
239.25233644859816,5.884872564352566
239.53216374269007,10.097294526238342
239.81264637002343,7.911321838526981
240.0937866354044,0.9672051986822942
240.37558685446012,3.5622597975665635
240.65804935370153,20.666555781079445
240.94117647058823,35.49659986659603
241.2249705535924,29.623055878396922
241.50943396226415,9.956118131000057
241.79456906729635,2.969757960001087
242.080378250591,20.942315494590144
242.3668639053254,44.752478445070516
242.65402843601896,46.919090172038985
242.94187425860022,25.178272937594574
243.23040380047507,3.7861191935212175
243.51961950059456,3.059102100322061
243.80952380952382,17.462142889334764
244.1001191895113,26.770096936858227
244.39140811455846,21.458261471089102
244.68339307048984,9.763835561762004
244.97607655502392,2.9483589385853164
245.2694610778443,2.2658977488730665
245.56354916067144,2.9002219469716977
245.85834333733493,4.066567085518104
246.15384615384616,8.582336397854428
246.4500601684717,14.553648576914503
246.7469879518072,14.819106312536155
247.04463208685164,7.171550373084917
247.34299516908212,0.2419202839770058
247.6420798065296,4.392344430674433
247.9418886198547,18.001777282015265
248.24242424242422,27.554337954495892
248.54368932038832,22.929461041631715
248.8456865127582,9.405093912829749
249.14841849148416,1.3934724051852763
249.45188794153472,5.6502402730477534
249.75609756097558,14.724856947456894
250.06105006105005,17.7902092349181
250.36674816625916,13.7806748812723
250.6731946144431,10.363806814716938
250.98039215686276,12.113053187134431
251.2883435582822,14.594983783848816
251.5970515970516,11.606900173656545
251.90651906519062,4.814924515200214
252.21674876847288,2.472412046175294
252.52774352651045,8.719562479889005
252.8395061728395,17.46310472804208
253.15203955500616,19.07036875440782
253.46534653465346,11.665928499780936
253.7794299876084,3.0509272276505643
254.09429280397023,1.3091717357249693
254.40993788819875,6.064980052010752
254.726368159204,10.520170091311613
255.04358655043586,10.432318169165464
255.36159600997507,8.438541499958935
255.6803995006242,9.118580784551972
255.99999999999997,12.260632455695418
256.3204005006258,13.260245670054202
256.64160401002505,9.765159592042227
256.9636135508155,5.70715324527664
257.286432160804,7.277778677534098
257.61006289308176,15.451683915993547
257.9345088161209,24.04433945229591
258.2597730138714,25.78926087910014
258.5858585858586,19.630814946367323
258.91276864728195,11.175007533546818
259.24050632911394,6.5346430637704636
259.5690747782003,6.83399594689112
259.8984771573604,8.827300648808384
260.22871664548916,9.522848673789781
260.55979643765903,8.942738022178181
260.89171974522293,8.63583024797857
261.2244897959184,8.860602531058548
261.5581098339719,8.223691810658616
261.89258312020456,5.8681226843704115
262.2279129321382,3.144819707609328
262.56410256410254,2.5406652361701174
262.9011553273428,5.0037341392556405
263.2390745501285,8.851902449269897
263.5778635778636,11.469860857061805
263.91752577319585,11.807097228809193
264.258064516129,10.954084542490179
264.59948320413434,10.52734472972372
264.9417852522639,10.9528509139464
265.2849740932642,11.36481013656533
265.6290531776913,10.91631780961212
265.974025974026,9.923367194302523
266.3198959687906,9.569865486085012
266.66666666666663,10.53373998685383
267.01434159061273,12.100963419570666
267.3629242819843,12.736920129148
267.7124183006536,11.478086214337281
268.0628272251309,8.720655796403786
268.41415465268676,5.737864231199496
268.76640419947506,3.5960627695423915
269.119579500657,2.577351209702774
269.47368421052636,2.3933813654781733
269.82872200263506,2.698913346212399
270.1846965699208,3.308810336713564
270.5416116248349,4.031994345478518
270.8994708994709,4.560792276792118
271.25827814569533,4.724053508942132
271.6180371352785,4.810501962953929
271.97875166002655,5.408743617883008
272.3404255319149,6.767528421105476
272.70306258322233,8.402548959964244
273.06666666666666,9.48998848545028
273.4312416555407,9.654649769751762
273.7967914438503,9.245820054795
274.1633199464525,8.863415575635335
274.5308310991957,8.774394599561033
274.8993288590604,8.809078168943305
275.26881720430106,8.649818843977407
275.6393001345895,8.083540116469575
276.010781671159,7.048056596477191
276.3832658569501,5.612115222312738
276.7567567567567,3.9955298122891687
277.1312584573748,2.5473326020589515
277.50677506775065,1.6382994026576887
277.88331071913166,1.4856098212322215
278.2608695652174,1.9625820973283796
278.6394557823129,2.6135504698909475
279.01907356948226,2.9714295189844986
279.39972714870396,2.9442166089352075
279.78142076502735,2.910044033158836
280.1641586867305,3.4209054066039504
280.54794520547944,4.78260841089253
280.93278463648835,6.809926612063097
281.31868131868134,8.892438604926705
281.70563961485556,10.288500901226081
282.0936639118457,10.486649202379438
282.48275862068965,9.439580983923141
282.8729281767956,7.5765311843500065
283.2641770401106,5.651347246485513
283.6565096952908,4.405085971641673
284.0499306518724,4.159484701001611
284.44444444444446,4.649729718607039
284.84005563282335,5.215786640472864
285.2367688022284,5.187431244255192
285.63458856345886,4.24130842551528
286.0335195530726,2.5966518242348826
286.43356643356645,0.9333752871683849
286.8347338935574,0.05523715890921743
287.23702664796633,0.4980176868367657
287.6404494382022,2.2325229262379818
288.0450070323488,4.618608819563704
288.4507042253521,6.658511484582486
288.85754583921016,7.442695969955481
289.2655367231638,6.631254851515415
289.6746817538897,4.66095606161881
290.08498583569406,2.5830570344087502
290.49645390070924,1.6128615419619217
290.9090909090909,2.5540818646254446
291.32290184921766,5.408257150359236
291.73789173789174,9.311519333985407
292.15406562054204,12.852867380416924
292.57142857142856,14.61664820909695
292.9899856938483,13.791797337926106
293.4097421203438,10.620253844882928
293.83070301291247,6.308855930143522
294.2528735632184,2.5162878182884585
294.67625899280574,0.6035338506164981
295.1008645533141,1.041363959739293
295.52669552669556,3.3188619655432055
295.9537572254335,6.204753233529269
296.3820549927641,8.329627399299419
296.81159420289856,8.736948169650049
297.2423802612482,7.215766163553399
297.6744186046512,4.449939027911219
298.1077147016012,1.8169002505646028
298.54227405247815,1.0251176472637542
298.978102189781,3.5573830321602853
299.41520467836256,10.029903412612873
299.8535871156662,19.769530430025032
300.2932551319648,30.74298177903478
300.73421439060206,40.150471264607134
301.17647058823525,45.415957263598905
301.620029455081,45.226974355078106
302.06489675516224,40.230803620704634
302.5110782865583,32.8110410702635
302.95857988165676,26.218305209279105
303.4074074074074,23.33182138920215
303.85756676557867,25.553140953829537
304.30906389301634,32.5031465076104
304.7619047619047,42.31186124219467
305.2160953800298,52.439405266524396
305.6716417910448,60.64444740954056
306.1285500747384,65.50771553118388
306.58682634730536,66.69699339937021
307.0464767616192,64.8586412112188
307.5075075075075,61.30194430796869
307.96992481203006,57.81979330923241
308.433734939759,56.39420091685789
308.8989441930618,58.91999988674778
309.3655589123867,66.78123481152153
309.83358547655064,80.21376211699648
310.3030303030303,97.97913993235153
310.7738998482549,117.29685918949684
311.2462006079027,134.35382302330268
311.7199391171994,145.46765623206966
312.1951219512195,148.22465871363212
312.67175572519085,142.45659491032686
313.1498470948012,130.4188383537373
313.6294027565084,115.95665587449736
314.11042944785277,103.37974210370832
314.5929339477727,96.05982625906789
315.0769230769231,95.40200839942744
315.5624036979969,100.772430425717
316.04938271604937,109.90443163562928
316.53786707882534,119.80694428905193
317.0278637770898,127.7549373534458
317.5193798449612,131.8304247257251
318.0124223602484,131.18970295411123
318.50699844479004,125.8684338373321
319.0031152647975,116.44775771409772
319.5007800312012,103.97893237236819
320.0,89.86068285807973
320.5007824726134,75.82759271146286
321.0031347962382,63.981483413199264
321.5070643642072,56.50575199504304
322.0125786163522,55.21834473732529
322.5196850393701,61.001733572275235
323.02839116719235,73.29403910765123
323.5387045813586,89.9797158657473
324.0506329113924,107.67260245474536
324.56418383518223,122.4398372140121
325.07936507936506,130.80863328517188
325.59618441971384,130.6543641337262
326.11464968152865,121.80061193670208
326.63476874003186,106.14255891064282
327.15654952076676,87.20257808688648
327.68,69.31096751709526
328.2051282051282,56.61878897634181
328.7319422150882,52.205228182191775
329.2604501607717,57.51325496992269
329.7906602254429,72.1723454465138
330.3225806451613,94.21022724882901
330.8562197092084,120.5480560145855
331.3915857605178,147.59435567198122
331.9286871961102,171.81664409216935
332.46753246753246,190.1967712184706
333.0081300813008,200.53191799504833
333.5504885993485,201.63081132964993
334.094616639478,193.4573371564174
334.640522875817,177.25842207934303
335.18821603927984,155.664763375102
335.73770491803276,132.66387220540662
336.28899835796386,113.32505653530768
336.8421052631579,103.17416884875863
337.3970345963756,107.17812212323533
337.95379537953795,128.47329659405878
338.51239669421483,167.13397924052984
339.07284768211923,219.36878528143444
339.63515754560524,277.5553856589269
340.19933554817277,331.3516961457218
340.765391014975,369.81014892573006
341.3333333333333,384.09774483849355
341.9031719532554,370.13073924546444
342.4749163879599,330.3187474005491
343.04857621440533,273.7512230890161
343.6241610738255,214.53971757848146
344.2016806722689,168.58590264667532
344.7811447811448,149.53890735353167
345.362563237774,165.02168593355245
345.94594594594594,214.25506744301936
346.5313028764805,287.8489639044782
347.11864406779665,369.9293306183227
347.70797962648555,442.11666752827125
348.29931972789115,488.28547477213164
348.8926746166951,498.78428438822834
349.4880546075085,472.95464574449113
350.0854700854701,419.2434363142022
350.6849315068493,352.89008580573676
351.286449399657,291.8726826776337
351.89003436426117,252.25641631581138
352.4956970740103,244.213263219107
353.10344827586204,269.75210439910575
353.71329879101904,322.6754479424614
354.3252595155709,390.6427492441412
354.93934142114387,458.6581086050491
355.55555555555554,512.9654263933719
356.17391304347825,544.3068121940971
356.794425087108,549.7525599912636
357.4171029668411,532.7681512587066
358.04195804195797,501.6849461883537
358.6690017513135,467.12316670717684
359.29824561403507,439.1416799070221
359.9297012302285,424.88450370981997
360.5633802816901,427.2478694285513
361.1992945326279,444.7746426726749
361.8374558303887,472.6538800082743
362.4778761061947,504.4100254243619
363.1205673758865,533.7519054747195
363.76554174067496,556.0979070795225
364.4128113879003,569.437812209454
365.0623885918003,574.4071225348962
365.7142857142857,573.6634505983103
366.3685152057245,570.8298383044414
367.02508960573476,569.3481630404634
367.68402154398564,571.5511359966702
368.3453237410072,578.1717457387929
369.009009009009,588.3571626118433
369.67509025270755,600.1092470079611
370.3435804701627,610.9971169640797
371.0144927536232,618.9201038896559
371.68784029038113,622.702929373099
372.3636363636364,622.3944517498346
373.0418943533697,619.2152451366833
373.7226277372263,615.1867438819834
374.4058500914077,612.571082009872
375.09157509157507,613.2855675976755
375.77981651376143,618.4354080070827
376.47058823529414,628.0571785139495
377.1639042357274,641.1249786427635
377.8597785977859,655.8130543280245
378.5582255083179,669.9206140860401
379.25925925925924,681.3460159403072
379.96289424860856,688.5097072330063
380.6691449814126,690.633665570429
381.37802607076355,687.8391448070029
382.089552238806,681.0507934863007
382.803738317757,671.7338128032071
383.5205992509363,661.566019461096
384.24015009380867,652.1201317622562
384.96240601503763,644.5899596806117
385.6873822975518,639.6117906554117
386.4150943396226,637.2243388793336
387.14555765595463,636.9717924067376
387.8787878787879,638.0679225785168
388.6148007590133,639.5512097731925
389.35361216730035,640.4747014403296
390.09523809523813,640.0887161769035
390.8396946564886,637.9136112097513
391.5869980879541,633.7445029079936
392.3371647509578,627.6302641022631
393.0902111324376,619.8242574817268
393.84615384615387,610.7255200061634
394.6050096339113,600.784391491185
395.3667953667953,590.4175663519584
396.1315280464217,579.9957450151485
396.8992248062015,569.8313492388227
397.6699029126213,560.1526186440068
398.4435797665369,551.1015296586329
399.22027290448347,542.7356163161329
400.0,535.0537488136741
400.7827788649706,528.0114127023076
401.56862745098044,521.4935150644412
402.35756385068765,515.3280168215794
403.1496062992126,509.3274199452783
403.9447731755424,503.3107862215121
404.7430830039526,497.1213163310371
405.54455445544556,490.6157615419008
406.3492063492063,483.68579356851495
407.1570576540755,476.32070713870604
407.9681274900399,468.5804208410139
408.7824351297405,460.5425078382728
409.59999999999997,452.31713944522846
410.4208416833667,444.04591920474024
411.24497991967877,435.87618407489333
412.07243460764585,427.9289265799734
412.9032258064516,420.2680696893279
413.7373737373737,412.9254025948709
414.57489878542515,405.9164884316999
415.4158215010142,399.2128122896481
416.260162601626,392.75167925716397
417.10794297352334,386.46539410946826
417.9591836734694,380.29777832570863
418.81390593047036,374.21753045840154
419.67213114754094,368.2065692213858
420.53388090349074,362.2482662509306
421.3991769547325,356.3501848781888
422.2680412371134,350.56419815371345
423.1404958677686,344.9441207825011
424.0165631469979,339.5103721472286
424.896265560166,334.3098887227998
425.77962577962575,329.4110495723286
426.6666666666667,324.82675786400404
427.5574112734864,320.56343197382307
428.45188284518827,316.6447910981302
429.3501048218029,313.0708526282967
430.25210084033614,309.85443056300846
431.1578947368421,306.9770785932586
432.06751054852316,304.3947792855471
432.98097251585625,302.13066866918757
433.8983050847458,300.1454250578948
434.81953290870484,298.36337512895216
435.74468085106383,296.8289441343878
436.67377398720674,295.4918634920639
437.60683760683764,294.23735088307245
438.54389721627405,293.1019467619249
439.48497854077254,292.04006494135035
440.4301075268817,290.9735002394488
441.37931034482756,289.95717138270857
442.3326133909287,288.92653461253695
443.2900432900433,287.8527099515601
444.2516268980477,286.8441605825411
445.2173913043478,285.85996387766625
446.1873638344227,284.90505717339266
447.1615720524017,283.9987166579303
448.14004376367615,283.087072303927
449.12280701754383,282.43941509420677
450.1098901098901,282.1318852626934
451.10132158590307,281.8354339926228
452.0971302428256,281.6598730950293
453.0973451327433,281.7149908222079
454.1019955654102,281.89352723900856
455.1111111111111,282.52142988738194
456.1247216035635,283.5311407642807
457.1428571428571,284.5916592899958
458.165548098434,286.05883002458296
459.19282511210764,287.9501195004882
460.2247191011236,290.1426790133472
461.2612612612612,292.97996290855696
462.3024830699774,296.1384597646153
463.3484162895927,299.6234880180874
464.39909297052156,304.019871538742
465.4545454545454,308.7857200885218
466.5148063781321,313.9464077415088
467.57990867579906,320.14121220116755
468.64988558352405,326.6203989184438
469.7247706422018,333.5461813610486
470.8045977011494,341.59434717851127
471.889400921659,349.92546414016743
472.97921478060044,358.8187283096555
474.07407407407413,368.480083913259
475.17401392111367,377.9640515471226
476.27906976744185,388.21233692574793
477.3892773892773,398.9149092719151
478.5046728971963,408.94099197506205
479.62529274004686,420.4420635613747
480.75117370892025,432.57295486810887
481.88235294117646,442.97222425033596
483.0188679245283,454.5252407854391
484.160756501182,467.14820191095464
485.3080568720379,478.36123407197806
486.46080760095015,490.4470792197887
487.61904761904765,503.01607771642256
488.7828162291169,514.8012404028914
489.95215311004785,527.9168082743892
491.1270983213429,540.7026668918263
492.3076923076923,553.5451130332278
493.4939759036144,568.9538468438144
494.68599033816423,583.3667424204386
495.8837772397094,598.3933315952213
497.08737864077665,617.1548763932533
498.29683698296833,634.4354629555297
499.51219512195115,652.2906501139203
500.7334963325183,673.9329500188011
501.9607843137255,694.4798250616717
503.1941031941032,716.8715945073943
504.43349753694577,741.8747774180895
505.679012345679,765.2556490655285
506.9306930693069,792.1286121436062
508.18858560794047,819.3083516303307
509.452736318408,843.6760754491225
510.72319201995015,874.4490861949569
511.99999999999994,903.2378794726746
513.2832080200501,926.001035150041
514.572864321608,957.0413665695111
515.8690176322418,986.2242024331458
517.1717171717172,1007.973669364938
518.4810126582279,1036.5633667470988
519.7969543147208,1062.0322096621019
521.1195928753181,1082.2475819186466
522.4489795918367,1107.839281172196
523.7851662404091,1127.6234965589413
525.1282051282051,1146.6499200599558
526.478149100257,1168.9094346485429
527.8350515463917,1180.0365800220684
529.1989664082687,1197.677851221343
530.5699481865284,1221.0832166478272
531.948051948052,1229.1668625920902
533.3333333333333,1248.7801990108428
534.7258485639686,1275.8241379121353
536.1256544502618,1283.269714539523
537.5328083989501,1300.6593243391476
538.9473684210527,1323.7546505449513
540.3693931398416,1334.548415958283
541.7989417989418,1361.4022981203611
543.236074270557,1385.1792211435516
544.6808510638298,1395.5331319343795
546.1333333333333,1422.5092535305728
547.5935828877006,1439.1905330615275
549.0616621983914,1455.5297520639017
550.5376344086021,1497.3467756451264
552.021563342318,1510.1015127416576
553.5135135135134,1517.4017978717795
555.0135501355013,1555.1967728077266
556.5217391304348,1556.3194593310984
558.0381471389645,1550.8662419987159
559.5628415300547,1580.804683265189
561.0958904109589,1579.4685695988694
562.6373626373627,1570.865627140739
564.1873278236914,1585.6108657009038
565.7458563535912,1583.587191377511
567.3130193905816,1593.487446878034
568.8888888888889,1597.958174867295
570.4735376044569,1573.4027207282156
572.0670391061452,1583.2872051501543
573.6694677871149,1570.1006609472395
575.2808988764044,1512.5635886543141
576.9014084507043,1520.1996839164728
578.5310734463276,1515.4377272717495
580.1699716713881,1453.8406602877465
581.8181818181818,1460.340328135878
583.4757834757835,1464.7542902112025
585.1428571428571,1416.5935339782636
586.8194842406876,1416.4479803025301
588.5057471264367,1405.6381449667083
590.2017291066282,1379.6403997651944
591.907514450867,1391.5369559652268
593.6231884057971,1338.7959373009728
595.3488372093024,1301.6308269421377
597.0845481049563,1337.505716216845
598.8304093567251,1250.7687253578345
600.5865102639297,1149.2574621947729
602.3529411764705,1114.9058655234555
604.1297935103245,932.5431161305884
605.9171597633135,842.3499159254768
607.7151335311573,1087.3743624623671
609.5238095238094,1258.2279093360376
611.3432835820896,1021.717483735204
613.1736526946107,832.1940811172839
615.015015015015,793.479986626211
616.867469879518,782.0746941549817
618.7311178247734,788.9019687140351
620.6060606060606,770.8148320789415
622.4924012158054,680.0149453226627
624.390243902439,737.2366968034192
626.2996941896024,931.2655621127461
628.2208588957055,727.051446793229
630.1538461538462,536.6174313070785
632.0987654320987,596.9324887774458
634.0557275541796,991.1993405872147
636.0248447204968,1180.578674117848
638.006230529595,919.6264969352453
640.0,631.6698300227299
642.0062695924764,475.7260022924159
644.0251572327044,528.3294723659585
646.0567823343847,789.7894173631795
648.1012658227849,855.926629306323
650.1587301587301,667.7876085297152
652.2292993630573,714.0774820337232
654.3130990415335,956.7105205203106
656.4102564102564,1022.9319178609694
658.5209003215434,996.4590125992075
660.6451612903226,989.3857895312182
662.7831715210356,971.9165340403134
664.9350649350649,1049.1464252365404
667.100977198697,1124.5466179974103
669.281045751634,1108.191974001679
671.4754098360655,1175.533953196112
673.6842105263158,1142.2844240863305
675.9075907590759,1051.8027039527208
678.1456953642385,1389.9884097635918
680.3986710963455,1645.815035539431
682.6666666666666,1112.2709766921666
684.9498327759198,1057.9795460292196
687.248322147651,1897.119353047257
689.5622895622896,2200.85665171192
691.8918918918919,1610.779811898523
694.2372881355933,1342.4950057692665
696.5986394557823,1325.9797480148475
698.976109215017,1348.085382456531
701.3698630136986,1546.311233624551
703.7800687285223,1668.9137707958535
706.2068965517241,1526.531152959885
708.6505190311418,1397.4102299185913
711.1111111111111,1338.4087532561189
713.588850174216,1306.985252700179
716.0839160839159,1282.3819694825131
718.5964912280701,1176.156054909741
721.1267605633802,1120.2138009924663
723.6749116607774,1114.4750643630364
726.241134751773,1041.7742605518188
728.8256227758006,1056.9535811053563
731.4285714285714,1247.5140008168992
734.0501792114695,1422.752239159998
736.6906474820144,1462.795389678325
739.3501805054151,1422.1829217356444
742.0289855072464,1463.2330553355168
744.7272727272727,1868.6361739767126
747.4452554744526,2352.602930865153
750.1831501831501,2190.5043179846475
752.9411764705883,1959.4896691096321
755.7195571955718,2163.723070637341
758.5185185185185,2306.0284359818197
761.3382899628252,2338.229888503896
764.179104477612,2346.3684160586226
767.0411985018726,1793.7708201161126
769.9248120300753,1330.944274531145
772.8301886792452,1544.0014385665268
775.7575757575758,1789.7998504484212
778.7072243346007,1550.3878669213345
781.6793893129772,1394.9873041299788
784.6743295019156,1289.0203513015854
787.6923076923077,953.2350261819709
790.7335907335906,744.0843425099685
793.798449612403,711.125032192678
796.8871595330738,744.493253576402
800.0,782.0249145518208
803.1372549019609,1143.3125512596846
806.2992125984252,1367.266037806757
809.4861660079052,894.1028455086591
812.6984126984127,935.9142464906762
815.9362549800798,1481.2518577649416
819.1999999999999,2109.922382679401
822.4899598393575,2498.680910498699
825.8064516129032,2290.3417390959744
829.1497975708503,1831.1399965443566
832.520325203252,1368.792842977128
835.9183673469388,938.8793964257748
839.3442622950819,628.7529138186055
842.798353909465,402.09587266735116
846.2809917355372,240.77485417161026
849.792531120332,179.26419380885412
853.3333333333334,301.09805292440336
856.9037656903765,480.6087527807849
860.5042016806723,388.9524533439658
864.1350210970463,249.1203743438394
867.7966101694916,411.37438158161393
871.4893617021277,913.3166235345655
875.2136752136753,1110.5127942938109
878.9699570815451,933.2335910266831
882.7586206896551,1020.3844963216701
886.5800865800866,1236.4156122360714
890.4347826086956,1179.563297681161
894.3231441048034,1111.826158767264
898.2456140350877,1023.3159796943542
902.2026431718061,731.6107900826037
906.1946902654867,641.8337570757702
910.2222222222222,715.2618508449186
914.2857142857142,405.1894914142432
918.3856502242153,148.1786359862815
922.5225225225224,234.74730449169476
926.6968325791854,290.30412671198076
930.9090909090908,120.47642517560215
935.1598173515981,187.2772936651857
939.4495412844036,500.15373549944354
943.778801843318,385.97056144137014
948.1481481481483,284.8613223336342
952.5581395348837,479.8288210049532
957.0093457943926,773.3366917532044
961.5023474178405,757.3098018267335
966.0377358490566,881.6961065642838
970.6161137440758,1250.911017089978
975.2380952380953,1402.017832581157
979.9043062200957,1392.2958440650536
984.6153846153846,1567.0827050134103
989.3719806763285,1692.0939040910598
994.1747572815533,1735.6484780814023
999.0243902439023,2086.017707735339
1003.921568627451,2457.7891218065624
1008.8669950738915,2300.8483942526072
1013.8613861386139,2056.3369759508123
1018.905472636816,2031.8167268269397
1023.9999999999999,1980.1055688335907
1029.145728643216,1877.0127505004561
1034.3434343434344,1830.50735436416
1039.5939086294416,1750.086159018059
1044.8979591836735,1636.1970777041147
1050.2564102564102,1553.5698966396042
1055.6701030927834,1449.706368195644
1061.139896373057,1325.942683216903
1066.6666666666665,1225.3632198143719
1072.2513089005236,1114.4305470900422
1077.8947368421054,992.1921864761667
1083.5978835978835,889.4836330629463
1089.3617021276596,787.4626404892898
1095.1871657754011,683.5782178718703
1101.0752688172042,596.3014186088825
1107.0270270270269,513.4037260277521
1113.0434782608695,432.67318760773253
1119.1256830601094,366.3073763507826
1125.2747252747254,305.863413457137
1131.4917127071824,247.9324847929093
1137.7777777777778,200.76550776288224
1144.1340782122904,160.26858333606785
1150.5617977528088,123.38355370990956
1157.0621468926552,95.0065121195605
1163.6363636363635,73.0235626230337
1170.2857142857142,53.922975187071366
1177.0114942528735,39.52197072377264
1183.815028901734,29.33479634256223
1190.6976744186047,20.840511352728768
1197.6608187134502,14.000360875033268
1204.705882352941,9.128984829152618
1211.834319526627,5.473585639839839
1219.0476190476188,2.854033212616624
1226.3473053892214,1.4298476780256486
1233.734939759036,0.7762249640504836
1241.2121212121212,0.6050422407410969
1248.780487804878,1.016552460925364
1256.441717791411,1.7147254017246627
1264.1975308641975,2.4238713863831913
1272.0496894409937,3.274203952183672
1280.0,4.062640935659054
1288.0503144654087,4.5356359677487985
1296.2025316455697,4.965313451001247
1304.4585987261146,5.349182634470465
1312.8205128205127,5.436385816926552
1321.2903225806451,5.471799404614949
1329.8701298701299,5.537689833296239
1338.562091503268,5.353553881678084
1347.3684210526317,5.093285868677316
1356.291390728477,4.929441277227401
1365.3333333333333,4.6223400383365965
1374.496644295302,4.232752867925381
1383.7837837837837,3.9355634825075994
1393.1972789115646,3.576935238887012
1402.7397260273972,3.1728305103399075
1412.4137931034481,2.8721811898081233
1422.2222222222222,2.561453464084524
1432.1678321678319,2.2066405655428847
1442.2535211267605,1.9385002209386488
1452.482269503546,1.7238490696836068
1462.857142857143,1.5021075718098615
1473.3812949640287,1.323773221674146
1484.0579710144928,1.1838466558182765
1494.890510948905,1.0512068950023896
1505.8823529411766,0.9476629307387323
1517.037037037037,0.8686792937939757
1528.358208955224,0.7977887593006588
1539.8496240601505,0.744982637930275
1551.5151515151515,0.7004437014149522
1563.3587786259543,0.6521401837881274
1575.3846153846155,0.6145788837312336
1587.596899224806,0.5842574313976766
1600.0,0.544126604391927
1612.5984251968505,0.5037709568944471
1625.3968253968253,0.4716378998888261
1638.3999999999999,0.4344948656379555
1651.6129032258063,0.3918979324862166
1665.040650406504,0.35533318691638405
1678.6885245901638,0.31926187635619185
1692.5619834710744,0.2772104738033002
1706.6666666666667,0.23820701961463078
1721.0084033613446,0.20471443817771
1735.5932203389832,0.17108291857274424
1750.4273504273506,0.14026733531757932
1765.5172413793102,0.1157698635461039
1780.8695652173913,0.09332015182981962
1796.4912280701753,0.07219182168555098
1812.3893805309733,0.05646946792869407
1828.5714285714284,0.0449810363736262
1845.0450450450448,0.03420062970282868
1861.8181818181815,0.025214961235024477
1878.8990825688072,0.019248293208180046
1896.2962962962965,0.01441227284551297
1914.0186915887853,0.010290346765602627
1932.0754716981132,0.008110937441323603
1950.4761904761906,0.0069907045166551565
1969.2307692307693,0.0054995221027921036
1988.3495145631066,0.0044489997739092894
2007.843137254902,0.004387599671484826
2027.7227722772277,0.00426659071879716
2047.9999999999998,0.003845106516304573
2068.686868686869,0.003901228038142712
2089.795918367347,0.004194509957652197
2111.340206185567,0.0042546256868471475
2133.333333333333,0.0044536980540857505
2155.789473684211,0.004822062522737165
2178.723404255319,0.005052881177687896
2202.1505376344085,0.005337338447033391
2226.086956521739,0.005644608529431899
2250.5494505494507,0.005758094403818536
2275.5555555555557,0.005863924074906036
2301.1235955056177,0.005905443486642532
2327.272727272727,0.005730694542599199
2354.022988505747,0.005570760561062464
2381.3953488372094,0.005417287062693463
2409.411764705882,0.005169742953648775
2438.0952380952376,0.004955068317491193
2467.469879518072,0.00472617365176212
2497.560975609756,0.00442723789004464
2528.395061728395,0.004088705981989104
2560.0,0.00364860731953081
2592.4050632911394,0.0031205189189903175
2625.6410256410254,0.0025372742046569753
2659.7402597402597,0.0019228493517817339
2694.7368421052633,0.0013707264243752822
2730.6666666666665,0.0009053325170483116
2767.5675675675675,0.0005287501877789675
2805.4794520547944,0.00027546256500971087
2844.4444444444443,0.00012808413951565707
2884.507042253521,4.9193345165873925e-05
2925.714285714286,1.5471221749528904e-05
2968.1159420289855,1.2731902421814677e-05
3011.764705882353,3.168332773848643e-05
3056.716417910448,7.080598886681785e-05
3103.030303030303,0.0001400823141427849
3150.769230769231,0.00023804712231179531
3200.0,0.0003396954757452932
3250.7936507936506,0.0004204831086509426
3303.2258064516127,0.0004804876640273582
3357.3770491803275,0.0005070265345213308
3413.3333333333335,0.0004645268586052746
3471.1864406779664,0.0003721509348885386
3531.0344827586205,0.00028567601066592486
3592.9824561403507,0.00020644501718860206
3657.142857142857,0.0001243815732094626
3723.636363636363,7.461582333790238e-05
3792.592592592593,7.504277290283011e-05
3864.1509433962265,9.013718259436296e-05
3938.4615384615386,0.00011927667620363517
4015.686274509804,0.00022376772848737133
4095.9999999999995,0.0004027666720411346
4179.591836734694,0.0004728091896617013
4266.666666666666,0.0002787640923419136
4357.446808510638,8.753180078351724e-05
4452.173913043478,2.0364389194737395e-05
4551.111111111111,3.3551317853259064e-06
4654.545454545454,1.2297232722374007e-06
4762.790697674419,6.079695877585057e-07
4876.190476190475,1.4999240000471194e-07
4995.121951219512,7.376568168278869e-08
5120.0,4.577796838409043e-08
5251.282051282051,1.4011780161851437e-08
5389.473684210527,6.1078999597868085e-09
5535.135135135135,4.416006029055102e-09
5688.888888888889,1.5608898432931753e-09
5851.428571428572,3.938733886626857e-10
6023.529411764706,2.819237170479476e-10
6206.060606060606,1.0900851235541437e-10
6400.0,9.195642872733413e-12
6606.451612903225,2.9241538025228936e-12
6826.666666666667,2.146129038615287e-12
7062.068965517241,5.944022954331038e-13
7314.285714285714,3.0236197818921345e-13
7585.185185185186,1.8077033964146553e-13
7876.923076923077,1.2121337170276806e-13
