"Wavelength, nm",Intensity
136.44237175216523,7.140041284338383e-20
136.53333333333333,8.347339812750903e-20
136.62441627751835,9.768501880572876e-20
136.71562082777035,1.1439284703140353e-19
136.80694722778892,1.3464315527338821e-19
136.89839572192514,1.581266043609758e-19
136.98996655518394,7.34140101264301e-18
137.08165997322624,1.5628831401265192e-15
137.17347622237108,7.894017528827045e-14
137.26541554959786,1.8179794524027622e-12
137.35747820254863,2.3655453974887338e-11
137.4496644295302,2.0024296164655212e-10
137.54197447951645,1.2192436556576949e-09
137.63440860215053,5.736576764590982e-09
137.72696704774717,2.197267331115428e-08
137.81965006729476,7.123919752161014e-08
137.9124579124579,2.0141803686632368e-07
138.0053908355795,5.081859567764588e-07
138.09844908968307,1.164949997214891e-06
138.19163292847506,2.4610351261991785e-06
138.28494260634707,4.845630511739026e-06
138.37837837837836,8.97282217299966e-06
138.47194050033806,1.5741634669293957e-05
138.5656292286874,2.6324410790088964e-05
138.65944482058225,4.217823009051716e-05
138.75338753387533,6.50400310997826e-05
138.84745762711862,9.691120899390878e-05
138.94165535956583,0.00014003410436285802
139.03598099117448,0.00019686270834871138
139.1304347826087,0.0002700363563427736
139.22501699524133,0.0003623462736035515
139.31972789115645,0.00047665661033655847
139.4145677331518,0.0006157747857818813
139.50953678474113,0.0007823108224230829
139.60463531015677,0.0009785229405364527
139.69986357435198,0.0012061423616462534
139.79522184300342,0.0014662974009596195
139.89071038251367,0.001759648579450529
139.98632946001365,0.0020866373758380843
140.08207934336525,0.0024477488098090016
140.17796030116358,0.002843852563749323
140.27397260273972,0.0032765183201499304
140.37011651816314,0.003747965190699664
140.46639231824417,0.00426059115035062
140.56280027453673,0.004816368761154719
140.65934065934067,0.005416199741651639
140.75601374570448,0.006059157693516576
140.85281980742778,0.006741917500697583
140.949759119064,0.007458962139463632
141.04683195592284,0.008203690250065105
141.14403859407307,0.008969753714814274
141.24137931034483,0.009752148331679894
141.33885438233264,0.010548624652318168
141.4364640883978,0.011361386453034044
141.53420870767104,0.012197103555496025
141.6320885200553,0.013064572331895608
141.73010380622836,0.013972734084920349
141.8282548476454,0.01492991632090083
141.92654192654192,0.015941210700289414
142.0249653259362,0.017004577652622914
142.1235253296322,0.018110946503350624
142.22222222222223,0.019247909854628806
142.32105628908963,0.02040156537198512
142.42002781641168,0.02155764201711771
142.51913709116212,0.022706280016109838
142.6183844011142,0.023846911196135842
142.7177700348432,0.02498816531976353
142.81729428172943,0.026145250645962497
142.91695743196092,0.027337037648047683
143.0167597765363,0.028580534254980708
143.11670160726763,0.029883925352605124
143.21678321678323,0.031241758414025926
143.31700489853043,0.03263120689345755
143.4173669467787,0.03400980772800974
143.5178696566223,0.03532058617804884
143.61851332398317,0.036503107682383
143.71929824561403,0.03750221783078286
143.8202247191011,0.038277449469050984
143.92129304286718,0.03881476033666764
144.0225035161744,0.03913014265342686
144.12385643912737,0.03927328849421846
144.22535211267606,0.03932937452749513
144.32699083861874,0.0393861830069254
144.42877291960508,0.039513008580116825
144.530698659139,0.03979084785316851
144.6327683615819,0.04027077443363924
144.73498233215545,0.04090504694122702
144.83734087694484,0.04163424422788317
144.9398443029016,0.04240211729133686
145.04249291784703,0.04304080603910818
145.14528703047483,0.04341753293672489
145.24822695035462,0.04349820029396615
145.35131298793468,0.04312702112764366
145.45454545454544,0.0422743390983232
145.55792466240226,0.04115003379671391
145.66145092460883,0.03969111726984773
145.76512455516016,0.037948546236648034
145.86894586894587,0.036398287383925775
145.9729151817534,0.034964604584876144
146.07703281027102,0.03355813318217148
146.18129907209135,0.032779098009968755
146.28571428571428,0.03233020935787768
146.39027877055037,0.03182002655196931
146.49499284692416,0.032036672993348295
146.59985683607732,0.032377490519436065
146.7048710601719,0.032138832646812714
146.8100358422939,0.03265990000741977
146.91535150645623,0.03305916254630837
147.0208183776023,0.03233129657276909
147.1264367816092,0.03280907873771483
147.23220704529115,0.03304474931482382
147.33812949640287,0.031784755897008424
147.4442044636429,0.033181429970436306
147.55043227665706,0.03302088125900906
147.6568132660418,0.029317918553400976
147.76334776334778,0.03544665688205086
147.87003610108303,0.04154723186035843
147.97687861271675,0.026829857947489266
148.08387563268258,0.024610202590947997
148.19102749638205,0.054999071765189915
148.29833454018825,0.05431346914150362
148.40579710144928,0.01576611411110104
148.51341551849166,0.0318294853694467
148.6211901306241,0.08372464280929502
148.72912127814087,0.05891194347345237
148.8372093023256,0.008387896968020078
148.94545454545454,0.053331033385838084
149.0538573508006,0.11025185383679827
149.16241806263656,0.05759778398057509
149.27113702623907,0.007100001693822593
149.38001458789202,0.07747912981881223
149.4890510948905,0.1333672380185141
149.59824689554418,0.05777595611024784
149.70760233918128,0.006417517238559553
149.81711777615214,0.09619278521223966
149.9267935578331,0.15242745294322166
150.03663003663004,0.057881472339804736
150.1466275659824,0.005136821820943923
150.25678650036684,0.11093201519822223
150.36710719530103,0.16690474039742353
150.47759000734754,0.05799962013599484
150.58823529411762,0.005559071404200574
150.69904341427517,0.12322067087013208
150.8100147275405,0.17998355110511835
150.92114959469419,0.061891466667601404
151.03244837758112,0.006156478011520277
151.1439114391144,0.12927643004409808
151.25553914327915,0.19099664916857376
151.3673318551367,0.06991952588185538
151.47928994082838,0.005615930863165652
151.59141376757958,0.12589649377626147
151.7037037037037,0.1957586731309799
151.81616011860638,0.07969349190867459
151.92878338278933,0.003679648091797045
152.04157386785448,0.1118138676583613
152.15453194650817,0.19185906126343674
152.26765799256503,0.09062480872038557
152.38095238095235,0.0014032358544401103
152.4944154877141,0.08558763054059809
152.6080476900149,0.173836821565089
152.72184936614468,0.09916996667512017
152.8358208955224,0.0027210729843601513
152.9499626587005,0.052681039884458686
153.0642750373692,0.13896887172029423
153.1787584143605,0.09815922430809684
153.29341317365268,0.009199410149288193
153.40823970037454,0.02513400020139956
153.5232383808096,0.09658272323175272
153.6384096024006,0.08659915735860253
153.75375375375376,0.019147281718750915
153.86927122464311,0.01094063550195926
153.98496240601503,0.05810729040926589
154.10082768999246,0.06707328735266964
154.2168674698795,0.028265699434783687
154.33308214016577,0.011389532249713735
154.4494720965309,0.03255036432415447
154.56603773584905,0.04446371318128632
154.68277945619334,0.030977519877403853
154.79969765684052,0.02060104627112071
154.91679273827532,0.02449324336132639
155.0340651021953,0.027702369520425943
155.15151515151516,0.02689135856256105
155.2691432903715,0.029088453181540803
155.38694992412746,0.029025887679219608
155.50493545937738,0.021988317015581647
155.62310030395136,0.020157878760587594
155.74144486692012,0.029969313774603205
155.8599695585997,0.03522487628616561
155.97867479055597,0.025340935387729854
156.09756097560975,0.016816638023524892
156.21662852784135,0.02462921402484535
156.33587786259542,0.03529875211308915
156.45530939648586,0.031048622265489597
156.5749235474006,0.02033406760568291
156.69472073450652,0.021184353803105002
156.8147013782542,0.030560797072183715
156.93486590038313,0.03285886039554473
157.05521472392638,0.027006327760408184
157.17574827321565,0.024422309372191486
157.29646697388634,0.027942049727120683
157.4173712528824,0.03061297053364649
157.53846153846155,0.0302890883460278
157.65973826020013,0.03069636826130281
157.78120184899845,0.031743952336277706
157.9028527370856,0.030819603025197203
158.02469135802468,0.030394371880504683
158.14671814671814,0.03407112896175493
158.26893353941267,0.03826813441103691
158.39133797370457,0.037302060680746374
158.5139318885449,0.033927162557556796
158.63671572424477,0.03548448854222298
158.7596899224806,0.041502501827127586
158.88285492629947,0.04444760234323552
159.0062111801242,0.04215960571844321
159.12975912975912,0.04060531477748963
159.25349922239502,0.04352114836104836
159.37743190661476,0.04734453570256594
159.50155763239874,0.04841258755136486
159.62587685113016,0.04841434552979174
159.7503900156006,0.04978597692076015
159.87509758001562,0.051230862032491796
160.0,0.05136526304237418
160.12509773260362,0.052277306608530354
160.2503912363067,0.05544716161522137
160.37588097102582,0.05786169349626714
160.5015673981191,0.05657094580864549
160.62745098039213,0.054245462535929226
160.7535321821036,0.0555691153628481
160.87981146897093,0.059803687944095914
161.0062893081761,0.06158684676753993
161.13296616837135,0.05888927886681298
161.25984251968504,0.05588472757480057
161.38691883372735,0.05665144601703738
161.51419558359618,0.05954069540560894
161.64167324388316,0.060189924222123374
161.7693522906793,0.05774665836868438
161.89723320158103,0.05523580834797449
162.0253164556962,0.05480704464849695
162.15360253365006,0.0552817762499547
162.28209191759112,0.054598019974830984
162.41078509119745,0.052668739804492194
162.53968253968253,0.05075707084572896
162.66878474980143,0.049297773226754625
162.79809220985692,0.047755444087670317
162.92760540970565,0.045957636474274956
163.05732484076432,0.044271360487170286
163.18725099601593,0.04273405591173427
163.31738437001593,0.040908067493749124
163.44772545889865,0.038618320873650816
163.57827476038338,0.036349805667161006
163.709032773781,0.03463149187611818
163.84,0.03326515506563936
163.97117694155327,0.031667057754826984
164.1025641025641,0.029792446401353943
164.23416198877305,0.02810225464389453
164.3659711075441,0.02681517008420565
164.49799196787149,0.025767990633444385
164.63022508038586,0.02482694985942567
164.76267095736122,0.024042805681487842
164.89533011272144,0.023510356795827338
165.02820306204674,0.023248686362025858
165.16129032258064,0.02322083753763858
165.29459241323647,0.023463976420077696
165.4281098546042,0.024102205499646492
165.56184316895713,0.025150823860020037
165.6957928802589,0.026457293802312654
165.82995951417004,0.027938812846953816
165.9643435980551,0.029713105557857743
166.09894566098947,0.0319189337516895
166.23376623376623,0.03456967580787838
166.36880584890332,0.03756964636230996
166.5040650406504,0.04073651628958643
166.63954434499593,0.04396561414928578
166.77524429967426,0.047420322307693795
166.9111654441728,0.05125520998286977
167.047308319739,0.055291501448966246
167.18367346938777,0.05933937467965328
167.3202614379085,0.06346219374234828
167.45707277187245,0.06762287978949666
167.59410801963992,0.07160668895474222
167.7313677313677,0.07538515537244254
167.86885245901638,0.07905656969848861
168.00656275635768,0.082576573363821
168.14449917898193,0.08581726780032886
168.28266228430567,0.08861404754291319
168.42105263157896,0.090779491615179
168.559670781893,0.09230461595087561
168.6985172981878,0.09334859834985687
168.83759274525966,0.09396963515821471
168.97689768976898,0.0940484445879749
169.11643270024774,0.0933913593965256
169.25619834710741,0.0918661335740405
169.39619520264682,0.08954834554468807
169.53642384105962,0.08667658962250528
169.67688483844242,0.08344386828377733
169.81757877280262,0.0798875433604387
169.95850622406635,0.0759153070279367
170.09966777408638,0.0714384213777908
170.24106400665005,0.06651594962589914
170.3826955074875,0.061324997963715835
170.52456286427974,0.05606105870461361
170.66666666666666,0.050900258737906046
170.8090075062552,0.045918257722184004
170.9515859766277,0.041056819361676475
171.09440267335003,0.03626213009684181
171.23745819397996,0.031582658118823735
171.3807531380753,0.02712010241315582
171.52428810720266,0.022977537191758202
171.66806370494552,0.019233720970605536
171.81208053691276,0.015912824393049616
171.95633921074725,0.012984696001928663
172.10084033613444,0.010400897099917886
172.24558452481077,0.008141973116734355
172.3905723905724,0.006226498977700374
172.5358045492839,0.0046623513264061785
172.681281618887,0.003421440581665366
172.82700421940928,0.0024649527264512254
172.97297297297297,0.0017527441283111532
173.11918850380385,0.0012441387317634325
173.26565143824024,0.0009176269143695671
173.41236240474177,0.0007710895043866066
173.55932203389833,0.0008136688600578895
173.70653095843934,0.0010906298341226142
173.85398981324278,0.0016977633910694881
174.0016992353441,0.0027636395210844126
174.14965986394557,0.004453028646887068
174.2978723404255,0.006966984517123931
174.44633730834755,0.010509395288301703
174.59505541346974,0.015291247983094664
174.74402730375425,0.021547729580152893
174.8932536293766,0.029518236491405312
175.04273504273505,0.03946187254647593
175.1924721984602,0.05164112978688948
175.34246575342465,0.06623318878057378
175.49271636675235,0.08334041751081447
175.6432246998285,0.10300252800977253
175.79399141630904,0.12513493670218645
175.94501718213058,0.1496355229980583
176.0963026655202,0.17643429392001522
176.24784853700515,0.2053423176264224
176.3996554694229,0.2361865759186773
176.55172413793102,0.26889127567223814
176.70405522001724,0.3030923042641373
176.85664939550952,0.33821455153801705
177.00950734658602,0.37392003831057813
177.16262975778545,0.40984342931755147
177.3160173160173,0.4453970605655859
177.46967071057193,0.48016918549574983
177.62359063313096,0.5137676756800077
177.77777777777777,0.5455204260181288
177.93223284100782,0.5748087287171431
178.08695652173913,0.6010122876789799
178.24194952132288,0.6232668415050644
178.397212543554,0.6408818009786568
178.55274629468178,0.6533887606737063
178.70855148342056,0.6602128541084504
178.86462882096066,0.6609409610103191
179.02097902097898,0.655356644473943
179.17760279965006,0.6431932581089846
179.33450087565674,0.624525469815195
179.4916739702016,0.5998161178425552
179.64912280701753,0.5695030444425118
179.80684811237927,0.5344043900201234
179.96485061511424,0.49596308052137805
180.12313104661388,0.4555760403700486
180.28169014084506,0.41445624203028214
180.44052863436124,0.3740199419961901
180.59964726631395,0.335794831441882
180.75904677846424,0.30126543662363603
180.91872791519435,0.2719103020604798
181.07869142351902,0.24905593310677263
181.23893805309734,0.2336312430908922
181.39946855624444,0.2260652447297789
181.56028368794324,0.22640265221684575
181.72138420585628,0.23441868133597912
181.88277087033748,0.24959402129159972
182.04444444444445,0.2711683682583187
182.20640569395016,0.29809182310781057
182.3686553873553,0.328863583870352
182.53119429590015,0.36174997647888546
182.69402319357712,0.39502387351863866
182.85714285714286,0.42697734776429414
183.0205540661305,0.4562089624955018
183.18425760286226,0.48164186178223173
183.34825425246197,0.5020773891228398
183.51254480286738,0.516418535326782
183.67713004484304,0.5241019454747082
183.84201077199282,0.5248175195631549
184.00718778077265,0.5185746658760222
184.1726618705036,0.5061534521254313
184.33843384338437,0.4886537663903335
184.5045045045045,0.4668687393782004
184.67087466185754,0.44148221338520066
184.83754512635377,0.4132785704088581
185.0045167118338,0.38310792021297585
185.17179023508135,0.35208665536100475
185.33936651583707,0.3215669104252697
185.5072463768116,0.2926963752682166
185.675430643699,0.2662477624269208
185.84392014519057,0.24268725632475646
186.01271571298818,0.2220963450127479
186.1818181818182,0.204254201030041
186.3512283894449,0.18895972363097588
186.52094717668484,0.17612897504361205
186.69097538742025,0.1657091799800048
186.86131386861314,0.15769269214768825
187.03196347031962,0.1519992562698952
187.20292504570384,0.1482155299497972
187.37419945105214,0.14566877659856664
187.54578754578753,0.14369031508595734
187.71769019248396,0.14159540191106226
187.88990825688072,0.1387685052056293
188.06244260789717,0.13509428461598796
188.23529411764707,0.1309426940069529
188.40846366145354,0.12663102840093426
188.5819521178637,0.1222516167888891
188.75576036866357,0.11774275537217216
188.92988929889296,0.11270753443708836
189.10433979686056,0.10655404542646821
189.27911275415894,0.09907906968614319
189.45420906567992,0.0906344728406256
189.62962962962962,0.08185448254169124
189.80537534754404,0.07349909340554767
189.98144712430428,0.06626519902086016
190.15784586815226,0.06048498351447653
190.3345724907063,0.05612470176951486
190.51162790697674,0.05306751355546512
190.68901303538178,0.05130291631593212
190.8667287977633,0.05095991752546583
191.044776119403,0.052293944154127206
191.22315592903828,0.05565908148864262
191.4018691588785,0.061527249057683975
191.5809167446211,0.07059449086588554
191.76029962546815,0.0838191103945755
191.94001874414244,0.10219985176848478
192.12007504690433,0.12636715432618398
192.3004694835681,0.15618442249934478
192.48120300751881,0.19048804708506606
192.66227657572907,0.227282643513301
192.8436911487759,0.2646662417889569
193.02544769085767,0.30200092520056765
193.2075471698113,0.3405062050695106
193.38999055712932,0.38305175824053944
193.57277882797732,0.4332061894130841
193.75591296121098,0.4935437353985263
193.93939393939394,0.5638987360770016
194.12322274881518,0.6407841752404085
194.30740037950665,0.7184062924276279
194.49192782526114,0.790821195958498
194.67680608365018,0.8545987311091364
194.86203615604185,0.9109230084543538
195.04761904761907,0.9658014677465578
195.23355576739752,1.0281326928438683
195.4198473282443,1.1064433712847768
195.6064947468959,1.2051541362640905
195.79349904397705,1.321814400867261
195.9808612440191,1.4471765433148838
196.1685823754789,1.568182375236108
196.35666347075744,1.672356058222942
196.5451055662188,1.7527489995600003
196.73390970220942,1.812071635721999
196.92307692307693,1.8631714656715834
197.1126082771896,1.9251174730816842
197.30250481695566,2.0171199288581225
197.4927675988428,2.1518230864855896
197.68339768339766,2.3293599601124004
197.8743961352657,2.5355437088731874
198.06576402321085,2.745771151471736
198.25750242013552,2.9324067213338263
198.44961240310076,3.0737341883357985
198.64209505334625,3.1629260722273496
198.83495145631065,3.212905915477229
199.02818270165207,3.254036966250212
199.22178988326846,3.325946639105704
199.4157740993184,3.465738640467665
199.61013645224173,3.6949890646780634
199.8048780487805,4.010296982100107
200.0,4.381386748025903
200.19550342130987,4.757338382837776
200.3913894324853,5.0804226902018375
200.58765915768853,5.3048099489774865
200.78431372549022,5.413317681609174
200.9813542688911,5.426192137803449
201.17878192534383,5.399782382127508
201.37659783677483,5.414106081588991
201.5748031496063,5.550684375740106
201.77339901477833,5.867121824136803
201.9723865877712,6.376472662226747
202.1717670286278,7.037382151850096
202.3715415019763,7.759048732577007
202.57171117705244,8.421760278179395
202.77227722772278,8.908953460515146
202.97324083250743,9.142565099992265
203.17460317460316,9.111002215675299
203.37636544190661,8.880773030395174
203.57852882703776,8.587455584774167
203.78109452736314,8.406205036464927
203.98406374501994,8.506941237134733
204.1874376869392,9.004872503319584
204.39121756487026,9.92093681226344
204.5954045954046,11.164618539855256
204.79999999999998,12.54486032774002
205.005005005005,13.809243034159177
205.21042084168334,14.705746780533739
205.41624874623875,15.052030878030163
205.62248995983938,14.791401966717572
205.8291457286432,14.021559844475089
206.03621730382292,12.988174434967402
206.24370594159112,12.036634808901672
206.4516129032258,11.531170765848364
206.65993945509584,11.763425194708304
206.86868686868684,12.869198392801074
207.07785642062692,14.774788933095387
207.28744939271257,17.19480445601243
207.49746707193518,19.684191016856396
207.7079107505071,21.730578982155023
207.9187817258883,22.874289247718963
208.130081300813,22.83149631648067
208.34181078331636,21.580298350958298
208.55397148676167,19.38879186181939
208.7665647298675,16.779530164267086
208.9795918367347,14.427597809670392
209.19305413687437,13.012049646464462
209.40695296523518,13.055007578429853
209.6212896622313,14.783497591577413
209.83606557377047,18.049334698819447
210.05128205128204,22.333407994343588
210.26694045174537,26.835685663954894
210.48304213771837,30.632196429080334
210.69958847736626,32.876865833527255
210.91658084449023,33.0016397110343
211.1340206185567,30.86184926799015
211.3519091847265,26.800580182630704
211.5702479338843,21.60863033591825
211.78903826266804,16.380362190759236
212.00828157349895,12.297205782529435
212.22797927461139,10.376590501004664
212.448132780083,11.242738693154998
212.668743509865,14.970906034107392
212.88981288981287,21.03780478465312
213.11134235171693,28.396759522213145
213.33333333333334,35.66854007214516
213.555787278415,41.4105545504661
213.7787056367432,44.40431421968106
214.00208986415882,43.9157671477939
214.22594142259413,39.87626575123653
214.4502617801047,32.919841809471514
214.67505241090146,24.284764400533632
214.900314795383,15.604939977816404
215.12605042016807,8.604124563380296
215.35226077812828,4.761054201843615
215.57894736842104,5.015991589880371
215.80611169652263,9.569124622296718
216.03375527426158,17.8139067588455
216.26187961985215,28.422239435440023
216.49048625792813,39.57031191528522
216.7195767195767,49.25743519528399
216.9491525423729,55.67175038637111
217.17921527041358,57.54000230669925
217.40976645435242,54.378826403884425
217.64080765143464,46.61435313854514
217.87234042553192,35.54138356907809
218.10436634717786,23.118812612955036
218.33688699360337,11.647091138323477
218.5699039487727,3.3625572184544104
218.80341880341882,0.02829386891886446
219.0374331550802,2.604116937703245
219.27194860813702,11.037476114260858
219.5069667738478,24.230172944997523
219.74248927038627,40.19318957377757
219.97851772287862,56.36773025699521
220.21505376344086,70.06146515779719
220.45209903121636,78.92106290835736
220.68965517241378,81.37942051309594
220.92772384034518,76.97271356438016
221.16630669546436,66.4638324664879
221.4054054054054,51.77006039671508
221.64502164502164,35.66250974248756
221.88515709642468,21.2945186239184
222.12581344902384,11.653581658097774
222.36699239956567,9.010525815454608
222.6086956521739,14.486278530209674
222.85092491838955,27.806566842198524
223.09368191721134,47.29123816374928
223.3369683751363,70.10243562530951
223.58078602620085,92.71216935991701
223.82513661202185,111.51935200964978
224.07002188183807,123.4740266063469
224.31544359255204,126.61873806896482
224.56140350877192,120.46803118684596
224.80790340285398,106.0992041830435
225.05494505494505,85.97919308837386
225.30253025302528,63.550715837845075
225.55066079295153,42.60913342425523
225.79933847850054,26.64148283705349
226.0485651214128,18.224266981596003
226.29834254143645,18.58037050010775
226.54867256637166,27.389548676183523
226.79955703211516,42.85887180057194
227.0509977827051,62.07594663083298
227.30299667036624,81.54537664510684
227.55555555555554,97.80631099586033
227.80867630700777,108.05928525006985
228.06236080178175,110.6206132599794
228.31661092530658,105.15912922201996
228.57142857142856,92.69349577607989
228.82681564245812,75.30743475198027
229.082774049217,55.717923415831955
229.33930571108624,36.76092098847346
229.59641255605382,20.85452938880681
229.8540965207632,9.599790763123572
230.1123595505618,3.5664833915012992
230.37120359955006,2.287040189559357
230.6306306306306,4.463983611979829
230.89064261555805,8.32618764712059
231.1512415349887,12.065108155477107
231.41242937853107,14.250441618769813
231.67420814479635,14.138766751875504
231.9365798414496,11.813154332881863
232.19954648526078,8.12566386006534
232.46311010215663,4.473871871357261
232.7272727272727,2.4552330592719773
232.9920364050057,3.479298981999006
233.25740318906605,8.422403071840234
233.52337514253134,17.398000666035962
233.78995433789953,29.687952089818992
234.05714285714288,43.82520759259864
234.32494279176203,57.85615928218035
234.59335624284074,69.72649725074552
234.8623853211009,77.64731948400927
235.13203214695753,80.41464697113707
235.4022988505747,77.63379335938703
235.67318757192174,69.77833743889776
235.9447004608295,58.090788705848084
236.2168396770473,44.324726397476596
236.48960739030022,30.40706807212313
236.76300578034682,18.106744417501506
237.03703703703707,8.730136468724009
237.3117033603708,2.928553895770822
237.58700696055683,0.6568979277508347
237.862950058072,1.2548290337794037
238.13953488372093,3.6462725026531713
238.41676367869616,6.6115591878647075
238.69463869463866,9.066934076774467
238.97316219369893,10.28891612619685
239.25233644859816,10.036102086720021
239.53216374269007,8.562706093793066
239.81264637002343,6.516795992523362
240.0937866354044,4.75053319238783
240.37558685446012,4.102293892179541
240.65804935370153,5.190358713562698
240.94117647058823,8.260845341116854
241.2249705535924,13.12538038956219
241.50943396226415,19.192949278768022
241.79456906729635,25.58107318084858
242.080378250591,31.294577052320083
242.3668639053254,35.43621206326565
242.65402843601896,37.381888819481894
242.94187425860022,36.90194207398243
243.23040380047507,34.2140541665026
243.51961950059456,29.924579764880125
243.80952380952382,24.88064288639023
244.1001191895113,19.984844187965873
244.39140811455846,16.013160207074687
244.68339307048984,13.480359135850893
244.97607655502392,12.568232562812597
245.2694610778443,13.11806096156475
245.56354916067144,14.685303316683067
245.85834333733493,16.646743833225607
246.15384615384616,18.34284165121804
246.4500601684717,19.22100275411289
246.7469879518072,18.948610319102052
247.04463208685164,17.466004069546194
247.34299516908212,14.97325909529122
247.6420798065296,11.8746358490299
247.9418886198547,8.68348814293777
248.24242424242422,5.904977310261722
248.54368932038832,3.9363617608531727
248.8456865127582,2.996409581574451
249.14841849148416,3.0918568225972995
249.45188794153472,4.029393419461747
249.75609756097558,5.464904315220936
250.06105006105005,6.9799801913135395
250.36674816625916,8.179322051077584
250.6731946144431,8.786957946631043
250.98039215686276,8.701497093584534
251.2883435582822,8.005063858275
251.5970515970516,6.9372255744077735
251.90651906519062,5.822423794015162
252.21674876847288,4.978333784211406
252.52774352651045,4.6512044617144195
252.8395061728395,4.975415945726836
253.15203955500616,5.949025575482009
253.46534653465346,7.437467997074155
253.7794299876084,9.206085789121566
254.09429280397023,10.96706457035273
254.40993788819875,12.437838687191887
254.726368159204,13.406832328662365
255.04358655043586,13.773337231106433
255.36159600997507,13.55252071051511
255.6803995006242,12.869912581188782
255.99999999999997,11.934840680834483
256.3204005006258,10.98349671964913
256.64160401002505,10.22570904618804
256.9636135508155,9.81256572581077
257.286432160804,9.81227751216905
257.61006289308176,10.197236217273186
257.9345088161209,10.856882938103135
258.2597730138714,11.628467430093501
258.5858585858586,12.327905660563538
258.91276864728195,12.785439662441233
259.24050632911394,12.885424731407937
259.5690747782003,12.586354795510864
259.8984771573604,11.919162445361788
260.22871664548916,10.980989577688423
260.55979643765903,9.918849134682718
260.89171974522293,8.89390621764777
261.2244897959184,8.042502213762008
261.5581098339719,7.451113127384957
261.89258312020456,7.143923438171859
262.2279129321382,7.082212757982738
262.56410256410254,7.180208167646866
262.9011553273428,7.331972693616775
263.2390745501285,7.437463024387653
263.5778635778636,7.422064674178296
263.91752577319585,7.250324697855068
264.258064516129,6.931221622492542
264.59948320413434,6.5099608654056915
264.9417852522639,6.052150218834803
265.2849740932642,5.628780784705511
265.6290531776913,5.301827034967557
265.974025974026,5.113216381822005
266.3198959687906,5.081610502477339
266.66666666666663,5.202083391775907
267.01434159061273,5.445297334550499
267.3629242819843,5.7634968929902985
267.7124183006536,6.104907510892079
268.0628272251309,6.42399699153936
268.41415465268676,6.683935865953919
268.76640419947506,6.862089042337809
269.119579500657,6.957103375590937
269.47368421052636,6.986130693599743
269.82872200263506,6.975365825286934
270.1846965699208,6.953596853357361
270.5416116248349,6.947478238656677
270.8994708994709,6.9743838457001806
271.25827814569533,7.035680742081974
271.6180371352785,7.116073181052972
271.97875166002655,7.1905288460592995
272.3404255319149,7.233121443585152
272.70306258322233,7.223434229733631
273.06666666666666,7.153440103608748
273.4312416555407,7.032463894955507
273.7967914438503,6.882790970189442
274.1633199464525,6.729016448713713
274.5308310991957,6.589605673490692
274.8993288590604,6.472817855936963
275.26881720430106,6.377318349127266
275.6393001345895,6.2972113158515155
276.010781671159,6.225771373889621
276.3832658569501,6.155991795638674
276.7567567567567,6.08300703649037
277.1312584573748,6.005390546068745
277.50677506775065,5.920066045527612
277.88331071913166,5.818931522704394
278.2608695652174,5.693377910626539
278.6394557823129,5.538563081755009
279.01907356948226,5.3535453407185996
279.39972714870396,5.1426700863825765
279.78142076502735,4.915912663964089
280.1641586867305,4.684994647754579
280.54794520547944,4.4631505705750625
280.93278463648835,4.268485822460883
281.31868131868134,4.12037016151785
281.70563961485556,4.033617389262655
282.0936639118457,4.021061345311072
282.48275862068965,4.095818474583381
282.8729281767956,4.2645510130308555
283.2641770401106,4.522970836049862
283.6565096952908,4.861210325828733
284.0499306518724,5.26934872559788
284.44444444444446,5.737347928036309
284.84005563282335,6.254776507664353
285.2367688022284,6.811477922032215
285.63458856345886,7.396513865693894
286.0335195530726,7.997734602449992
286.43356643356645,8.603882440654186
286.8347338935574,9.2068398458828
287.23702664796633,9.802301803582491
287.6404494382022,10.389173393244954
288.0450070323488,10.96919177398748
288.4507042253521,11.547815938930631
288.85754583921016,12.13512476994257
289.2655367231638,12.746369321272676
289.6746817538897,13.40228768791966
290.08498583569406,14.127002275521313
290.49645390070924,14.946143513775638
290.9090909090909,15.890722697949407
291.32290184921766,16.999971412336105
291.73789173789174,18.313666503183747
292.15406562054204,19.86390718030309
292.57142857142856,21.67946121714186
292.9899856938483,23.791602213868938
293.4097421203438,26.225454178565034
293.83070301291247,28.988001769910404
294.2528735632184,32.07064793667644
294.67625899280574,35.454687553052864
295.1008645533141,39.10363271262194
295.52669552669556,42.9592712313216
295.9537572254335,46.953563858722134
296.3820549927641,51.012824025602946
296.81159420289856,55.04925624561632
297.2423802612482,58.96733556816296
297.6744186046512,62.68059357134811
298.1077147016012,66.11174601054715
298.54227405247815,69.18557678156587
298.978102189781,71.834206430177
299.41520467836256,74.00521175447932
299.8535871156662,75.66204022957983
300.2932551319648,76.7822255852444
300.73421439060206,77.3576027228212
301.17647058823525,77.39391935817716
301.620029455081,76.90729105139305
302.06489675516224,75.9224019165196
302.5110782865583,74.47561848138271
302.95857988165676,72.61105081411498
303.4074074074074,70.36855245862903
303.85756676557867,67.78503616454107
304.30906389301634,64.90574759248528
304.7619047619047,61.77952664140527
305.2160953800298,58.44737763216948
305.6716417910448,54.94723913336953
306.1285500747384,51.32024405926969
306.58682634730536,47.60486901323896
307.0464767616192,43.83701405103901
307.5075075075075,40.0580710253532
307.96992481203006,36.31138946461265
308.433734939759,32.63348301989441
308.8989441930618,29.058082244206012
309.3655589123867,25.62298909461948
309.83358547655064,22.365614892986148
310.3030303030303,19.316368394950686
310.7738998482549,16.49875299042667
311.2462006079027,13.93093180824143
311.7199391171994,11.625225334362183
312.1951219512195,9.587204185705126
312.67175572519085,7.815082320074468
313.1498470948012,6.300092613845753
313.6294027565084,5.027962755334174
314.11042944785277,3.980329765432087
314.5929339477727,3.135970506707635
315.0769230769231,2.47204926775168
315.5624036979969,1.9651976886174105
316.04938271604937,1.5927900400882145
316.53786707882534,1.3341825888690189
317.0278637770898,1.1711816925780638
317.5193798449612,1.0880909418289995
318.0124223602484,1.0718837314363543
318.50699844479004,1.1121696520821682
319.0031152647975,1.2005847107678127
319.5007800312012,1.3300204848558168
320.0,1.4942533781909835
320.5007824726134,1.6875543241304112
321.0031347962382,1.9039154693977896
321.5070643642072,2.1366792966531336
322.0125786163522,2.3786408058409156
322.5196850393701,2.6219088098828998
323.02839116719235,2.8580774782437706
323.5387045813586,3.0788693807931735
324.0506329113924,3.2761441590844793
324.56418383518223,3.441951091957141
325.07936507936506,3.5697156160726564
325.59618441971384,3.6548386902663164
326.11464968152865,3.6939482884909576
326.63476874003186,3.68504774820633
327.15654952076676,3.62853364214317
327.68,3.5268394305817963
328.2051282051282,3.383542504592814
328.7319422150882,3.2035692258905994
329.2604501607717,2.9931539082047096
329.7906602254429,2.7589838765411208
330.3225806451613,2.507969141244892
330.8562197092084,2.2472578965165377
331.3915857605178,1.9836016065232016
331.9286871961102,1.7230707808522485
332.46753246753246,1.471247995570424
333.0081300813008,1.2328989520306217
333.5504885993485,1.011685795940452
334.094616639478,0.8104861181924041
334.640522875817,0.6314492288482447
335.18821603927984,0.47573837161217036
335.73770491803276,0.34368585085895
336.28899835796386,0.2350767673184331
336.8421052631579,0.14915064553742724
337.3970345963756,0.08460990738555174
337.95379537953795,0.03975092365277255
338.51239669421483,0.012584333839385547
339.07284768211923,0.0009332847968526339
339.63515754560524,0.0024897271504252336
340.19933554817277,0.014876023976693237
340.765391014975,0.03575145965112992
341.3333333333333,0.06285314146760711
341.9031719532554,0.09403626278587879
342.4749163879599,0.12740090319537892
343.04857621440533,0.16128957945939018
343.6241610738255,0.19420292626564084
344.2016806722689,0.2249374160182707
344.7811447811448,0.2526894642983781
345.362563237774,0.2768519180549367
345.94594594594594,0.2969503499517334
346.5313028764805,0.3128467222025188
347.11864406779665,0.32467330142336037
347.70797962648555,0.3325837018260152
348.29931972789115,0.33682426593095827
348.8926746166951,0.33785685570205326
349.4880546075085,0.3361812520571987
350.0854700854701,0.33221792196107386
350.6849315068493,0.32640554041514064
351.286449399657,0.31919134711133823
351.89003436426117,0.3109526876237172
352.4956970740103,0.3020389270515785
353.10344827586204,0.29276068720220516
353.71329879101904,0.2833072327897351
354.3252595155709,0.27381172761717937
354.93934142114387,0.26442882733599193
355.55555555555554,0.2552469274697566
356.17391304347825,0.24626953123875223
356.794425087108,0.2375267224227232
357.4171029668411,0.22904600059571345
358.04195804195797,0.22076398917096446
358.6690017513135,0.21262406977498893
359.29824561403507,0.2046607229973204
359.9297012302285,0.1968924996201628
360.5633802816901,0.18927351380058316
361.1992945326279,0.18180093067176362
361.8374558303887,0.17455203223571505
362.4778761061947,0.16761791582287064
363.1205673758865,0.16109189399463741
363.76554174067496,0.15510769047454276
364.4128113879003,0.14982985492879425
365.0623885918003,0.14541912209744645
365.7142857142857,0.14205228515241594
366.3685152057245,0.1399571308258837
367.02508960573476,0.1393703430546797
367.68402154398564,0.14049244360176832
368.3453237410072,0.14353474774790967
369.009009009009,0.14873202493344084
369.67509025270755,0.15625939063695996
370.3435804701627,0.1662321382746935
371.0144927536232,0.1787966646878083
371.68784029038113,0.19410426396608102
372.3636363636364,0.2122046461318779
373.0418943533697,0.2330823374582294
373.7226277372263,0.256771321449315
374.4058500914077,0.28329672706369735
375.09157509157507,0.3125448960777198
375.77981651376143,0.3443559457525186
376.47058823529414,0.3786553470426691
377.1639042357274,0.4153222902978897
377.8597785977859,0.4541144937554986
378.5582255083179,0.49486185284306994
379.25925925925924,0.53746520802884
379.96289424860856,0.5816838087978787
380.6691449814126,0.6272342394455144
381.37802607076355,0.6739708928778368
382.089552238806,0.7217294048008281
382.803738317757,0.7702639827964013
383.5205992509363,0.8194153702681722
384.24015009380867,0.8690228779067843
384.96240601503763,0.9188354964861626
385.6873822975518,0.9687390078516634
386.4150943396226,1.0186921464606378
387.14555765595463,1.068465306676512
387.8787878787879,1.1178994872002768
388.6148007590133,1.1670592804501345
389.35361216730035,1.2158336568871781
390.09523809523813,1.2639915225426237
390.8396946564886,1.3115581893314596
391.5869980879541,1.358556963864928
392.3371647509578,1.404810128590547
393.0902111324376,1.4502591909939881
393.84615384615387,1.494942672015861
394.6050096339113,1.5387663956842788
395.3667953667953,1.5816480921704192
396.1315280464217,1.6236224043852021
396.8992248062015,1.6646746488741102
397.6699029126213,1.7046358265462191
398.4435797665369,1.7433669213214325
399.22027290448347,1.7809589530145329
400.0,1.8174643453640509
400.7827788649706,1.852708720269196
401.56862745098044,1.8866369660778481
402.35756385068765,1.919300924549422
403.1496062992126,1.950614617866192
403.9447731755424,1.980562620912951
404.7430830039526,2.0091434732361293
405.54455445544556,2.0361933539051718
406.3492063492063,2.0616360567334033
407.1570576540755,2.085414084006089
407.9681274900399,2.1073820094569764
408.7824351297405,2.127482411856638
409.59999999999997,2.145608643106606
410.4208416833667,2.161748851900341
411.24497991967877,2.1760515309715287
412.07243460764585,2.188326458950381
412.9032258064516,2.19849639472569
413.7373737373737,2.206896454797575
414.57489878542515,2.2134612859967935
415.4158215010142,2.218137130521113
416.260162601626,2.2211771655310795
417.10794297352334,2.2223335577477723
417.9591836734694,2.221620236748293
418.81390593047036,2.2194229076214014
419.67213114754094,2.215386769414542
420.53388090349074,2.209623736443307
421.3991769547325,2.202865098438715
422.2680412371134,2.194922253127761
423.1404958677686,2.185886109239611
424.0165631469979,2.1764440562267917
424.896265560166,2.1665498446362594
425.77962577962575,2.1563058890177595
426.6666666666667,2.1459845078830067
427.5574112734864,2.135671778445654
428.45188284518827,2.1258682356360734
429.3501048218029,2.116219360784025
430.25210084033614,2.1065855578476262
431.1578947368421,2.098107923311374
432.06751054852316,2.0901123198582
432.98097251585625,2.082588151927507
433.8983050847458,2.077744143539276
434.81953290870484,2.074046723340122
435.74468085106383,2.070621001559434
436.67377398720674,2.0711866049956655
437.60683760683764,2.074678170220302
438.54389721627405,2.0793992321063053
439.48497854077254,2.0888285212638196
440.4301075268817,2.0994547951057387
441.37931034482756,2.107110886841145
442.3326133909287,2.119824053158257
443.2900432900433,2.1408502346407676
444.2516268980477,2.162688172361564
445.2173913043478,2.183372801491504
446.1873638344227,2.2064077016081236
447.1615720524017,2.234680517608559
448.14004376367615,2.269445500592977
449.12280701754383,2.3082414250580263
450.1098901098901,2.348677387415164
451.10132158590307,2.388299874990184
452.0971302428256,2.42644819801198
453.0973451327433,2.469761224174948
454.1019955654102,2.5178208450583526
455.1111111111111,2.563921538129448
456.1247216035635,2.612371174164014
457.1428571428571,2.661254897172898
458.165548098434,2.7053181167899627
459.19282511210764,2.7568312260546946
460.2247191011236,2.8122586763185295
461.2612612612612,2.8582658671869083
462.3024830699774,2.9116998384772605
463.3484162895927,2.972655800436762
464.39909297052156,3.0184289983544916
465.4545454545454,3.061613666078243
466.5148063781321,3.1106581245700893
467.57990867579906,3.1504788208393535
468.64988558352405,3.1856633059946056
469.7247706422018,3.210627185907933
470.8045977011494,3.220112685644207
471.889400921659,3.235542276093792
472.97921478060044,3.236997468637727
474.07407407407413,3.202218100893314
475.17401392111367,3.1690892205746053
476.27906976744185,3.144007823447751
477.3892773892773,3.1069002643857977
478.5046728971963,3.0685895540954866
479.62529274004686,3.020299874257151
480.75117370892025,2.959975750193324
481.88235294117646,2.8981562266842755
483.0188679245283,2.811665122209626
484.160756501182,2.7213930792591996
485.3080568720379,2.643011618772894
486.46080760095015,2.514832673564414
487.61904761904765,2.365815376517516
488.7828162291169,2.2567680037335376
489.95215311004785,2.125116606251554
491.1270983213429,1.9862052620358883
492.3076923076923,1.9078293486985984
493.4939759036144,1.8109665681760598
494.68599033816423,1.6954686632661222
495.8837772397094,1.6552989985498932
497.08737864077665,1.6161373642102583
498.29683698296833,1.5498733691424338
499.51219512195115,1.5679558977426244
500.7334963325183,1.6085671890365787
501.9607843137255,1.6105315775821138
503.1941031941032,1.710735888409302
504.43349753694577,1.8780514370179096
505.679012345679,2.014493907785629
506.9306930693069,2.2918634901465906
508.18858560794047,2.71662122875345
509.452736318408,3.11653792155551
510.72319201995015,3.683986663353509
511.99999999999994,4.486613491744528
513.2832080200501,5.290987774367106
514.572864321608,6.288464341231185
515.8690176322418,7.537164003545395
517.1717171717172,8.733420972640852
518.4810126582279,10.16428814881659
519.7969543147208,11.946050364462643
521.1195928753181,13.70097513635125
522.4489795918367,15.69547171339786
523.7851662404091,17.968217315695362
525.1282051282051,20.20106117041962
526.478149100257,22.76749027330595
527.8350515463917,25.583822743716343
529.1989664082687,28.62711436061193
530.5699481865284,32.3919459502872
531.948051948052,36.09797601884491
533.3333333333333,40.06285489827242
534.7258485639686,45.44650697717386
536.1256544502618,50.4497152053643
537.5328083989501,55.31941443833079
538.9473684210527,62.233480177741
540.3693931398416,68.50174566256729
541.7989417989418,74.22259042706735
543.236074270557,83.086386995035
544.6808510638298,91.76196630938783
546.1333333333333,99.46946355926607
547.5935828877006,110.88458435367443
549.0616621983914,122.61834885682113
550.5376344086021,133.0433630253926
552.021563342318,147.0158247632706
553.5135135135134,162.06215885836988
555.0135501355013,176.49249450768986
556.5217391304348,193.08627663356322
558.0381471389645,210.09632511889754
559.5628415300547,228.31317174199722
561.0958904109589,247.4852687283181
562.6373626373627,266.54450759580374
564.1873278236914,292.6148356673451
565.7458563535912,320.3360598566856
567.3130193905816,344.2070914553263
568.8888888888889,379.9951416484619
570.4735376044569,418.81132374077197
572.0670391061452,446.4175632604315
573.6694677871149,488.1101020378279
575.2808988764044,536.5473504017197
576.9014084507043,567.7131078774481
578.5310734463276,613.7518528864241
580.1699716713881,672.1876383205022
581.8181818181818,711.3516471980716
583.4757834757835,765.5288272382122
585.1428571428571,838.0884947092791
586.8194842406876,896.4809069048739
588.5057471264367,967.8340902087842
590.2017291066282,1052.9813522772906
591.907514450867,1135.3859155048683
593.6231884057971,1228.5441273433712
595.3488372093024,1306.5608702876002
597.0845481049563,1406.167983757001
598.8304093567251,1534.528299536647
600.5865102639297,1568.8891619597202
602.3529411764705,1690.3876192815344
604.1297935103245,1965.7383365431133
605.9171597633135,1717.5643541880129
607.7151335311573,1202.821908156764
609.5238095238094,1443.7050274944431
611.3432835820896,2337.293091064868
613.1736526946107,2594.2236394189335
615.015015015015,2482.0463329593554
616.867469879518,2749.3450606923752
618.7311178247734,2751.1785187480464
620.6060606060606,2556.1565322923934
622.4924012158054,2843.1070699817133
624.390243902439,3144.757086541091
626.2996941896024,3086.9200578985783
628.2208588957055,3188.376250750068
630.1538461538462,3365.4020919764807
632.0987654320987,3414.8798338092156
634.0557275541796,3543.59771980862
636.0248447204968,3643.6376604226
638.006230529595,3842.651869227885
640.0,4376.737154157658
642.0062695924764,4407.81946569586
644.0251572327044,4153.603673385645
646.0567823343847,4305.851715387537
648.1012658227849,4253.168193795308
650.1587301587301,3862.006675616488
652.2292993630573,3952.919144692454
654.3130990415335,4134.4887697544955
656.4102564102564,3925.562541837946
658.5209003215434,3999.628387590902
660.6451612903226,4130.4462652253105
662.7831715210356,3868.30097332304
664.9350649350649,4021.382715945974
667.100977198697,4460.237314369578
669.281045751634,4158.69838497635
671.4754098360655,3750.713669921245
673.6842105263158,3804.3896286270797
675.9075907590759,3665.209789070205
678.1456953642385,3406.638229470213
680.3986710963455,3446.1146829033446
682.6666666666666,3426.9505009699715
684.9498327759198,3140.044059009046
687.248322147651,3004.494317336855
689.5622895622896,2814.0455989995576
691.8918918918919,2568.410525059922
694.2372881355933,2452.2911994741053
696.5986394557823,2350.7870288180357
698.976109215017,2091.032363728391
701.3698630136986,1863.144241613519
703.7800687285223,1689.2350805422755
706.2068965517241,1454.1949476234088
708.6505190311418,1236.0157811516863
711.1111111111111,1085.598357053193
713.588850174216,919.6223737293188
716.0839160839159,757.921347305329
718.5964912280701,664.8365074221601
721.1267605633802,585.4558146048208
723.6749116607774,498.0879117673074
726.241134751773,471.75785286402544
728.8256227758006,486.0928253830068
731.4285714285714,485.1194321525433
734.0501792114695,548.0971232081196
736.6906474820144,726.1663306585008
739.3501805054151,851.72346986578
742.0289855072464,765.6381017533242
744.7272727272727,544.0484477735107
747.4452554744526,353.55605340323666
750.1831501831501,319.40265956157884
752.9411764705883,431.870159431708
755.7195571955718,532.8816266682696
758.5185185185185,546.6033048374743
761.3382899628252,540.4203638821209
764.179104477612,514.6832005108117
767.0411985018726,584.1099446000147
769.9248120300753,877.6298642141857
772.8301886792452,1169.2939984976322
775.7575757575758,1162.2636974722159
778.7072243346007,1181.4248622208468
781.6793893129772,1295.9505677284171
784.6743295019156,1369.4339235287744
787.6923076923077,1504.622226497542
790.7335907335906,1705.1855120420357
793.798449612403,1750.4969996212822
796.8871595330738,1764.3747681556968
800.0,1870.3862923521929
803.1372549019609,2116.9722203677634
806.2992125984252,3108.6700389835923
809.4861660079052,4338.450701008547
812.6984126984127,4166.380016155672
815.9362549800798,2836.3034835710155
819.1999999999999,1375.215390426768
822.4899598393575,537.7714572626313
825.8064516129032,248.55784356496915
829.1497975708503,150.4789105837491
832.520325203252,99.71512980053157
835.9183673469388,46.93960754532954
839.3442622950819,244.35214500886727
842.798353909465,388.1962145245338
846.2809917355372,829.5069611653424
849.792531120332,2231.9900120561892
853.3333333333334,3244.3426120658164
856.9037656903765,3100.954028938387
860.5042016806723,3816.515815625748
864.1350210970463,5644.4323771298605
867.7966101694916,6419.361391649802
871.4893617021277,5950.5150488327745
875.2136752136753,5915.643604218798
878.9699570815451,6395.057397464393
882.7586206896551,6656.042694423186
886.5800865800866,6711.5147114579595
890.4347826086956,6802.021581585658
894.3231441048034,6643.405280436409
898.2456140350877,6096.700834485171
902.2026431718061,5613.97629445317
906.1946902654867,5352.282302174911
910.2222222222222,4994.2720736692645
914.2857142857142,4597.70780013362
918.3856502242153,4418.222016514236
922.5225225225224,4219.352049118616
926.6968325791854,3753.7298080290716
930.9090909090908,3281.395934683186
935.1598173515981,2901.122459696212
939.4495412844036,2499.5461521580023
943.778801843318,2156.219516913564
948.1481481481483,1921.1282426243104
952.5581395348837,1699.393618419358
957.0093457943926,1389.9261212712813
961.5023474178405,1138.0044353747553
966.0377358490566,948.8310984291537
970.6161137440758,770.7651654163038
975.2380952380953,623.2622963786994
979.9043062200957,496.4167471965231
984.6153846153846,399.9860727986645
989.3719806763285,304.64471301003766
994.1747572815533,229.5735054738881
999.0243902439023,170.97671789423063
1003.921568627451,124.64892791809635
1008.8669950738915,90.89469974552539
1013.8613861386139,64.67178370839132
1018.905472636816,43.83982204949354
1023.9999999999999,31.77562496665024
1029.145728643216,22.95094261432429
1034.3434343434344,16.40103674087554
1039.5939086294416,17.02919693067607
1044.8979591836735,17.259549511153423
1050.2564102564102,15.734555528297054
1055.6701030927834,19.863241557892
1061.139896373057,22.84874050264553
1066.6666666666665,21.7688026259533
1072.2513089005236,24.839573825402685
1077.8947368421054,27.462220351422133
1083.5978835978835,25.48130638101823
1089.3617021276596,26.346834069724505
1095.1871657754011,27.8150315783555
1101.0752688172042,25.255385187452234
1107.0270270270269,24.465906528439017
1113.0434782608695,25.02206796958038
1119.1256830601094,22.509256873495257
1125.2747252747254,20.878549588085388
1131.4917127071824,20.817546591172945
1137.7777777777778,18.594139598053932
1144.1340782122904,16.594816349077387
1150.5617977528088,16.08236469556295
1157.0621468926552,14.25178059588259
1163.6363636363635,12.350582261956893
1170.2857142857142,11.767118426228352
1177.0114942528735,10.504450686924756
1183.815028901734,9.00696501215507
1190.6976744186047,8.541516807324939
1197.6608187134502,7.789747977316843
1204.705882352941,6.728427156926309
1211.834319526627,6.400036564821755
1219.0476190476188,6.0081023453926194
1226.3473053892214,5.313266836451921
1233.734939759036,5.1066442211771115
1241.2121212121212,4.924434578757226
1248.780487804878,4.435167015435997
1256.441717791411,4.20712210657902
1264.1975308641975,4.018064037502946
1272.0496894409937,3.5615837259877026
1280.0,3.243661715758727
1288.0503144654087,3.0049225589210313
1296.2025316455697,2.594367805945114
1304.4585987261146,2.2752696413461697
1312.8205128205127,2.0667579709773367
1321.2903225806451,1.7699611124799333
1329.8701298701299,1.5298859692252775
1338.562091503268,1.3874322512222281
1347.3684210526317,1.1954025893246119
1356.291390728477,1.030653267691098
1365.3333333333333,0.9411355740164246
1374.496644295302,0.8212602108428686
1383.7837837837837,0.7030756854933885
1393.1972789115646,0.6353780280814301
1402.7397260273972,0.5576394852109886
1412.4137931034481,0.4790912007730807
1422.2222222222222,0.4335107292842863
1432.1678321678319,0.385745808795396
1442.2535211267605,0.33520138976234326
1452.482269503546,0.302329889479656
1462.857142857143,0.2692654378014935
1473.3812949640287,0.2357359106852603
1484.0579710144928,0.21306552986789346
1494.890510948905,0.19102554908645591
1505.8823529411766,0.16990691164217092
1517.037037037037,0.15536666117472503
1528.358208955224,0.1411704943887476
1539.8496240601505,0.12763123802718673
1551.5151515151515,0.11609771456786369
1563.3587786259543,0.10352730342873696
1575.3846153846155,0.09323724539014668
1587.596899224806,0.08520021637898659
1600.0,0.07584832244794286
1612.5984251968505,0.06801841452041095
1625.3968253968253,0.061595384272707596
1638.3999999999999,0.05408358022404581
1651.6129032258063,0.04823496361927344
1665.040650406504,0.04356596844522232
1678.6885245901638,0.037569483458826755
1692.5619834710744,0.03271131008481782
1706.6666666666667,0.029159149223895585
1721.0084033613446,0.02477829802835536
1735.5932203389832,0.021134981461482932
1750.4273504273506,0.018589324764817866
1765.5172413793102,0.015493304414794084
1780.8695652173913,0.01275031846974814
1796.4912280701753,0.010896848329389912
1812.3893805309733,0.00889764147332009
1828.5714285714284,0.007126571248261764
1845.0450450450448,0.005949045430399589
1861.8181818181815,0.00474772947576171
1878.8990825688072,0.0036868557101065375
1896.2962962962965,0.003030709858620507
1914.0186915887853,0.0024138798487058294
1932.0754716981132,0.0018559552786730276
1950.4761904761906,0.0015324810473931977
1969.2307692307693,0.0012592313770185073
1988.3495145631066,0.0010042522069222128
2007.843137254902,0.0008714608081606294
2027.7227722772277,0.0007749712053308029
2047.9999999999998,0.000673194263334898
2068.686868686869,0.0006283502041662194
2089.795918367347,0.0006047054287169361
2111.340206185567,0.0005644360823702875
2133.333333333333,0.0005461634006325213
2155.789473684211,0.0005385458680516067
2178.723404255319,0.0005114715282125408
2202.1505376344085,0.0004908689637328832
2226.086956521739,0.0004762571795905161
2250.5494505494507,0.0004442590444823628
2275.5555555555557,0.0004128798981783822
2301.1235955056177,0.0003871101665938747
2327.272727272727,0.0003495052520074028
2354.022988505747,0.000311115657516873
2381.3953488372094,0.000278681790585579
2409.411764705882,0.00024110186795220134
2438.0952380952376,0.00020400449879086905
2467.469879518072,0.00017255813997869444
2497.560975609756,0.0001403959756292374
2528.395061728395,0.00011005468879630856
2560.0,8.516206210714366e-05
2592.4050632911394,6.308637082389657e-05
2625.6410256410254,4.428978151400129e-05
2659.7402597402597,3.0112683344956042e-05
2694.7368421052633,2.0005566747302838e-05
2730.6666666666665,1.3911285975602085e-05
2767.5675675675675,1.1600290964564031e-05
2805.4794520547944,1.283107185903409e-05
2844.4444444444443,1.7320008633390904e-05
2884.507042253521,2.430465085604177e-05
2925.714285714286,3.321697768750974e-05
2968.1159420289855,4.3704478769018876e-05
3011.764705882353,5.524297967520934e-05
3056.716417910448,6.693728852367034e-05
3103.030303030303,7.8458329722295e-05
3150.769230769231,8.962389049035109e-05
3200.0,9.944123010630734e-05
3250.7936507936506,0.00010788059106853357
3303.2258064516127,0.00011475580034260001
3357.3770491803275,0.00011926264755293963
3413.3333333333335,0.00012210451767636314
3471.1864406779664,0.00012274198746281542
3531.0344827586205,0.00012086011717950088
3592.9824561403507,0.00011793713639790409
3657.142857142857,0.00011286173167287183
3723.636363636363,0.00010604843804877953
3792.592592592593,9.905513707691427e-05
3864.1509433962265,9.047516820106435e-05
3938.4615384615386,8.169040958334573e-05
4015.686274509804,7.29360750648064e-05
4095.9999999999995,6.356486207879744e-05
4179.591836734694,5.5572963909741924e-05
4266.666666666666,4.106826612324407e-05
4357.446808510638,1.8606309409349095e-05
4452.173913043478,4.781990424950692e-06
4551.111111111111,1.0930322083999411e-06
4654.545454545454,3.203772118011088e-07
4762.790697674419,1.0395580289858147e-07
4876.190476190475,3.806435489730493e-08
4995.121951219512,1.5129096940536726e-08
5120.0,6.497437905804712e-09
5251.282051282051,2.8803890333022426e-09
5389.473684210527,1.2949655151387822e-09
5535.135135135135,6.230918570691653e-10
5688.888888888889,2.6319404933730425e-10
5851.428571428572,1.0880464904052543e-10
6023.529411764706,4.455708712383224e-11
6206.060606060606,1.2754273285932095e-11
6400.0,3.269888525033044e-12
6606.451612903225,7.177197120137975e-13
6826.666666666667,3.1227854928497645e-14
7062.068965517241,6.1241495667457985e-16
7314.285714285714,1.477990569670312e-15
7585.185185185186,4.4243510265974294e-16
7876.923076923077,4.7830896064518437e-17
