"Wavelength, nm",Intensity
136.44237175216523,2.9587419468804575e-26
136.53333333333333,4.1028879277335847e-26
136.62441627751835,4.7150279338631447e-26
136.71562082777035,5.359231967699814e-26
136.80694722778892,3.5642497475563507e-26
136.89839572192514,5.633272342674759e-23
136.98996655518394,4.995923063979934e-20
137.08165997322624,8.237934702661543e-18
137.17347622237108,4.337434473052249e-16
137.26541554959786,1.029203563321783e-14
137.35747820254863,1.3702901348992263e-13
137.4496644295302,1.1835992014142269e-12
137.54197447951645,7.329610368568258e-12
137.63440860215053,3.493775636892394e-11
137.72696704774717,1.3500980349055479e-10
137.81965006729476,4.396383446120303e-10
137.9124579124579,1.2424155726091432e-09
138.0053908355795,3.1171847708599454e-09
138.09844908968307,7.068640940995671e-09
138.19163292847506,1.4694261932677576e-08
138.28494260634707,2.832369221221544e-08
138.37837837837836,5.1093272278170385e-08
138.47194050033806,8.691345726772167e-08
138.5656292286874,1.402972096463829e-07
138.65944482058225,2.160377358339327e-07
138.75338753387533,3.1875205425510007e-07
138.84745762711862,4.5233902181976027e-07
138.94165535956583,6.194323616633773e-07
139.03598099117448,8.209580090360408e-07
139.1304347826087,1.0559278276548223e-06
139.22501699524133,1.3216169593174425e-06
139.31972789115645,1.6142817563672534e-06
139.4145677331518,1.9305799961553747e-06
139.50953678474113,2.2698552607161363e-06
139.60463531015677,2.6374479240989078e-06
139.69986357435198,3.049200991476857e-06
139.79522184300342,3.5373419151568393e-06
139.89071038251367,4.157935291114745e-06
139.98632946001365,5.000104711329681e-06
140.08207934336525,6.197210883289656e-06
140.17796030116358,7.94012959050157e-06
140.27397260273972,1.0492672204803187e-05
140.37011651816314,1.420904722111411e-05
140.46639231824417,1.9553089424832764e-05
140.56280027453673,2.7118784351218967e-05
140.65934065934067,3.765142271727727e-05
140.75601374570448,5.2068533980171986e-05
140.85281980742778,7.147955326925852e-05
140.949759119064,9.720301845107873e-05
141.04683195592284,0.00013077993921516991
141.14403859407307,0.0001739817582846675
141.24137931034483,0.0002288111504816679
141.33885438233264,0.0002974938388612225
141.4364640883978,0.00038245959576508357
141.53420870767104,0.0004863107098444187
141.6320885200553,0.00061177655439816
141.73010380622836,0.0007616536325058827
141.8282548476454,0.0009387314024613839
141.92654192654192,0.00114570470368575
142.0249653259362,0.0013850742702363197
142.1235253296322,0.0016590380323269005
142.22222222222223,0.0019693759245722176
142.32105628908963,0.0023173305017329185
142.42002781641168,0.0027034875434856984
142.51913709116212,0.0031276616158884933
142.6183844011142,0.003588789615349803
142.7177700348432,0.004084837633494981
142.81729428172943,0.004612730824418107
142.91695743196092,0.005168313820952966
143.0167597765363,0.005746348848559144
143.11670160726763,0.006340563514184945
143.21678321678323,0.006943754494892362
143.31700489853043,0.007547943831294682
143.4173669467787,0.008144588808448384
143.5178696566223,0.008724843621566458
143.61851332398317,0.00927985763959961
143.71929824561403,0.009801106011158191
143.8202247191011,0.010280754966517654
143.92129304286718,0.010712042272289612
144.0225035161744,0.011089673694267761
144.12385643912737,0.01141025330800047
144.22535211267606,0.011672706624761857
144.32699083861874,0.011878686624635705
144.42877291960508,0.012033006018824127
144.530698659139,0.012144015465997481
144.6327683615819,0.012223904192842833
144.73498233215545,0.012289014270159238
144.83734087694484,0.012359975013653893
144.9398443029016,0.012461590642268431
145.04249291784703,0.012622695506056773
145.14528703047483,0.012875616147566094
145.24822695035462,0.01325522409055747
145.35131298793468,0.01379817092186391
145.45454545454544,0.01454168728024356
145.55792466240226,0.01552210852551016
145.66145092460883,0.016774306608225858
145.76512455516016,0.018330572275170154
145.86894586894587,0.02021930512744545
145.9729151817534,0.022465501403794684
146.07703281027102,0.02508963653692714
146.18129907209135,0.028105875494802826
146.28571428571428,0.03152281875497747
146.39027877055037,0.03533845025551045
146.49499284692416,0.03953039644499656
146.59985683607732,0.04404864595690556
146.7048710601719,0.0488043691590625
146.8100358422939,0.05368378012369112
146.91535150645623,0.058630555282025196
147.0208183776023,0.06376919121153247
147.1264367816092,0.06950603587637508
147.23220704529115,0.07648716158142076
147.33812949640287,0.08523760692949017
147.4442044636429,0.0955803475315645
147.55043227665706,0.10626086346910957
147.6568132660418,0.11509629578469703
147.76334776334778,0.11974219214391263
147.87003610108303,0.11888240888686583
147.97687861271675,0.11314876707774776
148.08387563268258,0.10517148976926216
148.19102749638205,0.09880564481159664
148.29833454018825,0.09782412717389642
148.40579710144928,0.10456255686493324
148.51341551849166,0.119155456157874
148.6211901306241,0.1395231938195783
148.72912127814087,0.16187284166230034
148.8372093023256,0.18155168858110318
148.94545454545454,0.1941117089109913
149.0538573508006,0.196371587223731
149.16241806263656,0.1872244520181898
149.27113702623907,0.16805236564469236
149.38001458789202,0.14270295535766647
149.4890510948905,0.11677685328214826
149.59824689554418,0.09624534323130056
149.70760233918128,0.08608571959257544
149.81711777615214,0.08923211403727555
149.9267935578331,0.10566423020408997
150.03663003663004,0.13213559772704828
150.1466275659824,0.1629281014931969
150.25678650036684,0.19107540504397022
150.36710719530103,0.20981175443887204
150.47759000734754,0.21426673865078136
150.58823529411762,0.20269807274959645
150.69904341427517,0.17684246892670355
150.8100147275405,0.14166217491223923
150.92114959469419,0.10435455032887847
151.03244837758112,0.07257891362613889
151.1439114391144,0.05268655423649018
151.25553914327915,0.04845991293332351
151.3673318551367,0.06022015242938004
151.47928994082838,0.08460313733264027
151.59141376757958,0.11548927927942333
151.7037037037037,0.14560410528434697
151.81616011860638,0.1680300621937617
151.92878338278933,0.17768513954500856
152.04157386785448,0.17260979706073057
152.15453194650817,0.15423301151393337
152.26765799256503,0.1266728878601134
152.38095238095235,0.09577915923904724
152.4944154877141,0.06786266480468635
152.6080476900149,0.04815168966522268
152.72184936614468,0.03966283529008105
152.8358208955224,0.04273866466796751
152.9499626587005,0.05521552033786167
153.0642750373692,0.073211715349993
153.1787584143605,0.09215018393376258
153.29341317365268,0.10781906070052852
153.40823970037454,0.11738164302576355
153.5232383808096,0.1197998592026817
153.6384096024006,0.11572069108917797
153.75375375375376,0.10724686991209818
153.86927122464311,0.09722246876149922
153.98496240601503,0.08820313304561457
154.10082768999246,0.08197892282695625
154.2168674698795,0.07936890507096755
154.33308214016577,0.07998827846807159
154.4494720965309,0.08263993571371929
154.56603773584905,0.08600757372027075
154.68277945619334,0.08891569848703718
154.79969765684052,0.09060412569089293
154.91679273827532,0.09108631938362904
155.0340651021953,0.09097136502646563
155.15151515151516,0.09103958370347834
155.2691432903715,0.0920347020216378
155.38694992412746,0.0944400689633963
155.50493545937738,0.09820713869080164
155.62310030395136,0.10271199423841365
155.74144486692012,0.10700046463929788
155.8599695585997,0.11014066824962923
155.97867479055597,0.1114500642266943
156.09756097560975,0.11065512170348958
156.21662852784135,0.10803126758655224
156.33587786259542,0.10425719682946057
156.45530939648586,0.10012723505942368
156.5749235474006,0.09645170689588346
156.69472073450652,0.09388129110120183
156.8147013782542,0.09262926395921074
156.93486590038313,0.0924828658289235
157.05521472392638,0.09297235804826434
157.17574827321565,0.09353483845720444
157.29646697388634,0.09376083623575916
157.4173712528824,0.09347193450971689
157.53846153846155,0.09263716982706906
157.65973826020013,0.09141914335606408
157.78120184899845,0.09010940699514984
157.9028527370856,0.08892485454295719
158.02469135802468,0.08802547207375373
158.14671814671814,0.0875068248304147
158.26893353941267,0.0872228265508517
158.39133797370457,0.08686587270024428
158.5139318885449,0.08618740249043214
158.63671572424477,0.08502478409819228
158.7596899224806,0.08333500766228868
158.88285492629947,0.08124989089443786
159.0062111801242,0.07897680481618462
159.12975912975912,0.07671241585992145
159.25349922239502,0.07462879748327013
159.37743190661476,0.07283044140333943
159.50155763239874,0.07134788247420386
159.62587685113016,0.07014037820179302
159.7503900156006,0.0690797630345912
159.87509758001562,0.06803472827490589
160.0,0.06694387768231715
160.12509773260362,0.0657755632063535
160.2503912363067,0.06456643656193126
160.37588097102582,0.063466119943099
160.5015673981191,0.0625950738023134
160.62745098039213,0.061988735438475356
160.7535321821036,0.0617424153682299
160.87981146897093,0.06198793357441344
161.0062893081761,0.06272639763986322
161.13296616837135,0.06386436702480625
161.25984251968504,0.06533462855662613
161.38691883372735,0.06708462843749244
161.51419558359618,0.06905148964979847
161.64167324388316,0.07117601925138632
161.7693522906793,0.0734173770303789
161.89723320158103,0.07580468061222619
162.0253164556962,0.07842940394011315
162.15360253365006,0.08134163861751822
162.28209191759112,0.08453438797346337
162.41078509119745,0.08801715912446999
162.53968253968253,0.09183598095792643
162.66878474980143,0.09604404666875173
162.79809220985692,0.10063305523692578
162.92760540970565,0.10549745014343233
163.05732484076432,0.11054367872627341
163.18725099601593,0.11578074306021532
163.31738437001593,0.12126157589446207
163.44772545889865,0.12699992305414573
163.57827476038338,0.13293015531792307
163.709032773781,0.13900185228180034
163.84,0.1452993742036132
163.97117694155327,0.15183767221522523
164.1025641025641,0.15843042656320527
164.23416198877305,0.16501396028367113
164.3659711075441,0.1716517077018
164.49799196787149,0.17820778184823802
164.63022508038586,0.18455685661461238
164.76267095736122,0.19072576232675112
164.89533011272144,0.19657230827472705
165.02820306204674,0.201974661998519
165.16129032258064,0.20703967681985594
165.29459241323647,0.21165734694679025
165.4281098546042,0.2156169992307852
165.56184316895713,0.21904211327404877
165.6957928802589,0.22192992901770967
165.82995951417004,0.22400360918244128
165.9643435980551,0.2252979292581559
166.09894566098947,0.2259244153590209
166.23376623376623,0.2256701696812438
166.36880584890332,0.2244759619608342
166.5040650406504,0.22250260046530612
166.63954434499593,0.2197286506761603
166.77524429967426,0.21614564114936022
166.9111654441728,0.21183531041116235
167.047308319739,0.20676691807683492
167.18367346938777,0.20104313984284916
167.3202614379085,0.19483108989914608
167.45707277187245,0.18800463502669537
167.59410801963992,0.18055996626435122
167.7313677313677,0.17281102041058655
167.86885245901638,0.16479833387529255
168.00656275635768,0.15638994416445848
168.14449917898193,0.14779171847599373
168.28266228430567,0.13923825799880488
168.42105263157896,0.1306813024133292
168.559670781893,0.12207930362439116
168.6985172981878,0.11355114875372951
168.83759274525966,0.10522288355429073
168.97689768976898,0.09711852801678583
169.11643270024774,0.08923889849943652
169.25619834710741,0.0816675494162963
169.39619520264682,0.07445271957145691
169.53642384105962,0.06756578697517095
169.67688483844242,0.06106145034775789
169.81757877280262,0.054982526857753025
169.95850622406635,0.04926110268965182
170.09966777408638,0.043923888778575955
170.24106400665005,0.039046923936434025
170.3826955074875,0.03456148249427494
170.52456286427974,0.030416831362943916
170.66666666666666,0.02666284781368374
170.8090075062552,0.023283977824536214
170.9515859766277,0.02023333454684941
171.09440267335003,0.017510208162461655
171.23745819397996,0.015088635294500065
171.3807531380753,0.012938916318106978
171.52428810720266,0.011056876709690872
171.66806370494552,0.00940246753463767
171.81208053691276,0.007940478578756873
171.95633921074725,0.006682901613682208
172.10084033613444,0.005611844767891599
172.24558452481077,0.004682648154040766
172.3905723905724,0.0038883944907267907
172.5358045492839,0.0032252117078663575
172.681281618887,0.002666556024997415
172.82700421940928,0.0021981363071327323
172.97297297297297,0.0018109104933246838
173.11918850380385,0.0014888476404687255
173.26565143824024,0.0012278502907563105
173.41236240474177,0.0010245357420094858
173.55932203389833,0.000861418388747313
173.70653095843934,0.0007271682657637592
173.85398981324278,0.0006237478075861107
174.0016992353441,0.0005502789868724356
174.14965986394557,0.0004987008927325265
174.2978723404255,0.00046153020950911094
174.44633730834755,0.00043807284254716996
174.59505541346974,0.0004305537348436169
174.74402730375425,0.0004340229209423231
174.8932536293766,0.00044177910484454646
175.04273504273505,0.00045819416034848404
175.1924721984602,0.00048618952607021147
175.34246575342465,0.0005154692009624004
175.49271636675235,0.0005436046197542126
175.6432246998285,0.000581051336687244
175.79399141630904,0.0006265589033186634
175.94501718213058,0.0006715549390770553
176.0963026655202,0.0007177542721724135
176.24784853700515,0.0007668397706315548
176.3996554694229,0.0008156781974154665
176.55172413793102,0.0008654066784195003
176.70405522001724,0.0009186772851090786
176.85664939550952,0.0009744637169093518
177.00950734658602,0.0010280372272502085
177.16262975778545,0.0010777613370805481
177.3160173160173,0.0011302797862240664
177.46967071057193,0.0011850228451674883
177.62359063313096,0.0012328377734300328
177.77777777777777,0.0012783282788461393
177.93223284100782,0.0013284249176062565
178.08695652173913,0.0013750725082928188
178.24194952132288,0.0014161605746617041
178.397212543554,0.0014575906589128394
178.55274629468178,0.0014966507433906125
178.70855148342056,0.001531859248921252
178.86462882096066,0.001564976760097522
179.02097902097898,0.0015916710933394425
179.17760279965006,0.0016098988233852062
179.33450087565674,0.00162200881800707
179.4916739702016,0.0016316137806379571
179.64912280701753,0.001643360630869751
179.80684811237927,0.0016515602900074567
179.96485061511424,0.0016479606517724125
180.12313104661388,0.0016391383322174485
180.28169014084506,0.0016289127089180796
180.44052863436124,0.0016119116742110261
180.59964726631395,0.0015910060120378215
180.75904677846424,0.0015665119505048856
180.91872791519435,0.001532209202876413
181.07869142351902,0.0014944239836680658
181.23893805309734,0.0014593935988979304
181.39946855624444,0.0014211296597632628
181.56028368794324,0.00137890506774479
181.72138420585628,0.001335202065974608
181.88277087033748,0.0012884306649654492
182.04444444444445,0.0012432147852239222
182.20640569395016,0.001201596640670204
182.3686553873553,0.001154904391565291
182.53119429590015,0.001100909562176605
182.69402319357712,0.0010454743137403558
182.85714285714286,0.0009909121131225784
183.0205540661305,0.0009377932330082425
183.18425760286226,0.0008850248932542114
183.34825425246197,0.0008302427399602698
183.51254480286738,0.0007757961751266152
183.67713004484304,0.0007229538922033531
183.84201077199282,0.0006685830199091611
184.00718778077265,0.0006138808011596667
184.1726618705036,0.0005621327636473503
184.33843384338437,0.0005120610394554587
184.5045045045045,0.00046229369220750883
184.67087466185754,0.00041410196640623417
184.83754512635377,0.00036923654662562215
185.0045167118338,0.0003276079078441544
185.17179023508135,0.0002862353429107928
185.33936651583707,0.0002460990382457293
185.5072463768116,0.00021350602737404753
185.675430643699,0.00018747558944228618
185.84392014519057,0.0001606527165600106
186.01271571298818,0.0001342624646284553
186.1818181818182,0.00011431935236867685
186.3512283894449,9.921354123287601e-05
186.52094717668484,8.439144090583674e-05
186.69097538742025,7.040021629104133e-05
186.86131386861314,5.9559848733576614e-05
187.03196347031962,5.114979771937354e-05
187.20292504570384,4.313880564574723e-05
187.37419945105214,3.579327399932816e-05
187.54578754578753,3.043801421483318e-05
187.71769019248396,2.6550596979652257e-05
187.88990825688072,2.372676447487586e-05
188.06244260789717,2.3360643300882795e-05
188.23529411764707,2.5616866556263097e-05
188.40846366145354,2.912108864278925e-05
188.5819521178637,3.4568141322251615e-05
188.75576036866357,4.4193802659462166e-05
188.92988929889296,5.7899604891544964e-05
189.10433979686056,7.44787992401521e-05
189.27911275415894,9.584516108371179e-05
189.45420906567992,0.0001237557744676532
189.62962962962962,0.00015565659344744538
189.80537534754404,0.00019086736698459186
189.98144712430428,0.0002319513940224831
190.15784586815226,0.0002760178768941989
190.3345724907063,0.00031995301687410605
190.51162790697674,0.0003688724330581723
190.68901303538178,0.0004231608358207316
190.8667287977633,0.00047395458847962523
191.044776119403,0.0005205793971372419
191.22315592903828,0.0005689874318474152
191.4018691588785,0.0006152785959647987
191.5809167446211,0.0006513704042258358
191.76029962546815,0.0006776417610506232
191.94001874414244,0.0006987862598059228
192.12007504690433,0.0007154192054138431
192.3004694835681,0.0007229315680827021
192.48120300751881,0.0007184565321730997
192.66227657572907,0.000705872632242804
192.8436911487759,0.0006877640072723175
193.02544769085767,0.000662297852800449
193.2075471698113,0.0006322987421261925
193.38999055712932,0.000604411742048332
193.57277882797732,0.000582992774431699
193.75591296121098,0.0005715438964040791
193.93939393939394,0.0005719167547420302
194.12322274881518,0.0005876390037226164
194.30740037950665,0.000628495998130544
194.49192782526114,0.0006983937933566155
194.67680608365018,0.0007965241590816294
194.86203615604185,0.0009361153943806966
195.04761904761907,0.0011275282193688872
195.23355576739752,0.0013591483903560738
195.4198473282443,0.00163074755542916
195.6064947468959,0.0019632232674679233
195.79349904397705,0.0023547501559343987
195.9808612440191,0.0027836058453563927
196.1685823754789,0.0032521384989236254
196.35666347075744,0.0037748062349886643
196.5451055662188,0.004340379528872777
196.73390970220942,0.004924695136424262
196.92307692307693,0.005522656190163479
197.1126082771896,0.006140082772444864
197.30250481695566,0.006763434029650836
197.4927675988428,0.00736507084412645
197.68339768339766,0.007934607656929792
197.8743961352657,0.00847047298100102
198.06576402321085,0.008953157915318047
198.25750242013552,0.0093660351340679
198.44961240310076,0.00971062464691878
198.64209505334625,0.009971699319175126
198.83495145631065,0.010119643595382278
199.02818270165207,0.01015693083985381
199.22178988326846,0.010102562641710895
199.4157740993184,0.009945119194732907
199.61013645224173,0.009665509555451032
199.8048780487805,0.009277508928041066
200.0,0.008805777977647627
200.19550342130987,0.008254416098692046
200.3913894324853,0.007624812815008602
200.58765915768853,0.006939519660079467
200.78431372549022,0.006228437384172198
200.9813542688911,0.0055131983693799454
201.17878192534383,0.004820656229664905
201.37659783677483,0.004189186521618778
201.5748031496063,0.003651657294209117
201.77339901477833,0.0032349839280931617
201.9723865877712,0.0029775148176406367
202.1717670286278,0.002925769523570299
202.3715415019763,0.0031175822554467252
202.57171117705244,0.0035833500716927207
202.77227722772278,0.004359665211721709
202.97324083250743,0.0054871200228318985
203.17460317460316,0.006996263221087522
203.37636544190661,0.008909677385526994
203.57852882703776,0.01124346317337868
203.78109452736314,0.013996807942398512
203.98406374501994,0.017178012696327065
204.1874376869392,0.020821801916931768
204.39121756487026,0.024923097890390506
204.5954045954046,0.02942008163736492
204.79999999999998,0.034277463944069886
205.005005005005,0.0394730505437471
205.21042084168334,0.044937190111178756
205.41624874623875,0.05061286930669715
205.62248995983938,0.0564529099531835
205.8291457286432,0.062332121614184
206.03621730382292,0.06812149408365216
206.24370594159112,0.07375367867152723
206.4516129032258,0.07911511336160498
206.65993945509584,0.08404827444847544
206.86868686868684,0.08844468088751986
207.07785642062692,0.09220722879177978
207.28744939271257,0.0952214167498857
207.49746707193518,0.09736257040034506
207.7079107505071,0.09849201279694209
207.9187817258883,0.0985600590427267
208.130081300813,0.09758092240125502
208.34181078331636,0.09545116220109823
208.55397148676167,0.09209598139414762
208.7665647298675,0.08763809357354113
208.9795918367347,0.08214051211043545
209.19305413687437,0.07558684391682667
209.40695296523518,0.06816737561641112
209.6212896622313,0.06011586950694318
209.83606557377047,0.05153227832903703
210.05128205128204,0.042655922587958306
210.26694045174537,0.03386043476727524
210.48304213771837,0.025400158340435096
210.69958847736626,0.017548902587134048
210.91658084449023,0.010725087523056329
211.1340206185567,0.005309012336080967
211.3519091847265,0.0016216027436938827
211.5702479338843,3.3699819635730954e-05
211.78903826266804,0.0009147982094081338
212.00828157349895,0.0045843790475804756
212.22797927461139,0.011359698051232771
212.448132780083,0.021535492176890367
212.668743509865,0.035308715249493736
212.88981288981287,0.0528346053270789
213.11134235171693,0.07429615407984205
213.33333333333334,0.09975283932876491
213.555787278415,0.12912322530220027
213.7787056367432,0.16242249783277268
214.00208986415882,0.19960801922264176
214.22594142259413,0.2403542847569194
214.4502617801047,0.2844413109109375
214.67505241090146,0.3317894102436273
214.900314795383,0.38195430803178504
215.12605042016807,0.43447056822153807
215.35226077812828,0.4892730140872004
215.57894736842104,0.5460310106466235
215.80611169652263,0.6040816056679986
216.03375527426158,0.6632146208223776
216.26187961985215,0.7233274389904515
216.49048625792813,0.7838587882623558
216.7195767195767,0.8444633093803493
216.9491525423729,0.9052447504641509
217.17921527041358,0.9660527603632907
217.40976645435242,1.026496038443549
217.64080765143464,1.0863900673689442
217.87234042553192,1.145680499269318
218.10436634717786,1.2042663518559258
218.33688699360337,1.2619452969909004
218.5699039487727,1.3184879187710512
218.80341880341882,1.3737543244127681
219.0374331550802,1.4273333342796064
219.27194860813702,1.478473113953498
219.5069667738478,1.5268228270299182
219.74248927038627,1.5721638159028937
219.97851772287862,1.6134035189663862
220.21505376344086,1.649299320325101
220.45209903121636,1.6793729429567006
220.68965517241378,1.7029528732723047
220.92772384034518,1.7188353843516264
221.16630669546436,1.7261778431488963
221.4054054054054,1.72420086630016
221.64502164502164,1.7117425294328297
221.88515709642468,1.6879304211923456
222.12581344902384,1.652209357136752
222.36699239956567,1.60399369879687
222.6086956521739,1.543073589480026
222.85092491838955,1.4698235292437336
223.09368191721134,1.3852962735032857
223.3369683751363,1.2912120114015495
223.58078602620085,1.1892519114701305
223.82513661202185,1.0814032319409896
224.07002188183807,0.9709725238256408
224.31544359255204,0.8618045521445259
224.56140350877192,0.7578429367902061
224.80790340285398,0.6639918264384892
225.05494505494505,0.5854224671945681
225.30253025302528,0.5270957843787645
225.55066079295153,0.49487977668543187
225.79933847850054,0.4951646150826894
226.0485651214128,0.5342928326912989
226.29834254143645,0.6191357671637218
226.54867256637166,0.7562238415420256
226.79955703211516,0.9512714868228936
227.0509977827051,1.2096682340577203
227.30299667036624,1.5353661373041154
227.55555555555554,1.931289868386636
227.80867630700777,2.4001734413469404
228.06236080178175,2.9421920979678458
228.31661092530658,3.556099105350221
228.57142857142856,4.241655334540677
228.82681564245812,4.994942531553796
229.082774049217,5.808231831204366
229.33930571108624,6.6762980190015275
229.59641255605382,7.591928293988256
229.8540965207632,8.54108891184069
230.1123595505618,9.510685877061231
230.37120359955006,10.489052170940141
230.6306306306306,11.459048149878686
230.89064261555805,12.401957996770715
231.1512415349887,13.299940085152548
231.41242937853107,14.132101070204456
231.67420814479635,14.879242942427286
231.9365798414496,15.526378105177553
232.19954648526078,16.056390809888168
232.46311010215663,16.452548978431587
232.7272727272727,16.703547645676533
232.9920364050057,16.799366470230837
233.25740318906605,16.731240512454814
233.52337514253134,16.49510239453265
233.78995433789953,16.089681950304772
234.05714285714288,15.518154369007574
234.32494279176203,14.790138362821875
234.59335624284074,13.916806634861427
234.8623853211009,12.911929220150599
235.13203214695753,11.797013145205797
235.4022988505747,10.597514470077845
235.67318757192174,9.340235998290435
235.9447004608295,8.056237598564639
236.2168396770473,6.7779173024878165
236.48960739030022,5.536196243764935
236.76300578034682,4.3632064076391615
237.03703703703707,3.2903253746005823
237.3117033603708,2.344784918608008
237.58700696055683,1.5522829215549507
237.862950058072,0.9372396632731244
238.13953488372093,0.5190117403490888
238.41676367869616,0.3118186904132797
238.69463869463866,0.32573715423656785
238.97316219369893,0.5647231147037384
239.25233644859816,1.025867040560483
239.53216374269007,1.7013043228799225
239.81264637002343,2.5789617441702317
240.0937866354044,3.6418809140380373
240.37558685446012,4.869460265015828
240.65804935370153,6.239098958364012
240.94117647058823,7.725840384639215
241.2249705535924,9.304281488451371
241.50943396226415,10.950803107249447
241.79456906729635,12.640075671702688
242.080378250591,14.344864734959938
242.3668639053254,16.04124484288605
242.65402843601896,17.704968249849337
242.94187425860022,19.3079144184238
243.23040380047507,20.827295750440104
243.51961950059456,22.248343859110523
243.80952380952382,23.560093017546965
244.1001191895113,24.764503740246024
244.39140811455846,25.879458090587576
244.68339307048984,26.92300731201506
244.97607655502392,27.909418336424096
245.2694610778443,28.854815230948144
245.56354916067144,29.768919608527288
245.85834333733493,30.653885043592428
246.15384615384616,31.517991479615098
246.4500601684717,32.373353156205226
246.7469879518072,33.22480778816605
247.04463208685164,34.075442900996
247.34299516908212,34.931829244853795
247.6420798065296,35.79605967090973
247.9418886198547,36.66250982392672
248.24242424242422,37.52301960507887
248.54368932038832,38.36951868376433
248.8456865127582,39.19201973206792
249.14841849148416,39.974694556840824
249.45188794153472,40.69508411533867
249.75609756097558,41.32569607083237
250.06105006105005,41.83200933242689
250.36674816625916,42.174985002801535
250.6731946144431,42.32018738346951
250.98039215686276,42.237606323328436
251.2883435582822,41.900482830477074
251.5970515970516,41.29720919571178
251.90651906519062,40.43307822545359
252.21674876847288,39.317701966698785
252.52774352651045,37.96733588411966
252.8395061728395,36.41142265630487
253.15203955500616,34.682579892289645
253.46534653465346,32.81226573448632
253.7794299876084,30.83574495920153
254.09429280397023,28.78660646444199
254.40993788819875,26.696929445658355
254.726368159204,24.608640371739675
255.04358655043586,22.566303026409425
255.36159600997507,20.60207348309884
255.6803995006242,18.74359655657699
255.99999999999997,17.022251515738937
256.3204005006258,15.460497392195892
256.64160401002505,14.066898869981662
256.9636135508155,12.848533660494216
257.286432160804,11.81276994397829
257.61006289308176,10.957406807701785
257.9345088161209,10.272086208354695
258.2597730138714,9.746676508442746
258.5858585858586,9.369400905779525
258.91276864728195,9.121045754668083
259.24050632911394,8.978770469231227
259.5690747782003,8.924403444228497
259.8984771573604,8.945223831158883
260.22871664548916,9.027856404667485
260.55979643765903,9.155244191098076
260.89171974522293,9.31065950533646
261.2244897959184,9.481672304317248
261.5581098339719,9.65851297248686
261.89258312020456,9.832866598608744
262.2279129321382,10.001938868210136
262.56410256410254,10.170224861717662
262.9011553273428,10.345063146700992
263.2390745501285,10.53434579251211
263.5778635778636,10.747459437197692
263.91752577319585,10.991667768138912
264.258064516129,11.268045752510735
264.59948320413434,11.574598631283857
264.9417852522639,11.909713308186866
265.2849740932642,12.270916315276374
265.6290531776913,12.655767337811575
265.974025974026,13.0649185010359
266.3198959687906,13.501778602849237
266.66666666666663,13.972391412414279
267.01434159061273,14.487712510502488
267.3629242819843,15.062262005088671
267.7124183006536,15.709615710299774
268.0628272251309,16.44154124541153
268.41415465268676,17.27051685338934
268.76640419947506,18.209906048902045
269.119579500657,19.270314160683316
269.47368421052636,20.457255499651335
269.82872200263506,21.773862679879606
270.1846965699208,23.223002330877517
270.5416116248349,24.804186124947524
270.8994708994709,26.512118396841576
271.25827814569533,28.3402101198424
271.6180371352785,30.28147174472625
271.97875166002655,32.32556200413736
272.3404255319149,34.458300222422295
272.70306258322233,36.662204932975904
273.06666666666666,38.91234095923572
273.4312416555407,41.17063581948853
273.7967914438503,43.38776800858415
274.1633199464525,45.51152796792935
274.5308310991957,47.48993750393099
274.8993288590604,49.26981017218471
275.26881720430106,50.80241212637285
275.6393001345895,52.051100908138345
276.010781671159,52.990584943543254
276.3832658569501,53.605290510814626
276.7567567567567,53.88962214619699
277.1312584573748,53.84271666221555
277.50677506775065,53.46501110029029
277.88331071913166,52.762370307685416
278.2608695652174,51.746680018027405
278.6394557823129,50.43267591416042
279.01907356948226,48.84011276985331
279.39972714870396,46.99480096341777
279.78142076502735,44.92261665785664
280.1641586867305,42.648129106910986
280.54794520547944,40.202707423018786
280.93278463648835,37.62702218849407
281.31868131868134,34.962081779901965
281.70563961485556,32.245394890267235
282.0936639118457,29.517517868228808
282.48275862068965,26.822088927685463
282.8729281767956,24.196047842602038
283.2641770401106,21.665229136992824
283.6565096952908,19.249135407528588
284.0499306518724,16.966110473578436
284.44444444444446,14.833501390976068
284.84005563282335,12.864353375741521
285.2367688022284,11.066075188462582
285.63458856345886,9.441383257430624
286.0335195530726,7.987589313482262
286.43356643356645,6.69744313539904
286.8347338935574,5.563218487406814
287.23702664796633,4.577089762134632
287.6404494382022,3.7285507984565114
288.0450070323488,3.005543146880955
288.4507042253521,2.3962785533894886
288.85754583921016,1.8884889165078447
289.2655367231638,1.4697817855736532
289.6746817538897,1.1287189670771327
290.08498583569406,0.8542220651075565
290.49645390070924,0.6356840699148089
290.9090909090909,0.46421121754245853
291.32290184921766,0.3323481400189104
291.73789173789174,0.23301991771814298
292.15406562054204,0.1596692039408066
292.57142857142856,0.10682830801519246
292.9899856938483,0.07000920451332508
293.4097421203438,0.045335582330237933
293.83070301291247,0.02952601180000369
294.2528735632184,0.019985758125958434
294.67625899280574,0.014683545868582847
295.1008645533141,0.012063747580805974
295.52669552669556,0.011050207624919978
295.9537572254335,0.010874139851932148
296.3820549927641,0.010943377598830998
296.81159420289856,0.010937627137660092
297.2423802612482,0.010755980337051718
297.6744186046512,0.01029824238876808
298.1077147016012,0.009474976946087484
298.54227405247815,0.008340970823796407
298.978102189781,0.007032769864472674
299.41520467836256,0.005647992068065778
299.8535871156662,0.00426143534734878
300.2932551319648,0.002961894475342465
300.73421439060206,0.0018325776949524373
301.17647058823525,0.0009440655547978793
301.620029455081,0.0003597407170718313
302.06489675516224,0.00012452807167836574
302.5110782865583,0.0002631838582483469
302.95857988165676,0.0007926738517325427
303.4074074074074,0.0017269664467760486
303.85756676557867,0.0030673415422460644
304.30906389301634,0.004794395692332325
304.7619047619047,0.0068836691493492485
305.2160953800298,0.009319553683289319
305.6716417910448,0.012078352646666329
306.1285500747384,0.015123594883758345
306.58682634730536,0.018416472849304012
307.0464767616192,0.02190975075223681
307.5075075075075,0.025569306101160223
307.96992481203006,0.029389325108409765
308.433734939759,0.03333088825113327
308.8989441930618,0.03731872708483132
309.3655589123867,0.04133360342536561
309.83358547655064,0.04538306770298594
310.3030303030303,0.049409127789113355
310.7738998482549,0.053354919529713114
311.2462006079027,0.057217672287574566
311.7199391171994,0.06095949598050466
312.1951219512195,0.06451759178351278
312.67175572519085,0.06788746666217149
313.1498470948012,0.07105435407918452
313.6294027565084,0.07394397493253607
314.11042944785277,0.07652268514435161
314.5929339477727,0.07880590493632254
315.0769230769231,0.08077015789359832
315.5624036979969,0.08238438399071317
316.04938271604937,0.08366440269604705
316.53786707882534,0.08461974114189691
317.0278637770898,0.08522845414720544
317.5193798449612,0.08548448461543419
318.0124223602484,0.08540786878860801
318.50699844479004,0.08502521419130359
319.0031152647975,0.08436501043168963
319.5007800312012,0.08344422273353863
320.0,0.08226774194784198
320.5007824726134,0.08085674229528368
321.0031347962382,0.07924392816694921
321.5070643642072,0.07744389965611928
322.0125786163522,0.07547335330521741
322.5196850393701,0.07337459889705601
323.02839116719235,0.07117552329486229
323.5387045813586,0.06887484429282192
324.0506329113924,0.06649436485794942
324.56418383518223,0.06407945429279413
325.07936507936506,0.061645389673982226
325.59618441971384,0.05918714464558666
326.11464968152865,0.05671652245963522
326.63476874003186,0.054253491151744354
327.15654952076676,0.051823413492911106
327.68,0.04945291454179797
328.2051282051282,0.04713375960094294
328.7319422150882,0.044845843348002325
329.2604501607717,0.042616358035987546
329.7906602254429,0.04047679630279599
330.3225806451613,0.038405620458129244
330.8562197092084,0.03638582918048334
331.3915857605178,0.034443580680714396
331.9286871961102,0.03259092978546632
332.46753246753246,0.030812602941056404
333.0081300813008,0.02911043494100949
333.5504885993485,0.027496357850528286
334.094616639478,0.025962860373977263
334.640522875817,0.024497409801551896
335.18821603927984,0.02310343313788372
335.73770491803276,0.021790334159019112
336.28899835796386,0.020554588760524625
336.8421052631579,0.019382464008148068
337.3970345963756,0.01826938720201026
337.95379537953795,0.017220633822466812
338.51239669421483,0.016234639512590125
339.07284768211923,0.015303995363926612
339.63515754560524,0.014426368456497425
340.19933554817277,0.013604032485906843
340.765391014975,0.012839373702506394
341.3333333333333,0.012126153781539207
341.9031719532554,0.011448949888824547
342.4749163879599,0.010806326556089287
343.04857621440533,0.01021215529573786
343.6241610738255,0.009662804551028394
344.2016806722689,0.009142096586326589
344.7811447811448,0.008652703472207781
345.362563237774,0.008200550328246363
345.94594594594594,0.007774709816044969
346.5313028764805,0.007370625265699666
347.11864406779665,0.006994418510681639
347.70797962648555,0.006640728847086945
348.29931972789115,0.006303116290008803
348.8926746166951,0.005988451130404437
349.4880546075085,0.00569800194837125
350.0854700854701,0.005421567270423257
350.6849315068493,0.005156022749486665
351.286449399657,0.004905519593049869
351.89003436426117,0.004669490732497064
352.4956970740103,0.004445012387175508
353.10344827586204,0.004231359769587732
353.71329879101904,0.004026964851452051
354.3252595155709,0.0038298684328295592
354.93934142114387,0.0036414716425662505
355.55555555555554,0.0034639260630999757
356.17391304347825,0.003294580693440072
356.794425087108,0.0031288350011759755
357.4171029668411,0.0029676198952757666
358.04195804195797,0.0028150395642654123
358.6690017513135,0.0026702312024050696
359.29824561403507,0.0025291952030389903
359.9297012302285,0.0023920396422934995
360.5633802816901,0.002261614716782118
361.1992945326279,0.0021379633879236044
361.8374558303887,0.0020192070614138634
362.4778761061947,0.0019051096337766046
363.1205673758865,0.0017961132562746077
363.76554174067496,0.0016920707377948703
364.4128113879003,0.0015943177115469627
365.0623885918003,0.0015041840661917626
365.7142857142857,0.0014192298966767087
366.3685152057245,0.0013374291540634844
367.02508960573476,0.001261718712843582
367.68402154398564,0.0011943114730651862
368.3453237410072,0.0011333454543804187
369.009009009009,0.0010776490180037228
369.67509025270755,0.001027135306609237
370.3435804701627,0.0009812982867201043
371.0144927536232,0.0009418397153484327
371.68784029038113,0.0009105376530945794
372.3636363636364,0.0008858474717776326
373.0418943533697,0.0008665480663238519
373.7226277372263,0.0008528239489078939
374.4058500914077,0.0008444501365718793
375.09157509157507,0.0008433919510214657
375.77981651376143,0.000851028692710041
376.47058823529414,0.000863468192518844
377.1639042357274,0.0008794340613322001
377.8597785977859,0.000903460534190545
378.5582255083179,0.0009350209107056865
379.25925925925924,0.0009699638236213764
379.96289424860856,0.0010105866322292112
380.6691449814126,0.0010594206828447382
381.37802607076355,0.00111373243233696
382.089552238806,0.0011733315576227105
382.803738317757,0.0012395462612149603
383.5205992509363,0.00131037161782845
384.24015009380867,0.001386697576747018
384.96240601503763,0.0014707899096082302
385.6873822975518,0.0015592303606268357
386.4150943396226,0.0016515890242966332
387.14555765595463,0.001753659968248299
387.8787878787879,0.0018643938072014118
388.6148007590133,0.001978584768488415
389.35361216730035,0.002098882757852042
390.09523809523813,0.0022285361281100453
390.8396946564886,0.0023650597730039483
391.5869980879541,0.0025081137267431736
392.3371647509578,0.0026595652242208698
393.0902111324376,0.0028196033054114313
393.84615384615387,0.0029893391964342913
394.6050096339113,0.003168578635624825
395.3667953667953,0.003355667262947635
396.1315280464217,0.0035540339342096357
396.8992248062015,0.003767273039603477
397.6699029126213,0.0039930221029821425
398.4435797665369,0.00423109533186904
399.22027290448347,0.004484770751627461
400.0,0.004753654832424171
400.7827788649706,0.005038143247141388
401.56862745098044,0.005342964417910029
402.35756385068765,0.005670540316002353
403.1496062992126,0.006020429403310865
403.9447731755424,0.006393619142049625
404.7430830039526,0.0067921936892619
405.54455445544556,0.007217286580391392
406.3492063492063,0.007667651851311498
407.1570576540755,0.00814274013320435
407.9681274900399,0.008646660869707579
408.7824351297405,0.009183332011627288
409.59999999999997,0.009753695230563257
410.4208416833667,0.010360073403861407
411.24497991967877,0.011004170942359004
412.07243460764585,0.011685319547787528
412.9032258064516,0.012406119305948529
413.7373737373737,0.013174372942482422
414.57489878542515,0.013997852893250924
415.4158215010142,0.014872674004822648
416.260162601626,0.015788540326193614
417.10794297352334,0.01675757461406838
417.9591836734694,0.017796248461626776
418.81390593047036,0.018884313364627977
419.67213114754094,0.020010825195166917
420.53388090349074,0.02120114875942525
421.3991769547325,0.022444997401353608
422.2680412371134,0.023722386053810267
423.1404958677686,0.025072564921382275
424.0165631469979,0.026500449996158
424.896265560166,0.027961013866193523
425.77962577962575,0.02948315395767073
426.6666666666667,0.031093550269968184
427.5574112734864,0.03274135175156536
428.45188284518827,0.03444687848817416
429.3501048218029,0.036256021998204935
430.25210084033614,0.03811046167754653
431.1578947368421,0.040021019086686906
432.06751054852316,0.04205671240253694
432.98097251585625,0.044130762296905726
433.8983050847458,0.04623214075717785
434.81953290870484,0.04854365403341252
435.74468085106383,0.05102565202279082
436.67377398720674,0.05348523191410194
437.60683760683764,0.05597861785340211
438.54389721627405,0.05854185575939788
439.48497854077254,0.06111455335315623
440.4301075268817,0.06398345523381586
441.37931034482756,0.06732317531864229
442.3326133909287,0.07063434070321106
443.2900432900433,0.07365240049694656
444.2516268980477,0.07690707598357935
445.2173913043478,0.08071390511650577
446.1873638344227,0.0847886513048549
447.1615720524017,0.08886076543003944
448.14004376367615,0.09290034284307515
449.12280701754383,0.09714454041762664
450.1098901098901,0.10187974639458172
451.10132158590307,0.10696660290625595
452.0971302428256,0.11229083889811595
453.0973451327433,0.11802698386455747
454.1019955654102,0.12394733776058196
455.1111111111111,0.1300253176820536
456.1247216035635,0.1368636541968538
457.1428571428571,0.14413906508584334
458.165548098434,0.15122294031084338
459.19282511210764,0.15887327126073428
460.2247191011236,0.16731720734144048
461.2612612612612,0.17568966472010672
462.3024830699774,0.18428294332689302
463.3484162895927,0.1933425627741109
464.39909297052156,0.20233181331063185
465.4545454545454,0.21201190601282544
466.5148063781321,0.22242888798596558
467.57990867579906,0.23216919468990294
468.64988558352405,0.24223800452868371
469.7247706422018,0.25367827209014104
470.8045977011494,0.26452877452454987
471.889400921659,0.2749212113366575
472.97921478060044,0.2874003680734099
474.07407407407413,0.30162621657304856
475.17401392111367,0.31569628903003577
476.27906976744185,0.3290002580252864
477.3892773892773,0.34180873766989756
478.5046728971963,0.35438992258670615
479.62529274004686,0.3659800969639824
480.75117370892025,0.37697697404014496
481.88235294117646,0.38889443061199735
483.0188679245283,0.3991169418730834
484.160756501182,0.40559434808036227
485.3080568720379,0.4130792508614294
486.46080760095015,0.4253382409005473
487.61904761904765,0.44290351759243923
488.7828162291169,0.46611640977506075
489.95215311004785,0.4897776512173228
491.1270983213429,0.5103610842636821
492.3076923076923,0.5344730777523414
493.4939759036144,0.564858190053006
494.68599033816423,0.5979475999615167
495.8837772397094,0.6349090637204079
497.08737864077665,0.6769085963230238
498.29683698296833,0.7227157933518806
499.51219512195115,0.7700861868515735
500.7334963325183,0.814342996843406
501.9607843137255,0.8583019520168383
503.1941031941032,0.9033807823214837
504.43349753694577,0.94393582104347
505.679012345679,0.9963179888367002
506.9306930693069,1.07194072534392
508.18858560794047,1.1519874792018416
509.452736318408,1.2522377017847697
510.72319201995015,1.3843167672385415
511.99999999999994,1.503463766370788
513.2832080200501,1.6390519486773207
514.572864321608,1.8281538451859527
515.8690176322418,1.979478251263983
517.1717171717172,2.1236932449348447
518.4810126582279,2.3645320056128494
519.7969543147208,2.568466251503849
521.1195928753181,2.732761050996062
522.4489795918367,3.0338230743555603
523.7851662404091,3.2954981402646153
525.1282051282051,3.468870697505717
526.478149100257,3.8345078274607465
527.8350515463917,4.17310561145459
529.1989664082687,4.355272730231575
530.5699481865284,4.79218817184838
531.948051948052,5.22632922393694
533.3333333333333,5.3989005795570275
534.7258485639686,5.873091206171102
536.1256544502618,6.381957356003564
537.5328083989501,6.498435232990007
538.9473684210527,6.9611239643376965
540.3693931398416,7.553618048238454
541.7989417989418,7.629114296026254
543.236074270557,8.058756657779073
544.6808510638298,8.739685829040821
546.1333333333333,8.798975640788663
547.5935828877006,9.15326390335268
549.0616621983914,9.849680029115802
550.5376344086021,9.857296142220614
552.021563342318,10.082569079763493
553.5135135135134,10.740581128556302
555.0135501355013,10.708667428683498
556.5217391304348,10.751611381424592
558.0381471389645,11.19810297250805
559.5628415300547,10.999044252850453
561.0958904109589,10.766962392878385
562.6373626373627,10.93056152862737
564.1873278236914,10.74308568102011
565.7458563535912,10.560922487271021
567.3130193905816,10.615914518431534
568.8888888888889,10.60700913136694
570.4735376044569,10.728934107979736
572.0670391061452,10.737419348482366
573.6694677871149,10.783948455751082
575.2808988764044,11.119889512428479
576.9014084507043,10.965692233322402
578.5310734463276,11.002572231440299
580.1699716713881,11.688351697685341
581.8181818181818,11.376302769484319
583.4757834757835,11.159267605570221
585.1428571428571,12.08310963731019
586.8194842406876,11.504116885190934
588.5057471264367,10.86709104485789
590.2017291066282,12.250453972884392
591.907514450867,11.528874433113188
593.6231884057971,10.372320035203805
595.3488372093024,12.830956468556385
597.0845481049563,12.201893584478517
598.8304093567251,10.074597802689059
600.5865102639297,15.077756328159102
602.3529411764705,14.378359542282029
604.1297935103245,8.990614152053594
605.9171597633135,34.41550605520131
607.7151335311573,200.58432501942062
609.5238095238094,142.58356144299407
611.3432835820896,12.762610506945279
613.1736526946107,6.790264234376164
615.015015015015,18.34283088743288
616.867469879518,7.379110348592809
618.7311178247734,13.263527904032658
620.6060606060606,48.24512909822103
622.4924012158054,21.85701092717601
624.390243902439,4.020340299960719
626.2996941896024,17.095791045700842
628.2208588957055,17.319449986462633
630.1538461538462,6.184014113005327
632.0987654320987,20.775276502552586
634.0557275541796,21.000292890387207
636.0248447204968,3.681732130978241
638.006230529595,43.76653773962822
640.0,197.36275934265822
642.0062695924764,143.51615744808154
644.0251572327044,54.55263974210031
646.0567823343847,73.51306963190159
648.1012658227849,64.09113850140238
650.1587301587301,20.73323057101352
652.2292993630573,32.12279283514754
654.3130990415335,59.57950844796135
656.4102564102564,43.73230309830655
658.5209003215434,59.511505085046224
660.6451612903226,94.08650803349435
662.7831715210356,76.08612436282621
664.9350649350649,123.56638998872705
667.100977198697,276.12287132650795
669.281045751634,260.8792965433812
671.4754098360655,196.69708978306707
673.6842105263158,296.3200783119974
675.9075907590759,340.7335595499483
678.1456953642385,291.6491622270755
680.3986710963455,493.43687572817475
682.6666666666666,801.1228305943504
684.9498327759198,663.7982669402445
687.248322147651,563.4772339048798
689.5622895622896,827.87112549754
691.8918918918919,1079.977541567674
694.2372881355933,1045.6718628572735
696.5986394557823,1092.0609361955712
698.976109215017,1273.4951172624317
701.3698630136986,1422.1046971058997
703.7800687285223,1555.4921081896912
706.2068965517241,1720.5274471509078
708.6505190311418,1878.4866564890876
711.1111111111111,2031.6082156617547
713.588850174216,2196.7957715450625
716.0839160839159,2363.5160814094065
718.5964912280701,2542.834953587417
721.1267605633802,2748.4742850260122
723.6749116607774,2966.4297239071416
726.241134751773,3233.63944154711
728.8256227758006,3591.2565773756573
731.4285714285714,3970.546393109522
734.0501792114695,4441.381729850591
736.6906474820144,5176.78090385708
739.3501805054151,5841.960729524684
742.0289855072464,5893.008024816958
744.7272727272727,5442.926367234493
747.4452554744526,4949.227181591084
750.1831501831501,4827.731139596194
752.9411764705883,5193.707396399508
755.7195571955718,5550.577897824987
758.5185185185185,5549.306508873281
761.3382899628252,5443.202149183061
764.179104477612,5349.210533201112
767.0411985018726,5587.40434145053
769.9248120300753,6556.54109745706
772.8301886792452,7507.266173260618
775.7575757575758,7622.4599794298165
778.7072243346007,7732.249854736095
781.6793893129772,8166.323725949373
784.6743295019156,8403.871241301518
787.6923076923077,8782.329446230302
790.7335907335906,9485.16894047445
793.798449612403,9553.861782984153
796.8871595330738,8966.11381048118
800.0,8540.768451794902
803.1372549019609,7905.666884497314
806.2992125984252,6978.097833306699
809.4861660079052,6294.738390820041
812.6984126984127,5502.585092470311
815.9362549800798,4953.802660600574
819.1999999999999,5424.2343743937045
822.4899598393575,6975.984291268305
825.8064516129032,8460.341248640918
829.1497975708503,9859.641956871897
832.520325203252,10838.670172633523
835.9183673469388,9715.712912297544
839.3442622950819,8199.292402500978
842.798353909465,8067.143213957332
846.2809917355372,6993.608674919202
849.792531120332,4533.930100313735
853.3333333333334,3588.6151884005612
856.9037656903765,3959.6875246499358
860.5042016806723,3315.214957149132
864.1350210970463,2018.5728222081711
867.7966101694916,1609.629727858715
871.4893617021277,1765.3832621221782
875.2136752136753,1686.9476686801786
878.9699570815451,1333.9485323993258
882.7586206896551,1057.0176508809852
886.5800865800866,873.2589956676934
890.4347826086956,689.8756178556291
894.3231441048034,559.7738992146826
898.2456140350877,524.2732634695276
902.2026431718061,486.66542420373685
906.1946902654867,382.7262918462069
910.2222222222222,313.65051938067546
914.2857142857142,271.6857651325901
918.3856502242153,176.29818325314028
922.5225225225224,108.83306758095871
926.6968325791854,91.58355394159548
930.9090909090908,84.48843575497985
935.1598173515981,67.82777339329206
939.4495412844036,80.03805487980472
943.778801843318,85.14904592466665
948.1481481481483,31.707454080684073
952.5581395348837,11.55068107569365
957.0093457943926,16.6716625113683
961.5023474178405,56.225037784578056
966.0377358490566,59.37770446944004
970.6161137440758,17.556933957308186
975.2380952380953,5.973706130788769
979.9043062200957,21.533686034071028
984.6153846153846,47.928319621841595
989.3719806763285,31.778421410175174
994.1747572815533,17.49058044746091
999.0243902439023,17.069835254572077
1003.921568627451,14.836473407030434
1008.8669950738915,18.84455650076491
1013.8613861386139,33.98237936784504
1018.905472636816,32.9757729682575
1023.9999999999999,23.295679818275286
1029.145728643216,26.058289233187338
1034.3434343434344,26.992753425274177
1039.5939086294416,20.70230025034544
1044.8979591836735,20.894928297185455
1050.2564102564102,21.744743144062515
1055.6701030927834,17.3676940265915
1061.139896373057,16.58158842304384
1066.6666666666665,17.196703408136948
1072.2513089005236,14.122417528453482
1077.8947368421054,12.983078815727838
1083.5978835978835,13.36295918522064
1089.3617021276596,11.192294909448787
1095.1871657754011,9.97544625622508
1101.0752688172042,10.13823851255869
1107.0270270270269,8.595794120243408
1113.0434782608695,7.437766671486106
1119.1256830601094,7.429598623779567
1125.2747252747254,6.35315700062363
1131.4917127071824,5.3604576959518235
1137.7777777777778,5.267995940702745
1144.1340782122904,4.551161790195047
1150.5617977528088,3.7698590087463404
1157.0621468926552,3.6505792476832974
1163.6363636363635,3.1829322336668966
1170.2857142857142,2.5874250793234705
1177.0114942528735,2.4532580295095463
1183.815028901734,2.1447373301368677
1190.6976744186047,1.7045169606713284
1197.6608187134502,1.5720184875514485
1204.705882352941,1.3703489741115185
1211.834319526627,1.0599887592625625
1219.0476190476188,0.9434042751273661
1226.3473053892214,0.8134634925326326
1233.734939759036,0.6078854519575334
1241.2121212121212,0.5203514188196922
1248.780487804878,0.44687943166233857
1256.441717791411,0.3271792267406056
1264.1975308641975,0.27437465749668405
1272.0496894409937,0.24050627734531513
1280.0,0.1770434374415802
1288.0503144654087,0.14752720859770194
1296.2025316455697,0.13315697848052105
1304.4585987261146,0.09979357200177169
1312.8205128205127,0.08286905290581557
1321.2903225806451,0.07659306637210518
1329.8701298701299,0.05837936131089107
1338.562091503268,0.0479379557027888
1347.3684210526317,0.04487478083530549
1356.291390728477,0.034738867865996524
1365.3333333333333,0.028072428895997138
1374.496644295302,0.026497225438383124
1383.7837837837837,0.021208969488607645
1393.1972789115646,0.017318097799247454
1402.7397260273972,0.016551160212839987
1412.4137931034481,0.013702592026057744
1422.2222222222222,0.011271361793874059
1432.1678321678319,0.01074626283278159
1442.2535211267605,0.009144548455575587
1452.482269503546,0.007640099892554329
1462.857142857143,0.007309584132611806
1473.3812949640287,0.0064044268289637435
1484.0579710144928,0.005405450056457242
1494.890510948905,0.00508635114805272
1505.8823529411766,0.004487465293651702
1517.037037037037,0.0037641530734951276
1528.358208955224,0.0034267703757893428
1539.8496240601505,0.003005949681561078
1551.5151515151515,0.002539263126805969
1563.3587786259543,0.002298267635951921
1575.3846153846155,0.002017911337466908
1587.596899224806,0.001690596067646121
1600.0,0.0014878499967362756
1612.5984251968505,0.0012937686863414418
1625.3968253968253,0.0010845638357304683
1638.3999999999999,0.0009368920923848051
1651.6129032258063,0.0007981774345078295
1665.040650406504,0.000659951907501168
1678.6885245901638,0.0005607649215139278
1692.5619834710744,0.00047283155040938387
1706.6666666666667,0.00038747813365971174
1721.0084033613446,0.0003222821591755536
1735.5932203389832,0.00026610875135892894
1750.4273504273506,0.00021508620731918492
1765.5172413793102,0.00017603312179812383
1780.8695652173913,0.0001438309874002424
1796.4912280701753,0.0001159017647069103
1812.3893805309733,9.35395199380012e-05
1828.5714285714284,7.493041424577062e-05
1845.0450450450448,5.970979055879816e-05
1861.8181818181815,4.749336720648479e-05
1878.8990825688072,3.7293130398265757e-05
1896.2962962962965,2.925745534225994e-05
1914.0186915887853,2.28178766601032e-05
1932.0754716981132,1.745698741503259e-05
1950.4761904761906,1.3465634251084245e-05
1969.2307692307693,1.0339526130573626e-05
1988.3495145631066,7.737701099762817e-06
2007.843137254902,5.903508358310852e-06
2027.7227722772277,4.481879372962932e-06
2047.9999999999998,3.276310520244524e-06
2068.686868686869,2.503727209039494e-06
2089.795918367347,1.9589720902158744e-06
2111.340206185567,1.4733642648155283e-06
2133.333333333333,1.170587269222491e-06
2155.789473684211,9.671504993599468e-07
2178.723404255319,7.822574054388552e-07
2202.1505376344085,6.882353714433139e-07
2226.086956521739,6.402053690159401e-07
2250.5494505494507,5.830126916937487e-07
2275.5555555555557,5.55280008436095e-07
2301.1235955056177,5.455478052958557e-07
2327.272727272727,5.303336339963129e-07
2354.022988505747,5.277191884380826e-07
2381.3953488372094,5.280170910855259e-07
2409.411764705882,5.16265930205559e-07
2438.0952380952376,5.059384536119782e-07
2467.469879518072,4.950654575571671e-07
2497.560975609756,4.7461239247152904e-07
2528.395061728395,4.533753550639786e-07
2560.0,4.3426203579299134e-07
2592.4050632911394,4.112007194857625e-07
2625.6410256410254,3.864786028367869e-07
2659.7402597402597,3.629588227592693e-07
2694.7368421052633,3.3847047686832605e-07
2730.6666666666665,3.13985869221728e-07
2767.5675675675675,2.915109806026816e-07
2805.4794520547944,2.699188312833331e-07
2844.4444444444443,2.489133195578715e-07
2884.507042253521,2.2891843221488801e-07
2925.714285714286,2.0878419146727716e-07
2968.1159420289855,1.885806400574245e-07
3011.764705882353,1.6984648488149687e-07
3056.716417910448,1.5253123599352397e-07
3103.030303030303,1.3594898099526877e-07
3150.769230769231,1.2062885837318247e-07
3200.0,1.0706583201071102e-07
3250.7936507936506,9.511610095407178e-08
3303.2258064516127,8.471378532556708e-08
3357.3770491803275,7.558312055693735e-08
3413.3333333333335,6.715824983326288e-08
3471.1864406779664,5.9305820893326326e-08
3531.0344827586205,5.213796191660493e-08
3592.9824561403507,4.5538495712828236e-08
3657.142857142857,3.954415631477023e-08
3723.636363636363,3.4406803237818024e-08
3792.592592592593,3.0037809401803276e-08
3864.1509433962265,2.6103514846363355e-08
3938.4615384615386,2.2504035404322802e-08
4015.686274509804,1.9331411957557358e-08
4095.9999999999995,1.6621233974680063e-08
4179.591836734694,1.4308969352219642e-08
4266.666666666666,1.219338493269243e-08
4357.446808510638,9.921353294537094e-09
4452.173913043478,7.341502488278715e-09
4551.111111111111,4.820479202128828e-09
4654.545454545454,2.8506778750936816e-09
4762.790697674419,1.5799670217311644e-09
4876.190476190475,8.475854310107485e-10
4995.121951219512,4.3945313096737455e-10
5120.0,2.1824436196196397e-10
5251.282051282051,1.0314980703253623e-10
5389.473684210527,4.602170762586305e-11
5535.135135135135,1.915761900510138e-11
5688.888888888889,7.366640139135747e-12
5851.428571428572,2.5506380811135496e-12
6023.529411764706,7.820503048957203e-13
6206.060606060606,2.0229222786169993e-13
6400.0,4.18272344611207e-14
6606.451612903225,6.111425827144744e-15
6826.666666666667,4.956430203475633e-16
7062.068965517241,1.1173668009320448e-17
7314.285714285714,1.0235800822017781e-20
7585.185185185186,4.701144403177785e-21
7876.923076923077,2.978197142760665e-22
