"Wavelength, nm",Intensity
136.44237175216523,1.9180103487308672e-23
136.53333333333333,2.2650381205652202e-23
136.62441627751835,2.662804522763101e-23
136.71562082777035,3.1105862750036664e-23
136.80694722778892,4.392101463334733e-23
136.89839572192514,1.455176848086096e-20
136.98996655518394,1.2250683371773272e-17
137.08165997322624,1.9924167000229463e-15
137.17347622237108,1.0308433327599317e-13
137.26541554959786,2.4074582351327744e-12
137.35747820254863,3.1601381379018184e-11
137.4496644295302,2.695742613705172e-10
137.54197447951645,1.6517300911548014e-09
137.63440860215053,7.8059482107409e-09
137.72696704774717,2.997496838285137e-08
137.81965006729476,9.724396720168697e-08
137.9124579124579,2.745694981483944e-07
138.0053908355795,6.90479074956277e-07
138.09844908968307,1.57489209911213e-06
138.19163292847506,3.3056021733276356e-06
138.28494260634707,6.4599851991089074e-06
138.37837837837836,1.1866820187381436e-05
138.47194050033806,2.0651947180586506e-05
138.5656292286874,3.427095986464498e-05
138.65944482058225,5.452235740124756e-05
138.75338753387533,8.35357189687305e-05
138.84745762711862,0.00012373161157991632
138.94165535956583,0.00017775283782865713
139.03598099117448,0.0002483696783033276
139.1304347826087,0.00033836491488702575
139.22501699524133,0.0004504081421783612
139.31972789115645,0.0005869324408590492
139.4145677331518,0.0007500280636577192
139.50953678474113,0.0009413667320409733
139.60463531015677,0.0011621662528709686
139.69986357435198,0.001413198216594377
139.79522184300342,0.0016948334320541613
139.89071038251367,0.002007113011189799
139.98632946001365,0.0023498304173948073
140.08207934336525,0.00272261337195673
140.17796030116358,0.0031249949729279577
140.27397260273972,0.0035564490713427795
140.37011651816314,0.004016352308056879
140.46639231824417,0.004503853035607193
140.56280027453673,0.005017670068712988
140.65934065934067,0.005555878441013728
140.75601374570448,0.006115736108769619
140.85281980742778,0.006693558705635755
140.949759119064,0.007284605847189865
141.04683195592284,0.00788297029221718
141.14403859407307,0.008481543973219928
141.24137931034483,0.009072178434794098
141.33885438233264,0.00964610437305383
141.4364640883978,0.010194537135146117
141.53420870767104,0.010709262229116546
141.6320885200553,0.011183033100118589
141.73010380622836,0.011609844710129946
141.8282548476454,0.011985291664375081
141.92654192654192,0.012307047511627882
142.0249653259362,0.012575206422693672
142.1235253296322,0.012792172355566348
142.22222222222223,0.012962029091662237
142.32105628908963,0.013089637803451163
142.42002781641168,0.013179819303714556
142.51913709116212,0.01323678531003434
142.6183844011142,0.013263657428465438
142.7177700348432,0.01326180329923815
142.81729428172943,0.013230002656736007
142.91695743196092,0.013163888761516883
143.0167597765363,0.013056204389866224
143.11670160726763,0.0128979355968389
143.21678321678323,0.01267978347607709
143.31700489853043,0.012393451333895323
143.4173669467787,0.012032851940729955
143.5178696566223,0.01159568789178002
143.61851332398317,0.011085486175197074
143.71929824561403,0.010513576235917392
143.8202247191011,0.009900185633111187
143.92129304286718,0.009274168903617874
144.0225035161744,0.008671918722362568
144.12385643912737,0.008136247400076188
144.22535211267606,0.007714834641796722
144.32699083861874,0.00745755075713739
144.42877291960508,0.00741279071706668
144.530698659139,0.007622959400119471
144.6327683615819,0.00812016643384513
144.73498233215545,0.008923896563980327
144.83734087694484,0.010039601131204263
144.9398443029016,0.011457093524582275
145.04249291784703,0.01315027658720485
145.14528703047483,0.015077066169936952
145.24822695035462,0.017180403194615466
145.35131298793468,0.0193949757099375
145.45454545454544,0.021653558890719984
145.55792466240226,0.02388903447061939
145.66145092460883,0.026041142763184873
145.76512455516016,0.028061128298005777
145.86894586894587,0.029910404882538513
145.9729151817534,0.03156957807219191
146.07703281027102,0.03304023578244552
146.18129907209135,0.03433126082840328
146.28571428571428,0.0354669348324958
146.39027877055037,0.03649006617001814
146.49499284692416,0.03743999319912424
146.59985683607732,0.038361575339876386
146.7048710601719,0.03929909909108645
146.8100358422939,0.040258539512120835
146.91535150645623,0.04124546656553024
147.0208183776023,0.04229919777356913
147.1264367816092,0.0434300603523521
147.23220704529115,0.044417037435450266
147.33812949640287,0.04463108814249078
147.4442044636429,0.04419120412815046
147.55043227665706,0.04580401848081096
147.6568132660418,0.051686680948749085
147.76334776334778,0.05633964809588444
147.87003610108303,0.04983175344531475
147.97687861271675,0.03472198412522163
148.08387563268258,0.03031837064044093
148.19102749638205,0.04851625887359309
148.29833454018825,0.07234893472799687
148.40579710144928,0.07256182633152806
148.51341551849166,0.04436614060338614
148.6211901306241,0.016489183817015828
148.72912127814087,0.019990817550159034
148.8372093023256,0.053141299838714844
148.94545454545454,0.08169738413934907
149.0538573508006,0.07442351895082787
149.16241806263656,0.036724012894816194
149.27113702623907,0.006850956396990433
149.38001458789202,0.01712281447217445
149.4890510948905,0.05943718120896191
149.59824689554418,0.09167218409368678
149.70760233918128,0.08013257726363682
149.81711777615214,0.03511979343256497
149.9267935578331,0.0021874365778783798
150.03663003663004,0.016419295307954815
150.1466275659824,0.06578172798039136
150.25678650036684,0.10177608606851316
150.36710719530103,0.08797034731693763
150.47759000734754,0.03765712987220607
150.58823529411762,0.0016395346974649074
150.69904341427517,0.017404335156366125
150.8100147275405,0.07081766215037347
150.92114959469419,0.10946951595885364
151.03244837758112,0.09487058166814621
151.1439114391144,0.04148960320336298
151.25553914327915,0.0031950192986726494
151.3673318551367,0.01991500084079697
151.47928994082838,0.07750153295196069
151.59141376757958,0.12094107104484236
151.7037037037037,0.10804402628043093
151.81616011860638,0.05094568895738796
151.92878338278933,0.004752770656913666
152.04157386785448,0.01429255451569931
152.15453194650817,0.07098990321918
152.26765799256503,0.12151805865763655
152.38095238095235,0.11877268624672006
152.4944154877141,0.06574776261938428
152.6080476900149,0.011505667664255422
152.72184936614468,0.0045363752648138345
152.8358208955224,0.048443017330686004
152.9499626587005,0.10101952559236275
153.0642750373692,0.11496579376556744
153.1787584143605,0.08018903560778735
153.29341317365268,0.029747520416436975
153.40823970037454,0.007301349962627782
153.5232383808096,0.028247233625389976
153.6384096024006,0.06964528361929369
153.75375375375376,0.09472181031635933
153.86927122464311,0.08586301843061793
153.98496240601503,0.056150035911619295
154.10082768999246,0.033045679879230606
154.2168674698795,0.03298209151273196
154.33308214016577,0.050284010378875595
154.4494720965309,0.06720632320198378
154.56603773584905,0.07184189744492711
154.68277945619334,0.06630973924523408
154.79969765684052,0.06026469115475088
154.91679273827532,0.05938736519458419
155.0340651021953,0.06122221262872333
155.15151515151516,0.06087385286160415
155.2691432903715,0.0582576190877565
155.38694992412746,0.05836817101431633
155.50493545937738,0.06496039534658947
155.62310030395136,0.07515131951362833
155.74144486692012,0.08110191484182953
155.8599695585997,0.07747217089882864
155.97867479055597,0.06708918944447492
156.09756097560975,0.058846919925516675
156.21662852784135,0.05986083053060146
156.33587786259542,0.06941051335795542
156.45530939648586,0.07994721891729925
156.5749235474006,0.08380238401659511
156.69472073450652,0.07940624040092001
156.8147013782542,0.0716693249077577
156.93486590038313,0.06690143493123818
157.05521472392638,0.06756447210903092
157.17574827321565,0.07135681978265085
157.29646697388634,0.07438427021176075
157.4173712528824,0.07485552733058305
157.53846153846155,0.07405042053404985
157.65973826020013,0.07410115101216634
157.78120184899845,0.07528831581664375
157.9028527370856,0.07591900718024974
158.02469135802468,0.07455633322466189
158.14671814671814,0.0717752099183874
158.26893353941267,0.0697751254085527
158.39133797370457,0.07045097652754254
158.5139318885449,0.07358036460377028
158.63671572424477,0.07682042767920595
158.7596899224806,0.07773689174098955
158.88285492629947,0.07589656173574676
159.0062111801242,0.07299037002046355
159.12975912975912,0.07115533639696708
159.25349922239502,0.07126012816872646
159.37743190661476,0.07251509621890614
159.50155763239874,0.07345329861135881
159.62587685113016,0.07335057460587922
159.7503900156006,0.07281636610498221
159.87509758001562,0.07293480430792694
160.0,0.07392331413291033
160.12509773260362,0.07486961465682627
160.2503912363067,0.07466898481788922
160.37588097102582,0.07307788216845534
160.5015673981191,0.07107714192952884
160.62745098039213,0.07020224540512125
160.7535321821036,0.07120667624357126
160.87981146897093,0.0733690033775102
161.0062893081761,0.07513109606514604
161.13296616837135,0.07525895995272074
161.25984251968504,0.07362970278698316
161.38691883372735,0.07129299598320303
161.51419558359618,0.06964899722411325
161.64167324388316,0.06934300586794143
161.7693522906793,0.06996349150492144
161.89723320158103,0.07061560278416423
162.0253164556962,0.07060149733213643
162.15360253365006,0.06981422147054038
162.28209191759112,0.0686855337055293
162.41078509119745,0.06764892392254952
162.53968253968253,0.06674394360829478
162.66878474980143,0.06581361603961759
162.79809220985692,0.06476497881788987
162.92760540970565,0.06358055442456373
163.05732484076432,0.062367019764187175
163.18725099601593,0.061289225357458746
163.31738437001593,0.06030931898847262
163.44772545889865,0.05921346346536612
163.57827476038338,0.05786366512485909
163.709032773781,0.05625889907959899
163.84,0.05452184768732796
163.97117694155327,0.05285087225914262
164.1025641025641,0.051347677378216425
164.23416198877305,0.04996930613069463
164.3659711075441,0.048612419181575335
164.49799196787149,0.04716192166761936
164.63022508038586,0.045575424836387685
164.76267095736122,0.04388793342753821
164.89533011272144,0.04212099947230309
165.02820306204674,0.04033557945104858
165.16129032258064,0.0386200096468217
165.29459241323647,0.0369320741335754
165.4281098546042,0.03518435450208386
165.56184316895713,0.03339865758198484
165.6957928802589,0.031621155283165794
165.82995951417004,0.029868056699678215
165.9643435980551,0.028139025795809448
166.09894566098947,0.026390664379745066
166.23376623376623,0.024613051885249038
166.36880584890332,0.022856451261587474
166.5040650406504,0.02114169602877646
166.63954434499593,0.019502624709025113
166.77524429967426,0.01799903329973298
166.9111654441728,0.016610456801172954
167.047308319739,0.015306446473095885
167.18367346938777,0.014132988565396336
167.3202614379085,0.013108612472937693
167.45707277187245,0.012224986828771359
167.59410801963992,0.011540071464545913
167.7313677313677,0.011109899940862342
167.86885245901638,0.010932404824160042
168.00656275635768,0.011023494976791587
168.14449917898193,0.01142283011008476
168.28266228430567,0.012137367285847451
168.42105263157896,0.013168749828398838
168.559670781893,0.014542656524229073
168.6985172981878,0.01627837582065614
168.83759274525966,0.018387873619883126
168.97689768976898,0.02087988343099183
169.11643270024774,0.023746140341542845
169.25619834710741,0.027005534553496937
169.39619520264682,0.03071290613470287
169.53642384105962,0.034889223048423894
169.67688483844242,0.0395509219360547
169.81757877280262,0.04475973829979181
169.95850622406635,0.05054049154660737
170.09966777408638,0.05688028557266419
170.24106400665005,0.06383036291427574
170.3826955074875,0.07144910572658374
170.52456286427974,0.07973117181924844
170.66666666666666,0.08871670206545772
170.8090075062552,0.0985062884236903
170.9515859766277,0.10913258287981945
171.09440267335003,0.12062048275735932
171.23745819397996,0.1330775877799162
171.3807531380753,0.14650797021894435
171.52428810720266,0.16078521284282354
171.66806370494552,0.17594505980964684
171.81208053691276,0.19209240238837502
171.95633921074725,0.2090874045427267
172.10084033613444,0.22678174361558334
172.24558452481077,0.24520543323958663
172.3905723905724,0.26425176460191097
172.5358045492839,0.2837363996956389
172.681281618887,0.3036229755348108
172.82700421940928,0.32370966628728093
172.97297297297297,0.3436294909283012
173.11918850380385,0.3632615153064963
173.26565143824024,0.382520271053079
173.41236240474177,0.40109583173081215
173.55932203389833,0.41875823641817617
173.70653095843934,0.43539711457845337
173.85398981324278,0.4508354147945662
174.0016992353441,0.4649112430600472
174.14965986394557,0.4774171444942745
174.2978723404255,0.48802931722468634
174.44633730834755,0.49656308930013593
174.59505541346974,0.5030398506171795
174.74402730375425,0.5074488298197251
174.8932536293766,0.5096135185834405
175.04273504273505,0.5093423885548855
175.1924721984602,0.5067351303291556
175.34246575342465,0.502022681602021
175.49271636675235,0.4951303711022251
175.6432246998285,0.4859939253244828
175.79399141630904,0.4749004623306373
175.94501718213058,0.46200263074143216
176.0963026655202,0.44728060716262175
176.24784853700515,0.4309778986799689
176.3996554694229,0.4133464048123078
176.55172413793102,0.39453799893379926
176.70405522001724,0.3748913118704856
176.85664939550952,0.35463414112227193
177.00950734658602,0.33382583548615125
177.16262975778545,0.3127758073780921
177.3160173160173,0.29177144934145816
177.46967071057193,0.27089961181516903
177.62359063313096,0.25047733872606
177.77777777777777,0.23083827421594605
177.93223284100782,0.2120007117920644
178.08695652173913,0.19408245701534035
178.24194952132288,0.1773420335316455
178.397212543554,0.16181196695118943
178.55274629468178,0.1474827549941685
178.70855148342056,0.13447058377944676
178.86462882096066,0.12279814680495976
179.02097902097898,0.11240793323889507
179.17760279965006,0.10328362535409823
179.33450087565674,0.09537552359713487
179.4916739702016,0.0885916186064989
179.64912280701753,0.08283793546315503
179.80684811237927,0.07799721264356553
179.96485061511424,0.07398131337072907
180.12313104661388,0.070734180444208
180.28169014084506,0.06811553566633573
180.44052863436124,0.06595012258227023
180.59964726631395,0.0641768817433411
180.75904677846424,0.06277420035048463
180.91872791519435,0.061634329315785934
181.07869142351902,0.06064055681463362
181.23893805309734,0.059735881826846735
181.39946855624444,0.058877852347456884
181.56028368794324,0.05805948339300051
181.72138420585628,0.05730399385878682
181.88277087033748,0.0565564585530735
182.04444444444445,0.05575907477299592
182.20640569395016,0.054997697819776974
182.3686553873553,0.054335636709735374
182.53119429590015,0.05369000362448188
182.69402319357712,0.05304041348898978
182.85714285714286,0.05245102254024843
183.0205540661305,0.05190071890765102
183.18425760286226,0.05137615679199336
183.34825425246197,0.05092877816442009
183.51254480286738,0.05055444217265901
183.67713004484304,0.05027043312153885
183.84201077199282,0.05013791112205751
184.00718778077265,0.050097896843377836
184.1726618705036,0.050080717428470756
184.33843384338437,0.05012678903031161
184.5045045045045,0.050185515312086516
184.67087466185754,0.05012584958973476
184.83754512635377,0.04995245267760963
185.0045167118338,0.04971836158159444
185.17179023508135,0.04941371978195367
185.33936651583707,0.04905765720936352
185.5072463768116,0.04867972110421391
185.675430643699,0.048279232300356356
185.84392014519057,0.047888450938303254
186.01271571298818,0.047507098351441665
186.1818181818182,0.04704132307198968
186.3512283894449,0.04642495793849893
186.52094717668484,0.04564608567052759
186.69097538742025,0.04466766218255199
186.86131386861314,0.043475398197103846
187.03196347031962,0.04210692099975416
187.20292504570384,0.040593110536496564
187.37419945105214,0.038999664580860814
187.54578754578753,0.037452940427339175
187.71769019248396,0.03602936013617381
187.88990825688072,0.03472421769201368
188.06244260789717,0.03351570664303492
188.23529411764707,0.03236127367346804
188.40846366145354,0.03120320574795368
188.5819521178637,0.03000261406397484
188.75576036866357,0.02869969022982561
188.92988929889296,0.027217320934132667
189.10433979686056,0.02555540538714872
189.27911275415894,0.023791307845796392
189.45420906567992,0.02200317747253544
189.62962962962962,0.020263897633901823
189.80537534754404,0.01865697609284003
189.98144712430428,0.017250590225021536
190.15784586815226,0.016069445875829896
190.3345724907063,0.015092565050718309
190.51162790697674,0.014281149437979423
190.68901303538178,0.013585933698168505
190.8667287977633,0.012916268073294
191.044776119403,0.012174927885568105
191.22315592903828,0.011330089398441403
191.4018691588785,0.010384530030122994
191.5809167446211,0.009334561738311833
191.76029962546815,0.008219786235817506
191.94001874414244,0.007122789143133795
192.12007504690433,0.0061043336692699094
192.3004694835681,0.00521460354884815
192.48120300751881,0.0045181523423473095
192.66227657572907,0.004049485341096893
192.8436911487759,0.0038068779135274457
193.02544769085767,0.0038042376489869525
193.2075471698113,0.00407103287511486
193.38999055712932,0.004621369834791702
193.57277882797732,0.005473120455808275
193.75591296121098,0.006661426518183079
193.93939393939394,0.008194328857054144
194.12322274881518,0.010035910512905958
194.30740037950665,0.012135177276451288
194.49192782526114,0.014396327336716476
194.67680608365018,0.016639311653984495
194.86203615604185,0.01867543018486528
195.04761904761907,0.02038676806420431
195.23355576739752,0.02169774837952279
195.4198473282443,0.022586229587595857
195.6064947468959,0.02319612479706871
195.79349904397705,0.023881997141884215
195.9808612440191,0.025129047459832684
196.1685823754789,0.027471453918402125
196.35666347075744,0.03145699251237745
196.5451055662188,0.03757707653243122
196.73390970220942,0.04613567292740004
196.92307692307693,0.05715735367485287
197.1126082771896,0.07035124060794468
197.30250481695566,0.08505714421394443
197.4927675988428,0.1002822424114619
197.68339768339766,0.11488823334369798
197.8743961352657,0.12769929031863028
198.06576402321085,0.1375636781936613
198.25750242013552,0.14365302818188116
198.44961240310076,0.14576409177395638
198.64209505334625,0.14428744454089834
198.83495145631065,0.1401483063308864
199.02818270165207,0.13492245004330408
199.22178988326846,0.130762753730724
199.4157740993184,0.13002399678733262
199.61013645224173,0.13490886229804652
199.8048780487805,0.1472655929672773
200.0,0.16836538994302594
200.19550342130987,0.19853054701132383
200.3913894324853,0.23681724074402374
200.58765915768853,0.28106962007275754
200.78431372549022,0.32821538305138637
200.9813542688911,0.37449664579368025
201.17878192534383,0.4157434778372374
201.37659783677483,0.4478497150579248
201.5748031496063,0.46736500887052257
201.77339901477833,0.4721218576918523
201.9723865877712,0.461701126368617
202.1717670286278,0.4375565307725017
202.3715415019763,0.4030481577596778
202.57171117705244,0.36346034741324384
202.77227722772278,0.3255735110986153
202.97324083250743,0.2968592193676413
203.17460317460316,0.2847548550130188
203.37636544190661,0.2958671974838454
203.57852882703776,0.3349952290330273
203.78109452736314,0.404273694173639
203.98406374501994,0.5025188345032308
204.1874376869392,0.6250161325025996
204.39121756487026,0.7638240027031526
204.5954045954046,0.9081249866326593
204.79999999999998,1.0449063343767107
205.005005005005,1.1603939085860449
205.21042084168334,1.2416488632847575
205.41624874623875,1.2780209447105626
205.62248995983938,1.2626137996414406
205.8291457286432,1.1935468213568041
206.03621730382292,1.0747410990467854
206.24370594159112,0.9161936099211736
206.4516129032258,0.7337211163019133
206.65993945509584,0.5477342860612009
206.86868686868684,0.3813134171636102
207.07785642062692,0.25848652066790984
207.28744939271257,0.20181143185578085
207.49746707193518,0.2291450034735045
207.7079107505071,0.35149770469646335
207.9187817258883,0.5715024818867372
208.130081300813,0.8819194892527077
208.34181078331636,1.2654079694683191
208.55397148676167,1.695326136200001
208.7665647298675,2.1377376593077644
208.9795918367347,2.5545513507798785
209.19305413687437,2.9065307286371995
209.40695296523518,3.1572998598097377
209.6212896622313,3.2779391081248463
209.83606557377047,3.250292337597512
210.05128205128204,3.069874327052666
210.26694045174537,2.747463267700137
210.48304213771837,2.3089576078071032
210.69958847736626,1.7948934681585536
210.91658084449023,1.2575196364186816
211.1340206185567,0.7559544251698121
211.3519091847265,0.3514630354101037
211.5702479338843,0.1014002884160667
211.78903826266804,0.05345646865679496
212.00828157349895,0.2406763656569206
212.22797927461139,0.6764949051193517
212.448132780083,1.3528758583701064
212.668743509865,2.2393251899048274
212.88981288981287,3.2829231876865026
213.11134235171693,4.413858837955015
213.33333333333334,5.550308758490401
213.555787278415,6.6028999932029455
213.7787056367432,7.485129009382772
214.00208986415882,8.121314767584055
214.22594142259413,8.451557838378838
214.4502617801047,8.440761215329365
214.67505241090146,8.084061839962049
214.900314795383,7.407692983414114
215.12605042016807,6.4704561779138
215.35226077812828,5.361602739621232
215.57894736842104,4.195892025189297
215.80611169652263,3.1067878083264167
216.03375527426158,2.2364980785703295
216.26187961985215,1.726734849173452
216.49048625792813,1.7077806443086359
216.7195767195767,2.286343867892282
216.9491525423729,3.536805383285042
217.17921527041358,5.491895042583775
217.40976645435242,8.136861865422034
217.64080765143464,11.408155384912146
217.87234042553192,15.1891231398338
218.10436634717786,19.31425365886594
218.33688699360337,23.581264090889864
218.5699039487727,27.75619413966938
218.80341880341882,31.58594215421277
219.0374331550802,34.819971213114655
219.27194860813702,37.2253658761633
219.5069667738478,38.60533050482478
219.74248927038627,38.81812938135112
219.97851772287862,37.78901493427595
220.21505376344086,35.52889737469038
220.45209903121636,32.1449843794983
220.68965517241378,27.834368428550484
220.92772384034518,22.882423616172638
221.16630669546436,17.6564017343221
221.4054054054054,12.584211023652767
221.64502164502164,8.13161936616274
221.88515709642468,4.773930069650434
222.12581344902384,2.9627615685277218
222.36699239956567,3.091869744856453
222.6086956521739,5.460784000166789
222.85092491838955,10.24764681775622
223.09368191721134,17.486807305249283
223.3369683751363,27.052829860917306
223.58078602620085,38.66330027328228
223.82513661202185,51.88092785231615
224.07002188183807,66.12739132515813
224.31544359255204,80.72785448175678
224.56140350877192,94.94620264051599
224.80790340285398,108.02233670829195
225.05494505494505,119.23607470504217
225.30253025302528,127.95212942820987
225.55066079295153,133.6549088616341
225.79933847850054,135.99784117427927
226.0485651214128,134.83497131757193
226.29834254143645,130.2384948158306
226.54867256637166,122.4980945702614
226.79955703211516,112.09152494776436
227.0509977827051,99.66260360138811
227.30299667036624,85.98017028749913
227.55555555555554,71.86270254375273
227.80867630700777,58.133778594719786
228.06236080178175,45.58149304274927
228.31661092530658,34.881871244414626
228.57142857142856,26.54964740036846
228.82681564245812,20.92003274405297
229.082774049217,18.119859930195226
229.33930571108624,18.054618677170186
229.59641255605382,20.429306074571947
229.8540965207632,24.779666484683517
230.1123595505618,30.50646652113587
230.37120359955006,36.9284519383713
230.6306306306306,43.34727412616785
230.89064261555805,49.09991316692773
231.1512415349887,53.61246098370116
231.41242937853107,56.454090639878366
231.67420814479635,57.35888104850654
231.9365798414496,56.24191543774134
232.19954648526078,53.217856944033315
232.46311010215663,48.57694291677018
232.7272727272727,42.745060096952955
232.9920364050057,36.2563741624645
233.25740318906605,29.702652294382265
233.52337514253134,23.66943035779361
233.78995433789953,18.68797851962524
234.05714285714288,15.1913836530909
234.32494279176203,13.473931919417723
234.59335624284074,13.664506215064986
234.8623853211009,15.719688944406014
235.13203214695753,19.435033988884935
235.4022988505747,24.464129640174637
235.67318757192174,30.349755797962676
235.9447004608295,36.56778534062442
236.2168396770473,42.57348131789757
236.48960739030022,47.85127506053197
236.76300578034682,51.96070102085975
237.03703703703707,54.57569787995945
237.3117033603708,55.517846263653375
237.58700696055683,54.76005497051174
237.862950058072,52.413109125708644
238.13953488372093,48.720028778318415
238.41676367869616,44.024934910207534
238.69463869463866,38.7218988113416
238.97316219369893,33.228615353441626
239.25233644859816,27.956645429167477
239.53216374269007,23.258904879971066
239.81264637002343,19.398171437804407
240.0937866354044,16.539525077110916
240.37558685446012,14.739921467950268
240.65804935370153,13.944973504943635
240.94117647058823,14.004367267848924
241.2249705535924,14.694951931572533
241.50943396226415,15.748593437897322
241.79456906729635,16.88732909500449
242.080378250591,17.853419441162817
242.3668639053254,18.431274533378442
242.65402843601896,18.470604372040725
242.94187425860022,17.899382582501936
243.23040380047507,16.72118290047328
243.51961950059456,15.010748804934801
243.80952380952382,12.90351379876449
244.1001191895113,10.576238844087916
244.39140811455846,8.227266010451917
244.68339307048984,6.051355553571031
244.97607655502392,4.21276080604056
245.2694610778443,2.8277230669423528
245.56354916067144,1.9551756709269317
245.85834333733493,1.59648566352392
246.15384615384616,1.701838927838752
246.4500601684717,2.179199680652657
246.7469879518072,2.9090698573460725
247.04463208685164,3.758915797735571
247.34299516908212,4.595445971804386
247.6420798065296,5.302132417601439
247.9418886198547,5.793281939769181
248.24242424242422,6.018193273799361
248.54368932038832,5.9642458201182915
248.8456865127582,5.660155309499795
249.14841849148416,5.172929265459948
249.45188794153472,4.5973525951339465
249.75609756097558,4.042866227595742
250.06105006105005,3.619212770672832
250.36674816625916,3.419184524987052
250.6731946144431,3.5058459497712464
250.98039215686276,3.908484167937507
251.2883435582822,4.6213753190569875
251.5970515970516,5.605078182762011
251.90651906519062,6.79150584271537
252.21674876847288,8.091519770422467
252.52774352651045,9.405273420719332
252.8395061728395,10.632301491951466
253.15203955500616,11.681995365935784
253.46534653465346,12.486400483893448
253.7794299876084,13.00910821980353
254.09429280397023,13.248172108074101
254.40993788819875,13.234218891222097
254.726368159204,13.02238525420032
255.04358655043586,12.68458638066223
255.36159600997507,12.303905536557854
255.6803995006242,11.962325022013296
255.99999999999997,11.727405249417384
256.3204005006258,11.648850854080976
256.64160401002505,11.75659138130384
256.9636135508155,12.053133451544456
257.286432160804,12.511379065625821
257.61006289308176,13.082930542183172
257.9345088161209,13.704374256858802
258.2597730138714,14.298346128233373
258.5858585858586,14.78359666897729
258.91276864728195,15.093962601993004
259.24050632911394,15.186472437459237
259.5690747782003,15.0358820758168
259.8984771573604,14.63431541451256
260.22871664548916,14.000919903517286
260.55979643765903,13.185289136470061
260.89171974522293,12.255021620286715
261.2244897959184,11.279786850577352
261.5581098339719,10.325105610474765
261.89258312020456,9.448097959894726
262.2279129321382,8.686935004530637
262.56410256410254,8.05533176413906
262.9011553273428,7.5480507683510405
263.2390745501285,7.145738017502691
263.5778635778636,6.81750375919926
263.91752577319585,6.5305430257696955
264.258064516129,6.260240846749311
264.59948320413434,5.990171975744833
264.9417852522639,5.70975561783683
265.2849740932642,5.416104896593271
265.6290531776913,5.113422057129133
265.974025974026,4.809502566506324
266.3198959687906,4.51436406762707
266.66666666666663,4.239165217421131
267.01434159061273,3.9944072992647244
267.3629242819843,3.7893658593449184
267.7124183006536,3.6309375597168034
268.0628272251309,3.521344479303813
268.41415465268676,3.457277657077987
268.76640419947506,3.4303080118128015
269.119579500657,3.427997705498394
269.47368421052636,3.436513598158227
269.82872200263506,3.4427088856825647
270.1846965699208,3.4349575259683136
270.5416116248349,3.406171906626168
270.8994708994709,3.357429796523219
271.25827814569533,3.2971919390944358
271.6180371352785,3.2378143252449485
271.97875166002655,3.1920241858888567
272.3404255319149,3.1692436184395283
272.70306258322233,3.1752337229765777
273.06666666666666,3.2157526271798775
273.4312416555407,3.29890724398691
273.7967914438503,3.434998207371635
274.1633199464525,3.6359993749628337
274.5308310991957,3.9144289092519675
274.8993288590604,4.281864717334373
275.26881720430106,4.747468599114532
275.6393001345895,5.315420101868457
276.010781671159,5.983167818896157
276.3832658569501,6.742495426870545
276.7567567567567,7.57977086885779
277.1312584573748,8.475196302949302
277.50677506775065,9.407152297158158
277.88331071913166,10.359260947241758
278.2608695652174,11.32223850738344
278.6394557823129,12.29392744383656
279.01907356948226,13.283011734616949
279.39972714870396,14.309219347748849
279.78142076502735,15.396016248868293
280.1641586867305,16.567577669877437
280.54794520547944,17.855024730738926
280.93278463648835,19.297234554435477
281.31868131868134,20.930132886830222
281.70563961485556,22.780973368038676
282.0936639118457,24.874321682727253
282.48275862068965,27.23280163202318
282.8729281767956,29.86536982697515
283.2641770401106,32.75904802269444
283.6565096952908,35.884279227795865
284.0499306518724,39.203966556660646
284.44444444444446,42.67536885212471
284.84005563282335,46.248242127945744
285.2367688022284,49.86555291395143
285.63458856345886,53.463060682713795
286.0335195530726,56.967048541068856
286.43356643356645,60.299960478130814
286.8347338935574,63.390884792279614
287.23702664796633,66.17653857822513
287.6404494382022,68.59868271749033
288.0450070323488,70.60917963005495
288.4507042253521,72.17168657932746
288.85754583921016,73.25748392780027
289.2655367231638,73.8503839403945
289.6746817538897,73.95115475588705
290.08498583569406,73.56666499031122
290.49645390070924,72.70636601557084
290.9090909090909,71.39734241590922
291.32290184921766,69.6850662118173
291.73789173789174,67.61309599455556
292.15406562054204,65.21836168146059
292.57142857142856,62.54573812304115
292.9899856938483,59.64970560713496
293.4097421203438,56.58146492143417
293.83070301291247,53.38525154384624
294.2528735632184,50.105134867185804
294.67625899280574,46.78601989743934
295.1008645533141,43.466381513149116
295.52669552669556,40.17634698721425
295.9537572254335,36.94545600684524
296.3820549927641,33.804364590417556
296.81159420289856,30.775268124286097
297.2423802612482,27.870854693384842
297.6744186046512,25.105896704726756
298.1077147016012,22.498704256205222
298.54227405247815,20.060205928208262
298.978102189781,17.792499664090016
299.41520467836256,15.697539089407195
299.8535871156662,13.77915146481122
300.2932551319648,12.038770582702517
300.73421439060206,10.474646015416964
301.17647058823525,9.083107716254807
301.620029455081,7.858399537157946
302.06489675516224,6.793610257223583
302.5110782865583,5.882110755400903
302.95857988165676,5.1160639739304425
303.4074074074074,4.484692047944813
303.85756676557867,3.9762973293727084
304.30906389301634,3.580580316308881
304.7619047619047,3.287249272004421
305.2160953800298,3.0844955516115578
305.6716417910448,2.960505518269881
306.1285500747384,2.9043609267350408
306.58682634730536,2.9047217284198994
307.0464767616192,2.9501903323774
307.5075075075075,3.031133211853162
307.96992481203006,3.1388904194406946
308.433734939759,3.2640353495393004
308.8989441930618,3.39743922338523
309.3655589123867,3.532015773345425
309.83358547655064,3.662290481053649
310.3030303030303,3.7832705158835895
310.7738998482549,3.890310984669492
311.2462006079027,3.9797137136706184
311.7199391171994,4.049200144177377
312.1951219512195,4.0975932909196064
312.67175572519085,4.124296179415006
313.1498470948012,4.129283521900213
313.6294027565084,4.113047691245537
314.11042944785277,4.076559397687531
314.5929339477727,4.0215130143088125
315.0769230769231,3.949879715248624
315.5624036979969,3.8633049197574376
316.04938271604937,3.763687319260173
316.53786707882534,3.653433884774604
317.0278637770898,3.5345758185738303
317.5193798449612,3.408820808886674
318.0124223602484,3.278234724363325
318.50699844479004,3.1446376718984963
319.0031152647975,3.009133818953487
319.5007800312012,2.872973440750059
320.0,2.737755930292399
320.5007824726134,2.6045544844869775
321.0031347962382,2.473815469401165
321.5070643642072,2.346008079752086
322.0125786163522,2.221780594619893
322.5196850393701,2.101675202001538
323.02839116719235,1.9859592063176594
323.5387045813586,1.8746779455484013
324.0506329113924,1.7678238424754196
324.56418383518223,1.6654390896939613
325.07936507936506,1.567589927056245
325.59618441971384,1.4742717324959573
326.11464968152865,1.3853257664045875
326.63476874003186,1.3005505180381447
327.15654952076676,1.2198941217316326
327.68,1.1433530271181853
328.2051282051282,1.0707802068848329
328.7319422150882,1.0019920810695158
329.2604501607717,0.936892436321863
329.7906602254429,0.8753842796305517
330.3225806451613,0.8173366338879186
330.8562197092084,0.7626246735866195
331.3915857605178,0.7111038036108952
331.9286871961102,0.6626283085937007
332.46753246753246,0.6170911477986574
333.0081300813008,0.5743845754829437
333.5504885993485,0.5343846196325708
334.094616639478,0.49694995114062773
334.640522875817,0.4619033736807345
335.18821603927984,0.42911238097172244
335.73770491803276,0.3985128913088726
336.28899835796386,0.3699572599887313
336.8421052631579,0.34324226530621127
337.3970345963756,0.3183007826466367
337.95379537953795,0.2950946467041343
338.51239669421483,0.27343711925445696
339.07284768211923,0.253166820147427
339.63515754560524,0.23426349166839133
340.19933554817277,0.2166514796872387
340.765391014975,0.20016921280296326
341.3333333333333,0.1847463731723732
341.9031719532554,0.170370796341092
342.4749163879599,0.15696453259556625
343.04857621440533,0.14444140212409684
343.6241610738255,0.1327653410264624
344.2016806722689,0.12189354034048423
344.7811447811448,0.11176197864596199
345.362563237774,0.10232903376670989
345.94594594594594,0.09357799205669878
346.5313028764805,0.08548522212963441
347.11864406779665,0.07800393090848057
347.70797962648555,0.07108459849509628
348.29931972789115,0.06470224124789542
348.8926746166951,0.058840195634807566
349.4880546075085,0.05346596267216768
350.0854700854701,0.04854877924088788
350.6849315068493,0.04406980197265034
351.286449399657,0.040003357364438726
351.89003436426117,0.03631995591472446
352.4956970740103,0.03299911899917841
353.10344827586204,0.03001902032035641
353.71329879101904,0.027353361226407524
354.3252595155709,0.02498136635106568
354.93934142114387,0.02288408159348871
355.55555555555554,0.02104136641094624
356.17391304347825,0.019438964061483266
356.794425087108,0.018065410498629614
357.4171029668411,0.016903866199543344
358.04195804195797,0.01593500062988121
358.6690017513135,0.015146389014819761
359.29824561403507,0.01453403805360943
359.9297012302285,0.014087936045450613
360.5633802816901,0.013786815535573448
361.1992945326279,0.013619906537188012
361.8374558303887,0.013590596504620698
362.4778761061947,0.013691405371079223
363.1205673758865,0.013907163917186691
363.76554174067496,0.014232524267887878
364.4128113879003,0.014662386226932582
365.0623885918003,0.015193400052686929
365.7142857142857,0.015831929598036122
366.3685152057245,0.01657118227091812
367.02508960573476,0.017397440251871166
367.68402154398564,0.018322726743542343
368.3453237410072,0.01935419315683326
369.009009009009,0.020471098058487725
369.67509025270755,0.021678657489725292
370.3435804701627,0.023005668191310166
371.0144927536232,0.024443546239128217
371.68784029038113,0.025978597136860817
372.3636363636364,0.027636827398091205
373.0418943533697,0.029429099447605026
373.7226277372263,0.03133922476522634
374.4058500914077,0.03338448386918991
375.09157509157507,0.03558817161998177
375.77981651376143,0.03792843405244097
376.47058823529414,0.040399590987675864
377.1639042357274,0.0430447441212669
377.8597785977859,0.04587274560856619
378.5582255083179,0.04884803421797262
379.25925925925924,0.05198024603313272
379.96289424860856,0.05530772388537901
380.6691449814126,0.058812240162577446
381.37802607076355,0.06246078163652154
382.089552238806,0.066275426962693
382.803738317757,0.07027331900978258
383.5205992509363,0.07442221390435214
384.24015009380867,0.07870700474550733
384.96240601503763,0.08314506290112746
385.6873822975518,0.08772896629638452
386.4150943396226,0.09243793279307817
387.14555765595463,0.09726936153077186
387.8787878787879,0.10220319625549523
388.6148007590133,0.10720459656112324
389.35361216730035,0.11227715851089456
390.09523809523813,0.11742641446669026
390.8396946564886,0.1226054379214976
391.5869980879541,0.12777581807875574
392.3371647509578,0.1329365996349867
393.0902111324376,0.13805857036699626
393.84615384615387,0.14310242876040233
394.6050096339113,0.1480591941912367
395.3667953667953,0.15289521781175358
396.1315280464217,0.15757474518874354
396.8992248062015,0.16211155145358538
397.6699029126213,0.16647044080207676
398.4435797665369,0.17056717204114927
399.22027290448347,0.17440588379721647
400.0,0.1780072299430723
400.7827788649706,0.18130787784185803
401.56862745098044,0.18427879340964334
402.35756385068765,0.18692815155637224
403.1496062992126,0.18919467856752656
403.9447731755424,0.19104091368505485
404.7430830039526,0.1925019049078177
405.54455445544556,0.19356933503760232
406.3492063492063,0.19422073859580946
407.1570576540755,0.1944814590738409
407.9681274900399,0.19433899380581593
408.7824351297405,0.1937672356415918
409.59999999999997,0.1928207057243817
410.4208416833667,0.19152948046287746
411.24497991967877,0.18983004605697912
412.07243460764585,0.1877161927672915
412.9032258064516,0.18526455998757416
413.7373737373737,0.18248153484541904
414.57489878542515,0.17932516558231096
415.4158215010142,0.17582716495874467
416.260162601626,0.17206004767040206
417.10794297352334,0.16808288862396098
417.9591836734694,0.16395253243991165
418.81390593047036,0.15972357004836404
419.67213114754094,0.15546429315178875
420.53388090349074,0.15123915454558612
421.3991769547325,0.14707237628862155
422.2680412371134,0.1429938478097647
423.1404958677686,0.13904367936651985
424.0165631469979,0.13525398925263463
424.896265560166,0.13169195368609693
425.77962577962575,0.12839565401593536
426.6666666666667,0.12537142464646697
427.5574112734864,0.12270705605509005
428.45188284518827,0.12044130840004715
429.3501048218029,0.1185651158429843
430.25210084033614,0.11723325158951756
431.1578947368421,0.11650412188293789
432.06751054852316,0.11631362473734749
432.98097251585625,0.11690773052673967
433.8983050847458,0.11834939295389885
434.81953290870484,0.12024743988804786
435.74468085106383,0.12279801900843057
436.67377398720674,0.12655261661776723
437.60683760683764,0.13142434228555952
438.54389721627405,0.1374684348476519
439.48497854077254,0.14481606227502153
440.4301075268817,0.15267631125684383
441.37931034482756,0.16100664359822717
442.3326133909287,0.17116960101112022
443.2900432900433,0.1834257481209203
444.2516268980477,0.19697619275260872
445.2173913043478,0.21152122943352353
446.1873638344227,0.2272667903151296
447.1615720524017,0.2452241633655117
448.14004376367615,0.26570015700696237
449.12280701754383,0.28722070320955667
450.1098901098901,0.3103613112012605
451.10132158590307,0.3369149017318354
452.0971302428256,0.36586880888973977
453.0973451327433,0.3970109239128105
454.1019955654102,0.4306154972228753
455.1111111111111,0.4639792060533642
456.1247216035635,0.4988899298405962
457.1428571428571,0.5410988486598237
458.165548098434,0.5895767955685529
459.19282511210764,0.6407398392902816
460.2247191011236,0.6946893457713835
461.2612612612612,0.7522750364592071
462.3024830699774,0.8161590180392844
463.3484162895927,0.8875285146382453
464.39909297052156,0.9624705102971517
465.4545454545454,1.0397120221512215
466.5148063781321,1.123921654980736
467.57990867579906,1.2202004822087924
468.64988558352405,1.3237937381000895
469.7247706422018,1.42529770433349
470.8045977011494,1.5361422071270388
471.889400921659,1.6656846812445862
472.97921478060044,1.7932533414640133
474.07407407407413,1.9221675395117288
475.17401392111367,2.0747770676785535
476.27906976744185,2.2320473943266594
477.3892773892773,2.392610932197286
478.5046728971963,2.5778714874390825
479.62529274004686,2.757591707202179
480.75117370892025,2.9329766321788506
481.88235294117646,3.139356726903465
483.0188679245283,3.331133819391447
484.160756501182,3.4972205308169753
485.3080568720379,3.6952000608232285
486.46080760095015,3.8990878560746958
487.61904761904765,4.106839136522902
488.7828162291169,4.374985694715115
489.95215311004785,4.641635966936705
491.1270983213429,4.868111872489003
492.3076923076923,5.131783438034707
493.4939759036144,5.422366592960776
494.68599033816423,5.698292336763867
495.8837772397094,5.987750111889065
497.08737864077665,6.290602155253803
498.29683698296833,6.590470813082855
499.51219512195115,6.856667889551296
500.7334963325183,7.078305425645169
501.9607843137255,7.303314780209415
503.1941031941032,7.469674775360979
504.43349753694577,7.573969181080806
505.679012345679,7.792244742916774
506.9306930693069,8.02993223651444
508.18858560794047,8.190460523343997
509.452736318408,8.514394830349973
510.72319201995015,8.845925611237407
511.99999999999994,8.966012552884145
513.2832080200501,9.255015384774152
514.572864321608,9.608623433942205
515.8690176322418,9.659211597314325
517.1717171717172,9.88218694885225
518.4810126582279,10.28356454309388
519.7969543147208,10.34279345005611
521.1195928753181,10.553500641165387
522.4489795918367,11.049579517722744
523.7851662404091,11.193250643858676
525.1282051282051,11.47842666531311
526.478149100257,12.172033705189016
527.8350515463917,12.479198397324991
529.1989664082687,12.81114564153268
530.5699481865284,13.624045816963704
531.948051948052,14.079155954917734
533.3333333333333,14.440254104130204
534.7258485639686,15.255176398831733
536.1256544502618,15.70719241381623
537.5328083989501,16.002993407561323
538.9473684210527,16.854175668132186
540.3693931398416,17.56193312860624
541.7989417989418,18.11928681756444
543.236074270557,19.124485723325744
544.6808510638298,20.121792041531727
546.1333333333333,21.04666577612542
547.5935828877006,22.07807113408266
549.0616621983914,22.978893039773222
550.5376344086021,24.04377488781541
552.021563342318,24.98946075603036
553.5135135135134,25.64100208219004
555.0135501355013,26.842238719680832
556.5217391304348,27.583499717898277
558.0381471389645,27.45839688938872
559.5628415300547,28.36798730290254
561.0958904109589,28.769572358497197
562.6373626373627,27.761844291253755
564.1873278236914,28.668418987219273
565.7458563535912,29.38696223858414
567.3130193905816,27.685297535281887
568.8888888888889,28.383474169936992
570.4735376044569,29.427784420931573
572.0670391061452,26.80936705269288
573.6694677871149,26.626871378492453
575.2808988764044,27.694887054803452
576.9014084507043,24.203644350416848
578.5310734463276,23.071419964243667
580.1699716713881,24.49630872413825
581.8181818181818,20.73546141082497
583.4757834757835,18.96458428608496
585.1428571428571,21.396287291732826
586.8194842406876,18.140939250101336
588.5057471264367,16.185185319139222
590.2017291066282,20.72868056321884
591.907514450867,18.607601209868665
593.6231884057971,16.39016376323602
595.3488372093024,25.169959287423744
597.0845481049563,24.841812174300593
598.8304093567251,20.671032800056288
600.5865102639297,39.814870537037606
602.3529411764705,42.032518969819456
604.1297935103245,23.24141885178444
605.9171597633135,105.98134971703898
607.7151335311573,383.0464220362735
609.5238095238094,322.81327377824044
611.3432835820896,96.01938927459182
613.1736526946107,91.89286677929907
615.015015015015,163.6407544131259
616.867469879518,157.61473422850412
618.7311178247734,215.8694243236145
620.6060606060606,349.1648895610302
622.4924012158054,332.5376953368514
624.390243902439,323.95363328415783
626.2996941896024,426.8930019219767
628.2208588957055,490.010328602932
630.1538461538462,529.1204936098129
632.0987654320987,630.0776228137372
634.0557275541796,703.1568433410881
636.0248447204968,777.0844170690477
638.006230529595,867.8663750728018
640.0,973.315738759554
642.0062695924764,1016.6011176930074
644.0251572327044,1159.6675254709662
646.0567823343847,1255.8680306602603
648.1012658227849,1418.071261968971
650.1587301587301,1758.7269313052307
652.2292993630573,1901.2696482534527
654.3130990415335,1988.9709787384172
656.4102564102564,2308.3560197432007
658.5209003215434,2461.7839283166727
660.6451612903226,2552.6840451882026
662.7831715210356,2948.026139083032
664.9350649350649,2992.426733893554
667.100977198697,2721.733892680941
669.281045751634,3104.622420369008
671.4754098360655,3693.238095177606
673.6842105263158,3678.073663124083
675.9075907590759,3909.3951931040588
678.1456953642385,4434.666118903581
680.3986710963455,4181.515588210707
682.6666666666666,3909.171830514889
684.9498327759198,4470.717706953984
687.248322147651,4969.028602844702
689.5622895622896,4754.934346847722
691.8918918918919,4686.06105127936
694.2372881355933,4902.4830249825545
696.5986394557823,5000.579484849309
698.976109215017,4995.257607976146
701.3698630136986,5017.0500344545235
703.7800687285223,5015.99630753259
706.2068965517241,5029.131213848469
708.6505190311418,5040.93178333046
711.1111111111111,4988.0950933104195
713.588850174216,4940.132210751103
716.0839160839159,4897.754948020653
718.5964912280701,4749.354214260301
721.1267605633802,4557.555031320205
723.6749116607774,4392.1558380811775
726.241134751773,4104.037676863957
728.8256227758006,3718.2519863384064
731.4285714285714,3406.598914732378
734.0501792114695,3013.3751603843484
736.6906474820144,2471.814955198945
739.3501805054151,2141.1712854199336
742.0289855072464,2192.5284851022197
744.7272727272727,2465.79146270284
747.4452554744526,2709.0281834491634
750.1831501831501,2644.413217652552
752.9411764705883,2302.1982950605793
755.7195571955718,2023.4528540247572
758.5185185185185,1871.1335781776665
761.3382899628252,1738.2042970515645
764.179104477612,1616.12729208881
767.0411985018726,1412.983695988515
769.9248120300753,1100.6415728734587
772.8301886792452,912.1831752654416
775.7575757575758,789.0157628109288
778.7072243346007,681.0201187478258
781.6793893129772,581.7107909486913
784.6743295019156,509.7378226829444
787.6923076923077,454.58567719199374
790.7335907335906,461.53816374758446
793.798449612403,457.169925511523
796.8871595330738,441.63907328631916
800.0,515.3112683489438
803.1372549019609,706.0513772347289
806.2992125984252,1420.0899305889848
809.4861660079052,2373.253825010392
812.6984126984127,2453.398360559374
815.9362549800798,2088.992648039103
819.1999999999999,2197.494192207272
822.4899598393575,3187.6265389652553
825.8064516129032,4493.512771824062
829.1497975708503,5795.467985710985
832.520325203252,6793.9563842131265
835.9183673469388,6786.733667662725
839.3442622950819,6619.144960564359
842.798353909465,6812.168458588276
846.2809917355372,6691.506714790515
849.792531120332,6519.404050676742
853.3333333333334,6603.823096152613
856.9037656903765,6416.420844161758
860.5042016806723,6343.1551236770965
864.1350210970463,6705.676017637804
867.7966101694916,6722.803666379138
871.4893617021277,6110.852717469466
875.2136752136753,5663.502060590587
878.9699570815451,5512.012754298445
882.7586206896551,5290.139990473358
886.5800865800866,4950.890878661795
890.4347826086956,4683.093309461942
894.3231441048034,4309.61456779361
898.2456140350877,3651.76910947816
902.2026431718061,3063.828871853402
906.1946902654867,2716.608416456073
910.2222222222222,2310.5687799492202
914.2857142857142,1900.670971978992
918.3856502242153,1777.3874314149193
922.5225225225224,1687.6768648678749
926.6968325791854,1336.368346160039
930.9090909090908,1013.9659647233186
935.1598173515981,810.1734770721956
939.4495412844036,556.9646482377739
943.778801843318,395.11960273968845
948.1481481481483,439.32788186362876
952.5581395348837,484.1249552890422
957.0093457943926,310.7583988290065
961.5023474178405,130.650705461956
966.0377358490566,90.49991404341586
970.6161137440758,134.90573333400133
975.2380952380953,146.2065296224295
979.9043062200957,73.04084997727632
984.6153846153846,33.612330962307816
989.3719806763285,38.357883802404984
994.1747572815533,47.92049585182765
999.0243902439023,45.698410451073975
1003.921568627451,45.643452128834866
1008.8669950738915,40.11834911378674
1013.8613861386139,34.0850453595788
1018.905472636816,36.66757497992583
1023.9999999999999,40.26956634350731
1029.145728643216,40.7103528481946
1034.3434343434344,41.865407117901974
1039.5939086294416,42.87906188555029
1044.8979591836735,42.407851096031635
1050.2564102564102,41.87571566009853
1055.6701030927834,40.822510512449185
1061.139896373057,38.92326645988401
1066.6666666666665,37.08488017453557
1072.2513089005236,34.842393666488455
1077.8947368421054,32.08137013771358
1083.5978835978835,29.620241445758015
1089.3617021276596,27.113542079131594
1095.1871657754011,24.457860509148585
1101.0752688172042,22.286018606810394
1107.0270270270269,20.231232074481543
1113.0434782608695,18.128746252395054
1119.1256830601094,16.50585655953058
1125.2747252747254,15.020107738508981
1131.4917127071824,13.377314498623914
1137.7777777777778,12.008082716600953
1144.1340782122904,10.743799065320049
1150.5617977528088,9.330114314588572
1157.0621468926552,8.163589108233957
1163.6363636363635,7.211938499612101
1170.2857142857142,6.219719300761299
1177.0114942528735,5.427183438399457
1183.815028901734,4.836066077499933
1190.6976744186047,4.238486137781251
1197.6608187134502,3.7668211977431625
1204.705882352941,3.4379170966489037
1211.834319526627,3.1028132139080493
1219.0476190476188,2.832720461477552
1226.3473053892214,2.6665024744519905
1233.734939759036,2.505719872200681
1241.2121212121212,2.3523314603916403
1248.780487804878,2.2342098777314745
1256.441717791411,2.102209590803495
1264.1975308641975,1.941296939070764
1272.0496894409937,1.7855063562606328
1280.0,1.6245425560297293
1288.0503144654087,1.445097910989916
1296.2025316455697,1.2793411738194118
1304.4585987261146,1.1284124743266148
1312.8205128205127,0.9789282830979478
1321.2903225806451,0.8536851601747433
1329.8701298701299,0.7487980922592328
1338.562091503268,0.6462825379075472
1347.3684210526317,0.5628157057842695
1356.291390728477,0.49668572328393534
1365.3333333333333,0.43174102592816577
1374.496644295302,0.37787496698695927
1383.7837837837837,0.33240565946224504
1393.1972789115646,0.28510488666604544
1402.7397260273972,0.24844961672060487
1412.4137931034481,0.2204287439246989
1422.2222222222222,0.18978668418086314
1432.1678321678319,0.16621476185079254
1442.2535211267605,0.14907903385975727
1452.482269503546,0.12833434072796998
1462.857142857143,0.11188613598556352
1473.3812949640287,0.10123175072491095
1484.0579710144928,0.08797390055858746
1494.890510948905,0.07717780676603901
1505.8823529411766,0.07092602934469552
1517.037037037037,0.06274581654900387
1528.358208955224,0.05574691799514578
1539.8496240601505,0.05192802358383507
1551.5151515151515,0.04628109132515968
1563.3587786259543,0.04089034497121745
1575.3846153846155,0.03817587039543475
1587.596899224806,0.034505641155460655
1600.0,0.030690763542055126
1612.5984251968505,0.028732304214081197
1625.3968253968253,0.026157495861780823
1638.3999999999999,0.023293414354012772
1651.6129032258063,0.02183470866355925
1665.040650406504,0.020056071900898358
1678.6885245901638,0.01786317914224659
1692.5619834710744,0.01663324311207809
1706.6666666666667,0.015315575005651786
1721.0084033613446,0.013642382892015187
1735.5932203389832,0.012617058805126945
1750.4273504273506,0.011612700090343321
1765.5172413793102,0.01032177202041006
1780.8695652173913,0.0094596732614735
1796.4912280701753,0.008686986654834998
1812.3893805309733,0.0077090055312507
1828.5714285714284,0.00700035092157239
1845.0450450450448,0.006413120550409821
1861.8181818181815,0.005710492001423786
1878.8990825688072,0.005164437353084686
1896.2962962962965,0.004715311388712174
1914.0186915887853,0.00420621296213077
1932.0754716981132,0.0037935152705265767
1950.4761904761906,0.003457607873537291
1969.2307692307693,0.003096050981561465
1988.3495145631066,0.0027895611482687535
2007.843137254902,0.0025392667353199404
2027.7227722772277,0.0022891856146123562
2047.9999999999998,0.0020719763126933934
2068.686868686869,0.0018863974487287757
2089.795918367347,0.0017071517734938617
2111.340206185567,0.0015499496522799817
2133.333333333333,0.0014133230600715902
2155.789473684211,0.0012863985657149773
2178.723404255319,0.0011724709827529553
2202.1505376344085,0.0010682022719889946
2226.086956521739,0.0009733980219262631
2250.5494505494507,0.000888683691908166
2275.5555555555557,0.0008083070016457433
2301.1235955056177,0.0007348043497495537
2327.272727272727,0.0006691539491949493
2354.022988505747,0.0006063528528593053
2381.3953488372094,0.0005489462772241062
2409.411764705882,0.0004973725536768988
2438.0952380952376,0.00044743616287207683
2467.469879518072,0.00040180949506225854
2497.560975609756,0.00036169731659204063
2528.395061728395,0.0003235023290579836
2560.0,0.00028810142167604215
2592.4050632911394,0.0002566902618083986
2625.6410256410254,0.00022738425941234866
2659.7402597402597,0.00020053393753264893
2694.7368421052633,0.00017686283925953268
2730.6666666666665,0.00015517580587553242
2767.5675675675675,0.00013540798653114528
2805.4794520547944,0.00011803829616861082
2844.4444444444443,0.00010249864580147846
2884.507042253521,8.85717952762618e-05
2925.714285714286,7.639328434093693e-05
2968.1159420289855,6.565231568762975e-05
3011.764705882353,5.6171873511030504e-05
3056.716417910448,4.7948979530313464e-05
3103.030303030303,4.0782509967944464e-05
3150.769230769231,3.454164890681953e-05
3200.0,2.916899784412599e-05
3250.7936507936506,2.4527020742014288e-05
3303.2258064516127,2.0533245389547493e-05
3357.3770491803275,1.7109551459444124e-05
3413.3333333333335,1.4157627875308718e-05
3471.1864406779664,1.1651038516113675e-05
3531.0344827586205,9.536044205548811e-06
3592.9824561403507,7.747250116484594e-06
3657.142857142857,6.279431223114456e-06
3723.636363636363,5.098169792873126e-06
3792.592592592593,4.1593194251476e-06
3864.1509433962265,3.4485317483885756e-06
3938.4615384615386,2.9291497337273094e-06
4015.686274509804,2.550177815426103e-06
4095.9999999999995,2.2794303600071915e-06
4179.591836734694,2.1001770289421458e-06
4266.666666666666,1.9116444392642167e-06
4357.446808510638,1.4651386453215871e-06
4452.173913043478,7.702252883030951e-07
4551.111111111111,2.652381202617093e-07
4654.545454545454,7.566572977200872e-08
4762.790697674419,2.6799775361023845e-08
4876.190476190475,1.3578429147757392e-08
4995.121951219512,8.451041211031366e-09
5120.0,5.299564474691819e-09
5251.282051282051,3.027566034214814e-09
5389.473684210527,1.6613643161655548e-09
5535.135135135135,8.474070817902837e-10
5688.888888888889,3.9288858691430245e-10
5851.428571428572,1.7069951699018624e-10
6023.529411764706,6.48508429329801e-11
6206.060606060606,2.041273766731436e-11
6400.0,5.2621658324540504e-12
6606.451612903225,8.964562864190718e-13
6826.666666666667,7.306812639290707e-14
7062.068965517241,2.4600007484501222e-15
7314.285714285714,1.4863871436764547e-17
7585.185185185186,2.865963230299025e-17
7876.923076923077,9.914795788460068e-18
