"Wavelength, nm",Intensity
136.44237175216523,2.4306633055082627e-19
136.53333333333333,2.841460319305034e-19
136.62441627751835,3.3245152216388043e-19
136.71562082777035,3.892114889281015e-19
136.80694722778892,4.560131695507248e-19
136.89839572192514,5.300511849128561e-19
136.98996655518394,6.8601291370581615e-19
137.08165997322624,4.0191304192480826e-18
137.17347622237108,7.036250316007988e-17
137.26541554959786,1.9410651567308404e-15
137.35747820254863,2.723281228012165e-14
137.4496644295302,2.3599876811047084e-13
137.54197447951645,1.4788933311045783e-12
137.63440860215053,7.150301154879067e-12
137.72696704774717,2.7870273822077547e-11
137.81965006729476,9.110895101195514e-11
137.9124579124579,2.573899131161003e-10
138.0053908355795,6.416655847247425e-10
138.09844908968307,1.4349678326431898e-09
138.19163292847506,2.9178991218415388e-09
138.28494260634707,5.4501786750477146e-09
138.37837837837836,9.419595248302847e-09
138.47194050033806,1.5143481791430482e-08
138.5656292286874,2.2717311001030833e-08
138.65944482058225,3.182512031414002e-08
138.75338753387533,4.1586539192641116e-08
138.84745762711862,5.0534580548777904e-08
138.94165535956583,5.681637081764908e-08
139.03598099117448,5.876527558979738e-08
139.1304347826087,5.592445273079549e-08
139.22501699524133,5.043294056101239e-08
139.31972789115645,4.8768689287089034e-08
139.4145677331518,6.386761041469541e-08
139.50953678474113,1.173886915678783e-07
139.60463531015677,2.4203509285983977e-07
139.69986357435198,4.837413506261254e-07
139.79522184300342,9.026506764531705e-07
139.89071038251367,1.5721525623959945e-06
139.98632946001365,2.575735224340266e-06
140.08207934336525,3.999945037564012e-06
140.17796030116358,5.924527334950579e-06
140.27397260273972,8.416238537746542e-06
140.37011651816314,1.1526849290349518e-05
140.46639231824417,1.5291316521395374e-05
140.56280027453673,1.973789864204558e-05
140.65934065934067,2.4920119719239356e-05
140.75601374570448,3.094486174617378e-05
140.85281980742778,3.797920399153446e-05
140.949759119064,4.627184768616468e-05
141.04683195592284,5.619833859897802e-05
141.14403859407307,6.826560196989423e-05
141.24137931034483,8.306599396677204e-05
141.33885438233264,0.00010127366332726511
141.4364640883978,0.00012369725033349645
141.53420870767104,0.00015126952524594273
141.6320885200553,0.0001849516654698545
141.73010380622836,0.00022570205281992236
141.8282548476454,0.00027456334729083516
141.92654192654192,0.000332714907322965
142.0249653259362,0.00040142719394776306
142.1235253296322,0.0004821153269773594
142.22222222222223,0.0005766383930681174
142.32105628908963,0.0006876460133904996
142.42002781641168,0.0008186772130400408
142.51913709116212,0.0009740715401637012
142.6183844011142,0.0011589684978707798
142.7177700348432,0.001379222896238813
142.81729428172943,0.0016407046113527462
142.91695743196092,0.0019481168612682398
143.0167597765363,0.0023040509260666905
143.11670160726763,0.0027083788475795287
143.21678321678323,0.0031577656071386244
143.31700489853043,0.003645538150221597
143.4173669467787,0.004162087190529861
143.5178696566223,0.004696166935824571
143.61851332398317,0.0052370943075835605
143.71929824561403,0.005776548137180926
143.8202247191011,0.006310214839912959
143.92129304286718,0.0068385532868820206
144.0225035161744,0.0073642435930575635
144.12385643912737,0.007894191815269678
144.22535211267606,0.00844343807104073
144.32699083861874,0.009017805046568877
144.42877291960508,0.009606944326457444
144.530698659139,0.010217924404349085
144.6327683615819,0.010853823069250602
144.73498233215545,0.011462362803447635
144.83734087694484,0.012017983988952315
144.9398443029016,0.01254416073078278
145.04249291784703,0.012969029520831359
145.14528703047483,0.013236718024702995
145.24822695035462,0.01343871670004072
145.35131298793468,0.013524769982842563
145.45454545454544,0.013400430397125922
145.55792466240226,0.013261505577468883
145.66145092460883,0.013095758117282034
145.76512455516016,0.0126990600914281
145.86894586894587,0.012380064200100838
145.9729151817534,0.01217744337515269
146.07703281027102,0.011652032697124991
146.18129907209135,0.011235065320190338
146.28571428571428,0.011110367420437467
146.39027877055037,0.010467924455835333
146.49499284692416,0.00985281661430509
146.59985683607732,0.009802074338487128
146.7048710601719,0.009040804815498111
146.8100358422939,0.008148929490448377
146.91535150645623,0.008222678577932503
147.0208183776023,0.007431698100221399
147.1264367816092,0.006339363170273844
147.23220704529115,0.006736856753793583
147.33812949640287,0.005814465954625243
147.4442044636429,0.004612689200065824
147.55043227665706,0.006728655429854642
147.6568132660418,0.005608646543995569
147.76334776334778,0.0009841539401908512
147.87003610108303,0.006556259953847269
147.97687861271675,0.015478130310754769
148.08387563268258,0.008794689629210256
148.19102749638205,0.002680292902676956
148.29833454018825,0.017581732134594453
148.40579710144928,0.029571784917738864
148.51341551849166,0.020109600827475465
148.6211901306241,0.014502999246996667
148.72912127814087,0.025669858367167866
148.8372093023256,0.03259122661498566
148.94545454545454,0.028328775788141008
149.0538573508006,0.025143043248700526
149.16241806263656,0.02558518560211043
149.27113702623907,0.02869928707431866
149.38001458789202,0.034912980619756416
149.4890510948905,0.03364504665523455
149.59824689554418,0.023274719234051663
149.70760233918128,0.02683052132273954
149.81711777615214,0.04632880176614277
149.9267935578331,0.04481553618068893
150.03663003663004,0.02068010929840342
150.1466275659824,0.027138529630121176
150.25678650036684,0.06495215660729918
150.36710719530103,0.062195531789323896
150.47759000734754,0.01815285772773145
150.58823529411762,0.025154578348647816
150.69904341427517,0.08641389423898893
150.8100147275405,0.08836082219168769
150.92114959469419,0.0209515760435637
151.03244837758112,0.018913465671325753
151.1439114391144,0.10459518532151614
151.25553914327915,0.12335624432990358
151.3673318551367,0.03463303308695005
151.47928994082838,0.009906511809347675
151.59141376757958,0.11370704168915326
151.7037037037037,0.1630723192869761
151.81616011860638,0.06388946161417615
151.92878338278933,0.001894187746882289
152.04157386785448,0.10453618891571158
152.15453194650817,0.1941420542073287
152.26765799256503,0.10855931926494554
152.38095238095235,0.004735193259032838
152.4944154877141,0.07638338609172807
152.6080476900149,0.19936080745717458
152.72184936614468,0.15593350096155992
152.8358208955224,0.02713951932773717
152.9499626587005,0.042624101908961584
153.0642750373692,0.17072169689113884
153.1787584143605,0.18488124812460605
153.29341317365268,0.06652366300580782
153.40823970037454,0.023307669445880506
153.5232383808096,0.11882811937532704
153.6384096024006,0.17851840107975445
153.75375375375376,0.10492827661786293
153.86927122464311,0.02958160665655074
153.98496240601503,0.06836175433529579
154.10082768999246,0.13644697847713655
154.2168674698795,0.11633438044513955
154.33308214016577,0.049587500418218966
154.4494720965309,0.040639281991545304
154.56603773584905,0.08181035283092958
154.68277945619334,0.09169031510943683
154.79969765684052,0.057287417698217
154.91679273827532,0.033979666544959784
155.0340651021953,0.04264033524042514
155.15151515151516,0.05126413252706307
155.2691432903715,0.04117601636138943
155.38694992412746,0.02800562600642257
155.50493545937738,0.02347028461692677
155.62310030395136,0.021011659032438856
155.74144486692012,0.016585848948208956
155.8599695585997,0.01371517629356631
155.97867479055597,0.01132551060937472
156.09756097560975,0.00642218827543918
156.21662852784135,0.0029114092824044707
156.33587786259542,0.004153453706855876
156.45530939648586,0.0053011577798122616
156.5749235474006,0.0032538932038852645
156.69472073450652,0.003824705245419969
156.8147013782542,0.010267860576455927
156.93486590038313,0.015873892594756883
157.05521472392638,0.016342121463290487
157.17574827321565,0.018460119952288908
157.29646697388634,0.028032183202168055
157.4173712528824,0.039405366806655
157.53846153846155,0.04545124594113686
157.65973826020013,0.04900905617621198
157.78120184899845,0.05633537263404853
157.9028527370856,0.06667080063948073
158.02469135802468,0.07564850041423071
158.14671814671814,0.08301865355506448
158.26893353941267,0.09053685238603824
158.39133797370457,0.09703434865466022
158.5139318885449,0.10130486118161755
158.63671572424477,0.1059074153762375
158.7596899224806,0.11287083137283171
158.88285492629947,0.11906964896383558
159.0062111801242,0.12087661662051018
159.12975912975912,0.12032084419912778
159.25349922239502,0.1216101022118759
159.37743190661476,0.1241869196156196
159.50155763239874,0.12450575256933277
159.62587685113016,0.12291450615645592
159.7503900156006,0.12311918724584535
159.87509758001562,0.12505885877764136
160.0,0.12403282694593933
160.12509773260362,0.11871351245616979
160.2503912363067,0.11498568424701104
160.37588097102582,0.11791610597922862
160.5015673981191,0.12319816633861237
160.62745098039213,0.1218648841611155
160.7535321821036,0.1128025437522545
160.87981146897093,0.10524474125983753
161.0062893081761,0.10686300923392425
161.13296616837135,0.11334690701168534
161.25984251968504,0.11365952307398586
161.38691883372735,0.10397768882118534
161.51419558359618,0.09208307838325248
161.64167324388316,0.08726526463957626
161.7693522906793,0.08947777490042032
161.89723320158103,0.09089020530807715
162.0253164556962,0.08610233739848303
162.15360253365006,0.07770142989381473
162.28209191759112,0.07208577082915599
162.41078509119745,0.07257979229101678
162.53968253968253,0.07758128314678316
162.66878474980143,0.08381149739392812
162.79809220985692,0.09004995760245035
162.92760540970565,0.09809809027187498
163.05732484076432,0.11089049751491865
163.18725099601593,0.12984806436667268
163.31738437001593,0.15413546334076028
163.44772545889865,0.182471440272475
163.57827476038338,0.21490109607063107
163.709032773781,0.2520886897537828
163.84,0.2935589339004214
163.97117694155327,0.33783142218555823
164.1025641025641,0.3843160571303396
164.23416198877305,0.4340672604486061
164.3659711075441,0.4877326798826644
164.49799196787149,0.5430481020390449
164.63022508038586,0.5959265823205944
164.76267095736122,0.644462445848764
164.89533011272144,0.6902588403655595
165.02820306204674,0.735216738010168
165.16129032258064,0.778354946754341
165.29459241323647,0.8163719216981732
165.4281098546042,0.8467602579746369
165.56184316895713,0.8698566091579997
165.6957928802589,0.887525488423001
165.82995951417004,0.9005737163335034
165.9643435980551,0.9086945016546338
166.09894566098947,0.9121310738382673
166.23376623376623,0.9117525227962731
166.36880584890332,0.9080374344267284
166.5040650406504,0.9012085326420389
166.63954434499593,0.8922083079908296
166.77524429967426,0.8831590259859166
166.9111654441728,0.8767330071468468
167.047308319739,0.8746624647857488
167.18367346938777,0.8768947053939263
167.3202614379085,0.8826393938390127
167.45707277187245,0.8920266290548303
167.59410801963992,0.9062948014675825
167.7313677313677,0.9265771897080882
167.86885245901638,0.952897318648533
168.00656275635768,0.9842783255388831
168.14449917898193,1.0195379394033273
168.28266228430567,1.0577979514946876
168.42105263157896,1.0981977998204577
168.559670781893,1.139234541812648
168.6985172981878,1.1786731729382993
168.83759274525966,1.214397470661519
168.97689768976898,1.2452560999607734
169.11643270024774,1.2707128535436036
169.25619834710741,1.2896676793359916
169.39619520264682,1.2999653692039517
169.53642384105962,1.2993518769820598
169.67688483844242,1.287095641578397
169.81757877280262,1.2644655748505325
169.95850622406635,1.233252853900264
170.09966777408638,1.1942382383418495
170.24106400665005,1.1475679287878888
170.3826955074875,1.093965976543922
170.52456286427974,1.0352201700742858
170.66666666666666,0.9742449537263228
170.8090075062552,0.9146851038545765
170.9515859766277,0.8596407032928499
171.09440267335003,0.8108465595772061
171.23745819397996,0.7693988233210804
171.3807531380753,0.736731060685149
171.52428810720266,0.7146171392929459
171.66806370494552,0.7047471267064516
171.81208053691276,0.708422437463054
171.95633921074725,0.7261819774274174
172.10084033613444,0.757505514647278
172.24558452481077,0.8009713046422796
172.3905723905724,0.8547008614944351
172.5358045492839,0.9167920506397205
172.681281618887,0.9857190533533495
172.82700421940928,1.0603884128618448
172.97297297297297,1.139487410487226
173.11918850380385,1.2207038729800854
173.26565143824024,1.300716219388801
173.41236240474177,1.3759232934705783
173.55932203389833,1.443420537324003
173.70653095843934,1.5017937626444373
173.85398981324278,1.5509384795957037
174.0016992353441,1.590629846882058
174.14965986394557,1.6191582527732395
174.2978723404255,1.6334200769261789
174.44633730834755,1.6304140515460388
174.59505541346974,1.6092541816310755
174.74402730375425,1.5722164799676492
174.8932536293766,1.523445383935948
175.04273504273505,1.4664002975311339
175.1924721984602,1.4026585583878566
175.34246575342465,1.3325447704096762
175.49271636675235,1.2565216663768135
175.6432246998285,1.17692784491333
175.79399141630904,1.0988416403075454
175.94501718213058,1.0285462704357047
176.0963026655202,0.9710105984245743
176.24784853700515,0.9289247868203526
176.3996554694229,0.9031423392129095
176.55172413793102,0.8933264494240025
176.70405522001724,0.8989276755844036
176.85664939550952,0.9203145277448428
177.00950734658602,0.958798453077179
177.16262975778545,1.0153621671575013
177.3160173160173,1.0893048880815424
177.46967071057193,1.1773310048452337
177.62359063313096,1.2731228516086377
177.77777777777777,1.3686736935794608
177.93223284100782,1.4578160814182695
178.08695652173913,1.5389403830203383
178.24194952132288,1.613980088980058
178.397212543554,1.6848181265896207
178.55274629468178,1.7498754688075404
178.70855148342056,1.8027317478607887
178.86462882096066,1.8346522491144859
179.02097902097898,1.840616942063884
179.17760279965006,1.8237558472528315
179.33450087565674,1.7938907452873458
179.4916739702016,1.7618258476295856
179.64912280701753,1.7335976051643267
179.80684811237927,1.7078857703029073
179.96485061511424,1.6786024048766839
180.12313104661388,1.641242990340321
180.28169014084506,1.597926612656389
180.44052863436124,1.5577242122186135
180.59964726631395,1.5329678239346756
180.75904677846424,1.5336681497034272
180.91872791519435,1.5626148765328787
181.07869142351902,1.614008217192984
181.23893805309734,1.6764449665757208
181.39946855624444,1.7386801037151436
181.56028368794324,1.7959594097618028
181.72138420585628,1.8537024028527371
181.88277087033748,1.9249067540319356
182.04444444444445,2.021707274629199
182.20640569395016,2.1463941689761286
182.3686553873553,2.2871826172872116
182.53119429590015,2.4217450427730722
182.69402319357712,2.528641888665541
182.85714285714286,2.6006722409772727
183.0205540661305,2.6505292055487386
183.18425760286226,2.7045513091455624
183.34825425246197,2.7880462410380695
183.51254480286738,2.9095371153617036
183.67713004484304,3.053505188196712
183.84201077199282,3.1881602506247133
184.00718778077265,3.284085860557277
184.1726618705036,3.3322060712958814
184.33843384338437,3.351527130540503
184.5045045045045,3.382050792092651
184.67087466185754,3.464490018666237
184.83754512635377,3.6169199892101704
185.0045167118338,3.8219668059526306
185.17179023508135,4.032612756118714
185.33936651583707,4.19519899657726
185.5072463768116,4.27873488809772
185.675430643699,4.294410353489246
185.84392014519057,4.293347104309596
186.01271571298818,4.341396752168481
186.1818181818182,4.481678863765147
186.3512283894449,4.705274574854165
186.52094717668484,4.949446287871386
186.69097538742025,5.1268241359589295
186.86131386861314,5.170885765690473
187.03196347031962,5.074226732203436
187.20292504570384,4.897424132875885
187.37419945105214,4.740325850324774
187.54578754578753,4.690007940499757
187.71769019248396,4.773187867136559
187.88990825688072,4.9383554581246765
188.06244260789717,5.07928456079885
188.23529411764707,5.0896242038451165
188.40846366145354,4.919029377716676
188.5819521178637,4.601269154147395
188.75576036866357,4.240966385778757
188.92988929889296,3.964975880397122
189.10433979686056,3.8619004766491196
189.27911275415894,3.9403241182696815
189.45420906567992,4.125021131430498
189.62962962962962,4.290953349837444
189.80537534754404,4.319932901898647
189.98144712430428,4.1553066987176
190.15784586815226,3.829483450099733
190.3345724907063,3.4521495393047377
190.51162790697674,3.1652671235576277
190.68901303538178,3.0837357030643453
190.8667287977633,3.2454526232214387
191.044776119403,3.591011578745711
191.22315592903828,3.982538922218436
191.4018691588785,4.256846684557578
191.5809167446211,4.2932591336298325
191.76029962546815,4.067710734809949
191.94001874414244,3.6696996337579555
192.12007504690433,3.2735813388730595
192.3004694835681,3.0719855531615714
192.48120300751881,3.195100759870388
192.66227657572907,3.6495646025425637
192.8436911487759,4.3048205569204
193.02544769085767,4.935855259471119
193.2075471698113,5.309466384291961
193.38999055712932,5.281785545079021
193.57277882797732,4.866156792757725
193.75591296121098,4.240837293679984
193.93939393939394,3.6894351926544555
194.12322274881518,3.4930539821864244
194.30740037950665,3.814895085836588
194.49192782526114,4.624505520902711
194.67680608365018,5.694129613998663
194.86203615604185,6.673273011655154
195.04761904761907,7.218705979933988
195.23355576739752,7.132424845066495
195.4198473282443,6.45292269306855
195.6064947468959,5.461357529128723
195.79349904397705,4.594153473404114
195.9808612440191,4.2876321882559605
196.1685823754789,4.80914979849906
196.35666347075744,6.138280234504404
196.5451055662188,7.947059989573194
196.73390970220942,9.696089876796089
196.92307692307693,10.820337167160684
197.1126082771896,10.941501589386503
197.30250481695566,10.030546324267311
197.4927675988428,8.455866661458876
197.68339768339766,6.886337182747423
197.8743961352657,6.0713551062290465
198.06576402321085,6.569499377150984
198.25750242013552,8.520140106204561
198.44961240310076,11.546007853358184
198.64209505334625,14.837985622108024
198.83495145631065,17.409169869857003
199.02818270165207,18.440109875618486
199.22178988326846,17.598708292033667
199.4157740993184,15.215425282602213
199.61013645224173,12.233838988324546
199.8048780487805,9.932236559800945
200.0,9.49460804799338
200.19550342130987,11.571249447280055
200.3913894324853,15.987769780035261
200.58765915768853,21.721881684121986
200.78431372549022,27.180873507042442
200.9813542688911,30.71020459723892
201.17878192534383,31.174064216133168
201.37659783677483,28.406172668103462
201.5748031496063,23.3602835801044
201.77339901477833,17.88226462643824
201.9723865877712,14.150611536321687
202.1717670286278,13.953810228245924
202.3715415019763,18.043002215010457
202.57171117705244,25.786895635389577
202.77227722772278,35.269138700312745
202.97324083250743,43.829014056905216
203.17460317460316,48.89033751026231
203.37636544190661,48.816788463978384
203.57852882703776,43.514289323599705
203.78109452736314,34.5662911416689
203.98406374501994,24.828347641443543
204.1874376869392,17.588482716863073
204.39121756487026,15.546663195341976
204.5954045954046,19.93001191295908
204.79999999999998,30.030896220542097
205.005005005005,43.33152816085817
205.21042084168334,56.19258093763578
205.41624874623875,64.90993622597126
205.62248995983938,66.8318441560766
205.8291457286432,61.19553245129651
206.03621730382292,49.41540825078098
206.24370594159112,34.73073750509933
206.4516129032258,21.31425818801752
206.65993945509584,13.090070506862778
206.86868686868684,12.601100389610997
207.07785642062692,20.260754114552785
207.28744939271257,34.20493488937877
207.49746707193518,50.77877746311479
207.7079107505071,65.52041779232192
207.9187817258883,74.38138943599495
208.130081300813,74.84032824616098
208.34181078331636,66.587307674717
208.55397148676167,51.60416129292754
208.7665647298675,33.64163679061031
208.9795918367347,17.236006894726348
209.19305413687437,6.517109854589834
209.40695296523518,4.13689156899034
209.6212896622313,10.611450649885002
209.83606557377047,24.217477277099558
210.05128205128204,41.450183561060285
210.26694045174537,57.93279580373973
210.48304213771837,69.53438413632828
210.69958847736626,73.38526806259199
210.91658084449023,68.54485733727444
211.1340206185567,56.199061327109995
211.3519091847265,39.33346306846793
211.5702479338843,21.949814715782054
211.78903826266804,8.067785229250669
212.00828157349895,0.7789850957386647
212.22797927461139,1.5458732961572699
212.448132780083,9.897380921104798
212.668743509865,23.605015932552128
212.88981288981287,39.27904977778784
213.11134235171693,53.19881323702974
213.33333333333334,62.18156081949614
213.555787278415,64.3174348091459
213.7787056367432,59.37672353523803
214.00208986415882,48.78010891962926
214.22594142259413,35.19631753328832
214.4502617801047,21.88454840929302
214.67505241090146,11.920652595653134
214.900314795383,7.489534866678479
215.12605042016807,9.405204280716458
215.35226077812828,16.98071792506245
215.57894736842104,28.249254900217824
215.80611169652263,40.44636586226499
216.03375527426158,50.68052708162164
216.26187961985215,56.628899872972355
216.49048625792813,57.04913828364299
216.7195767195767,52.01366256108936
216.9491525423729,42.86473512836797
217.17921527041358,31.898267054340224
217.40976645435242,21.80498803228706
217.64080765143464,15.03520259298542
217.87234042553192,13.2650154604486
218.10436634717786,17.02560723008467
218.33688699360337,25.58484350486781
218.5699039487727,37.13003391097752
218.80341880341882,49.18603109508916
219.0374331550802,59.15658519739144
219.27194860813702,64.85995879912335
219.5069667738478,64.99167771299693
219.74248927038627,59.41593868797496
219.97851772287862,49.16868040402576
220.21505376344086,36.22344075789109
220.45209903121636,23.103494158357194
220.68965517241378,12.375749353601282
220.92772384034518,6.137809449939424
221.16630669546436,5.62565847677206
221.4054054054054,10.999382014916227
221.64502164502164,21.326179930344438
221.88515709642468,34.76308883450715
222.12581344902384,48.915807456904716
222.36699239956567,61.29538912383351
222.6086956521739,69.75289373769725
222.85092491838955,72.83915487739736
223.09368191721134,70.05755477602841
223.3369683751363,61.9174869991309
223.58078602620085,49.79991628893521
223.82513661202185,35.704396105454634
224.07002188183807,21.885286725521954
224.31544359255204,10.45431925393473
224.56140350877192,3.033361872493286
224.80790340285398,0.49516081167641907
225.05494505494505,2.848792728940765
225.30253025302528,9.28192042871373
225.55066079295153,18.34600091705117
225.79933847850054,28.23985333407444
226.0485651214128,37.13392408332627
226.29834254143645,43.49821965108855
226.54867256637166,46.34453472878604
226.79955703211516,45.34973692659171
227.0509977827051,40.86900313350191
227.30299667036624,33.8084374271108
227.55555555555554,25.41450343273917
227.80867630700777,17.023867222237776
228.06236080178175,9.791272907114552
228.31661092530658,4.495172307734907
228.57142857142856,1.4447031692641847
228.82681564245812,0.471604381790897
229.082774049217,1.029809603509793
229.33930571108624,2.3685599012155225
229.59641255605382,3.729597434656596
229.8540965207632,4.524962458761453
230.1123595505618,4.455097988663472
230.37120359955006,3.5581417949536918
230.6306306306306,2.17297224301333
230.89064261555805,0.8206453506437205
231.1512415349887,0.054833055701699586
231.41242937853107,0.31579465053479644
231.67420814479635,1.8092784796841694
231.9365798414496,4.445565807677064
232.19954648526078,7.8607816344994905
232.46311010215663,11.50317307253162
232.7272727272727,14.750912957899473
232.9920364050057,17.064247955906975
233.25740318906605,18.138910204405764
233.52337514253134,17.965215645006328
233.78995433789953,16.816068868021095
234.05714285714288,15.214102922982919
234.32494279176203,13.825762302160598
234.59335624284074,13.308777705591561
234.8623853211009,14.157374033543947
235.13203214695753,16.58019985046967
235.4022988505747,20.46852983095297
235.67318757192174,25.386768386654612
235.9447004608295,30.62027402651077
236.2168396770473,35.34601352884424
236.48960739030022,38.78202057807122
236.76300578034682,40.31498127607254
237.03703703703707,39.62514198145289
237.3117033603708,36.72302030156134
237.58700696055683,31.96385254230991
237.862950058072,25.99422196741403
238.13953488372093,19.591950802776783
238.41676367869616,13.545177418995946
238.69463869463866,8.545642328545785
238.97316219369893,5.062244780725948
239.25233644859816,3.274366390324897
239.53216374269007,3.065747101322805
239.81264637002343,4.071214850327474
240.0937866354044,5.764132322990794
240.37558685446012,7.5661116763380125
240.65804935370153,8.959327077407327
240.94117647058823,9.572590518971614
241.2249705535924,9.250570483482973
241.50943396226415,8.068775823633757
241.79456906729635,6.282099996735674
242.080378250591,4.270717263301077
242.3668639053254,2.469092779674942
242.65402843601896,1.2701711829361502
242.94187425860022,0.951287498950212
243.23040380047507,1.6162112341477428
243.51961950059456,3.1670362183969756
243.80952380952382,5.3326336168474695
244.1001191895113,7.720189615689419
244.39140811455846,9.893584150766376
244.68339307048984,11.479575727871316
244.97607655502392,12.231487069440979
245.2694610778443,12.05801475528068
245.56354916067144,11.041147754438889
245.85834333733493,9.404898117324745
246.15384615384616,7.466375718178311
246.4500601684717,5.577535851647678
246.7469879518072,4.038037974447597
247.04463208685164,3.0408358971891247
247.34299516908212,2.656764229107473
247.6420798065296,2.8233815158640567
247.9418886198547,3.3591969933639407
248.24242424242422,4.020710957212181
248.54368932038832,4.5731155174907325
248.8456865127582,4.836109540607455
249.14841849148416,4.720942178613726
249.45188794153472,4.245324317711424
249.75609756097558,3.5025452483458874
250.06105006105005,2.6366812106562296
250.36674816625916,1.808245437209621
250.6731946144431,1.141787513597087
250.98039215686276,0.7121282069402757
251.2883435582822,0.5337614790540097
251.5970515970516,0.551752157469275
251.90651906519062,0.672923324507518
252.21674876847288,0.7983216591775788
252.52774352651045,0.8521166983990176
252.8395061728395,0.8082291954070911
253.15203955500616,0.6898904411257247
253.46534653465346,0.559161490811361
253.7794299876084,0.4991485104473866
254.09429280397023,0.5820643912811156
254.40993788819875,0.8425330309554968
254.726368159204,1.2673753795999991
255.04358655043586,1.8026063386397733
255.36159600997507,2.3676446325519183
255.6803995006242,2.87121847295679
255.99999999999997,3.2348836087003114
256.3204005006258,3.4055024152610196
256.64160401002505,3.35431405810394
256.9636135508155,3.0905838615966723
257.286432160804,2.6664095725897115
257.61006289308176,2.153218792998077
257.9345088161209,1.6262856062394786
258.2597730138714,1.1580393771136153
258.5858585858586,0.8065689057783206
258.91276864728195,0.6098222437229031
259.24050632911394,0.5852371662671549
259.5690747782003,0.735013639182439
259.8984771573604,1.0490636483673803
260.22871664548916,1.5046201493034819
260.55979643765903,2.070713501680155
260.89171974522293,2.7090676455398577
261.2244897959184,3.382207517162631
261.5581098339719,4.062595447595258
261.89258312020456,4.729691593166667
262.2279129321382,5.383604293911646
262.56410256410254,6.049770679681525
262.9011553273428,6.755076724950561
263.2390745501285,7.53514804281388
263.5778635778636,8.444974873351846
263.91752577319585,9.516995709129159
264.258064516129,10.741497546224284
264.59948320413434,12.09049220136693
264.9417852522639,13.49770617371692
265.2849740932642,14.837143201072722
265.6290531776913,15.97433398483848
265.974025974026,16.789415532775973
266.3198959687906,17.153199005367902
266.66666666666663,16.974038422047258
267.01434159061273,16.247998589811843
267.3629242819843,15.02181589188327
267.7124183006536,13.373036428452131
268.0628272251309,11.425676583106812
268.41415465268676,9.32426095017553
268.76640419947506,7.208856819718402
269.119579500657,5.21839113581917
269.47368421052636,3.4787685348105652
269.82872200263506,2.094306635086761
270.1846965699208,1.158342751349763
270.5416116248349,0.7522447723997935
270.8994708994709,0.943216852250621
271.25827814569533,1.7903618526122045
271.6180371352785,3.3302676077558155
271.97875166002655,5.5535934502443265
272.3404255319149,8.390590127214317
272.70306258322233,11.694768108857847
273.06666666666666,15.261935714389098
273.4312416555407,18.88174031417588
273.7967914438503,22.34308914974616
274.1633199464525,25.443725226766166
274.5308310991957,28.05031300496279
274.8993288590604,30.076127919778664
275.26881720430106,31.41385970128824
275.6393001345895,31.985560768930895
276.010781671159,31.783368369029127
276.3832658569501,30.822992365102685
276.7567567567567,29.178759760363228
277.1312584573748,27.027939017778042
277.50677506775065,24.57630791098134
277.88331071913166,22.034796682088704
278.2608695652174,19.65778767121078
278.6394557823129,17.68988982231724
279.01907356948226,16.3145338165114
279.39972714870396,15.657753926224293
279.78142076502735,15.759581487860958
280.1641586867305,16.571805238858076
280.54794520547944,17.98757488181882
280.93278463648835,19.825231076321653
281.31868131868134,21.85359926617602
281.70563961485556,23.866859174207633
282.0936639118457,25.684002412515618
282.48275862068965,27.135371060448932
282.8729281767956,28.109750408834323
283.2641770401106,28.55953163095869
283.6565096952908,28.457814187312493
284.0499306518724,27.793511324293167
284.44444444444446,26.574459915897
284.84005563282335,24.810241035255558
285.2367688022284,22.519456108009912
285.63458856345886,19.75034079685259
286.0335195530726,16.583008822571532
286.43356643356645,13.138936067427883
286.8347338935574,9.599849048226028
287.23702664796633,6.207567873030067
287.6404494382022,3.260427864264151
288.0450070323488,1.1104604495109323
288.4507042253521,0.1349856401452492
288.85754583921016,0.7022612888022379
289.2655367231638,3.1378874339309446
289.6746817538897,7.673272042413511
290.08498583569406,14.417667256446947
290.49645390070924,23.3405940577223
290.9090909090909,34.2151641540621
291.32290184921766,46.61529878378791
291.73789173789174,59.97045951069576
292.15406562054204,73.54950283683871
292.57142857142856,86.49250306623507
292.9899856938483,97.96449293782128
293.4097421203438,107.20073857253867
293.83070301291247,113.5098165936673
294.2528735632184,116.43445299967595
294.67625899280574,115.80938811536059
295.1008645533141,111.65130114683079
295.52669552669556,104.21181204292563
295.9537572254335,94.06139905980507
296.3820549927641,81.9551148298094
296.81159420289856,68.72986472232499
297.2423802612482,55.31100607373741
297.6744186046512,42.6193294059821
298.1077147016012,31.460385946998265
298.54227405247815,22.493138474365775
298.978102189781,16.18089514763062
299.41520467836256,12.753508750832424
299.8535871156662,12.215885778992062
300.2932551319648,14.345144150338673
300.73421439060206,18.716353636257875
301.17647058823525,24.767016055139027
301.620029455081,31.839512504516954
302.06489675516224,39.23631619913731
302.5110782865583,46.295434574268924
302.95857988165676,52.4342960638922
303.4074074074074,57.194356050664155
303.85756676557867,60.28530805731159
304.30906389301634,61.57922808190053
304.7619047619047,61.10663530367139
305.2160953800298,59.0666462093016
305.6716417910448,55.778210028014044
306.1285500747384,51.625720958888806
306.58682634730536,47.056446864003526
307.0464767616192,42.53756734403494
307.5075075075075,38.47947083741589
307.96992481203006,35.229491752354505
308.433734939759,33.071914538691296
308.8989441930618,32.17469966973426
309.3655589123867,32.58617394510496
309.83358547655064,34.27583706458727
310.3030303030303,37.12755840979172
310.7738998482549,40.943526894308945
311.2462006079027,45.49117235289091
311.7199391171994,50.52190880148442
312.1951219512195,55.78845234597129
312.67175572519085,61.081363668451786
313.1498470948012,66.22902312859668
313.6294027565084,71.10687819860284
314.11042944785277,75.67175421272353
314.5929339477727,79.93081243502138
315.0769230769231,83.90830030817675
315.5624036979969,87.68350662130618
316.04938271604937,91.37375130159928
316.53786707882534,95.0672676731126
317.0278637770898,98.842420307808
317.5193798449612,102.78471457466793
318.0124223602484,106.92370121631821
318.50699844479004,111.22605784729102
319.0031152647975,115.64164939721257
319.5007800312012,120.0845084997307
320.0,124.41194593789533
320.5007824726134,128.45851406452343
321.0031347962382,132.05013016983122
321.5070643642072,135.0004674605504
322.0125786163522,137.13087915387175
322.5196850393701,138.2833960310561
323.02839116719235,138.32667953649943
323.5387045813586,137.17284719756947
324.0506329113924,134.77938781036258
324.56418383518223,131.14538791769235
325.07936507936506,126.32440327421232
325.59618441971384,120.42446907851024
326.11464968152865,113.59272480364801
326.63476874003186,106.01489184016602
327.15654952076676,97.91413749130386
327.68,89.5344642175482
328.2051282051282,81.1313009025783
328.7319422150882,72.96864009929249
329.2604501607717,65.30708478956855
329.7906602254429,58.392729777446945
330.3225806451613,52.45151918488698
330.8562197092084,47.68042256864121
331.3915857605178,44.2405125154579
331.9286871961102,42.25541575650059
332.46753246753246,41.80738579550737
333.0081300813008,42.93297963114793
333.5504885993485,45.623426162238445
334.094616639478,49.825755259079585
334.640522875817,55.445151525029424
335.18821603927984,62.35083101124804
335.73770491803276,70.37964269688663
336.28899835796386,79.33820988083873
336.8421052631579,89.01101240480087
337.3970345963756,99.16951850089613
337.95379537953795,109.57612143125844
338.51239669421483,119.98945727858813
339.07284768211923,130.17328915190265
339.63515754560524,139.90276773030578
340.19933554817277,148.96899409986153
340.765391014975,157.18395347067414
341.3333333333333,164.38270356589084
341.9031719532554,170.42580916062684
342.4749163879599,175.2053650692032
343.04857621440533,178.64731155728617
343.6241610738255,180.70716176834765
344.2016806722689,181.36773700044725
344.7811447811448,180.6411357125109
345.362563237774,178.5688078458215
345.94594594594594,175.21914433991208
346.5313028764805,170.68446312725447
347.11864406779665,165.0759606320675
347.70797962648555,158.51932538831477
348.29931972789115,151.15469963775027
348.8926746166951,143.13577858829407
349.4880546075085,134.62385090627134
350.0854700854701,125.78236258993225
350.6849315068493,116.77495214756146
351.286449399657,107.76325701577603
351.89003436426117,98.90396082611176
352.4956970740103,90.34607921571362
353.10344827586204,82.22750279903376
353.71329879101904,74.67207765034854
354.3252595155709,67.78811820588443
354.93934142114387,61.66695224261966
355.55555555555554,56.38198194812499
356.17391304347825,51.98763888946663
356.794425087108,48.517126104336086
357.4171029668411,45.98280037954919
358.04195804195797,44.37927881461885
358.6690017513135,43.68330789201807
359.29824561403507,43.85236390898942
359.9297012302285,44.82732408128757
360.5633802816901,46.536126036489264
361.1992945326279,48.89604066905929
361.8374558303887,51.81603804185651
362.4778761061947,55.197932681483216
363.1205673758865,58.93801175375895
363.76554174067496,62.93185760581222
364.4128113879003,67.07750648448247
365.0623885918003,71.27532232098436
365.7142857142857,75.43000987557052
366.3685152057245,79.4537987860655
367.02508960573476,83.26727313542274
367.68402154398564,86.80028113235822
368.3453237410072,89.99329083559466
369.009009009009,92.7973013199387
369.67509025270755,95.1743921600123
370.3435804701627,97.09887948291046
371.0144927536232,98.55585535360679
371.68784029038113,99.53887529556302
372.3636363636364,100.05041161145472
373.0418943533697,100.10282006127538
373.7226277372263,99.71650604851256
374.4058500914077,98.9175097725029
375.09157509157507,97.73664816318714
375.77981651376143,96.20803373529867
376.47058823529414,94.36739885673002
377.1639042357274,92.25234957788817
377.8597785977859,89.90148708951813
378.5582255083179,87.35196243944158
379.25925925925924,84.6399210240252
379.96289424860856,81.80118683938268
380.6691449814126,78.86895172855402
381.37802607076355,75.87381068004537
382.089552238806,72.8459772624396
382.803738317757,69.81377578551819
383.5205992509363,66.80150269632412
384.24015009380867,63.83064748610157
384.96240601503763,60.92094590189969
385.6873822975518,58.08976858429649
386.4150943396226,55.35181887905685
387.14555765595463,52.719723976376756
387.8787878787879,50.20461461837656
388.6148007590133,47.81553651384747
389.35361216730035,45.55968443157502
390.09523809523813,43.444078632890125
390.8396946564886,41.474210612824955
391.5869980879541,39.6520483946329
392.3371647509578,37.97846747129266
393.0902111324376,36.45398675164231
393.84615384615387,35.07636466546981
394.6050096339113,33.84236449751971
395.3667953667953,32.7494266820456
396.1315280464217,31.79314567990281
396.8992248062015,30.967926048019986
397.6699029126213,30.26925665296267
398.4435797665369,29.69204220835367
399.22027290448347,29.23003945256984
400.0,28.87721412396071
400.7827788649706,28.627149711512374
401.56862745098044,28.473110170415065
402.35756385068765,28.408837470792886
403.1496062992126,28.427649755391727
403.9447731755424,28.522312608670777
404.7430830039526,28.68595336357194
405.54455445544556,28.911724729903035
406.3492063492063,29.192499313486636
407.1570576540755,29.521822169309832
407.9681274900399,29.894537307472593
408.7824351297405,30.306122109221207
409.59999999999997,30.7525746083672
410.4208416833667,31.231471172479267
411.24497991967877,31.741357014294092
412.07243460764585,32.280356270028655
412.9032258064516,32.84755330525024
413.7373737373737,33.44425690962845
414.57489878542515,34.07184447822067
415.4158215010142,34.73089125287121
416.260162601626,35.424092962024254
417.10794297352334,36.15561644636636
417.9591836734694,36.92729973967508
418.81390593047036,37.74187902806281
419.67213114754094,38.60412304906619
420.53388090349074,39.513796571864745
421.3991769547325,40.471033074382106
422.2680412371134,41.481408822918844
423.1404958677686,42.54173671062794
424.0165631469979,43.64501694062528
424.896265560166,44.79461954584363
425.77962577962575,45.985416386055775
426.6666666666667,47.204639591214196
427.5574112734864,48.454323794548685
428.45188284518827,49.729044790769386
429.3501048218029,51.009910256028334
430.25210084033614,52.29555775412018
431.1578947368421,53.58380004177009
432.06751054852316,54.855669118909255
432.98097251585625,56.10310807845315
433.8983050847458,57.32263604145096
434.81953290870484,58.50270748481883
435.74468085106383,59.635272066181365
436.67377398720674,60.71241159094652
437.60683760683764,61.726237147930206
438.54389721627405,62.661750471742
439.48497854077254,63.50288147482337
440.4301075268817,64.26599721628124
441.37931034482756,64.95253956276885
442.3326133909287,65.52818412500757
443.2900432900433,66.00966982973758
444.2516268980477,66.41238198147012
445.2173913043478,66.70090240434075
446.1873638344227,66.90502478458345
447.1615720524017,67.03787838078254
448.14004376367615,67.03510083144374
449.12280701754383,66.95589394979027
450.1098901098901,66.86165376435638
451.10132158590307,66.65895873899179
452.0971302428256,66.36119050928356
453.0973451327433,66.00298352172197
454.1019955654102,65.48571650478091
455.1111111111111,64.93301630078517
456.1247216035635,64.4901178784387
457.1428571428571,63.92595343548278
458.165548098434,63.17368889344958
459.19282511210764,62.47134549848724
460.2247191011236,61.79677552101354
461.2612612612612,61.07074185323111
462.3024830699774,60.397258248162544
463.3484162895927,59.715623327739166
464.39909297052156,58.931262024771286
465.4545454545454,58.169658951209975
466.5148063781321,57.54080381005181
467.57990867579906,56.95202131718743
468.64988558352405,56.195007828798836
469.7247706422018,55.320588376191694
470.8045977011494,54.604907574960606
471.889400921659,53.92376906071451
472.97921478060044,53.08473397533379
474.07407407407413,52.29634656813644
475.17401392111367,51.462377865915215
476.27906976744185,50.465876894335544
477.3892773892773,49.69027576258708
478.5046728971963,48.936309057004316
479.62529274004686,47.86309575529025
480.75117370892025,46.96906204321533
481.88235294117646,46.1481805844391
483.0188679245283,44.98407633910734
484.160756501182,44.041309981878165
485.3080568720379,43.172505705107284
486.46080760095015,41.86454180942054
487.61904761904765,40.900112724513264
488.7828162291169,40.180417026078
489.95215311004785,38.935502102135644
491.1270983213429,38.1070386126933
492.3076923076923,37.97905874846388
493.4939759036144,37.555936148159255
494.68599033816423,37.228367983800126
495.8837772397094,37.3808542758124
497.08737864077665,37.48549049835832
498.29683698296833,37.735581046983484
499.51219512195115,38.324469174150124
500.7334963325183,39.193677453938705
501.9607843137255,40.1662323157955
503.1941031941032,40.76043671343514
504.43349753694577,41.91823295717394
505.679012345679,44.09184398954132
506.9306930693069,45.850703374346914
508.18858560794047,48.12919169651695
509.452736318408,51.62530936908059
510.72319201995015,54.2785980608812
511.99999999999994,57.6112649100277
513.2832080200501,62.76918920515482
514.572864321608,66.53264375892671
515.8690176322418,70.66481311661164
517.1717171717172,77.35339623270534
518.4810126582279,82.67232997018357
519.7969543147208,87.9214577429782
521.1195928753181,95.8138548391657
522.4489795918367,102.46775033936116
523.7851662404091,109.35746992162258
525.1282051282051,119.64453172401966
526.478149100257,129.07520809356538
527.8350515463917,137.7420203181088
529.1989664082687,148.81146151616005
530.5699481865284,160.93994808460948
531.948051948052,174.06903431957937
533.3333333333333,186.92896012638897
534.7258485639686,199.54446519815772
536.1256544502618,215.65072995161333
537.5328083989501,230.6851471670918
538.9473684210527,245.04751364366743
540.3693931398416,266.84857683605543
541.7989417989418,285.57339172086677
543.236074270557,299.57175035975695
544.6808510638298,326.3066843227928
546.1333333333333,352.06340917899956
547.5935828877006,368.0838029455341
549.0616621983914,399.7145066165085
550.5376344086021,432.6492915562921
552.021563342318,450.04456375358706
553.5135135135134,485.95383772601383
555.0135501355013,528.5724728056013
556.5217391304348,550.4819822425249
558.0381471389645,592.6234419172014
559.5628415300547,649.3481858934178
561.0958904109589,681.067434348132
562.6373626373627,730.6004827449491
564.1873278236914,802.0161019233141
565.7458563535912,846.4629209383323
567.3130193905816,901.143912914717
568.8888888888889,980.1560963117569
570.4735376044569,1036.420919471763
572.0670391061452,1097.469668395964
573.6694677871149,1180.4295416634823
575.2808988764044,1252.6641803079394
576.9014084507043,1329.2373175854273
578.5310734463276,1410.6555054083537
580.1699716713881,1495.5148981665807
581.8181818181818,1603.4540498935323
583.4757834757835,1689.7820175067989
585.1428571428571,1784.9775837555305
586.8194842406876,1942.637588596407
588.5057471264367,2041.618679685495
590.2017291066282,2128.7645160763605
591.907514450867,2348.383354142598
593.6231884057971,2483.123909025092
595.3488372093024,2532.7395873296523
597.0845481049563,2803.8462929315624
598.8304093567251,3026.476720496285
600.5865102639297,3013.3682851446415
602.3529411764705,3153.766387003231
604.1297935103245,3148.215095444012
605.9171597633135,2764.3746129349893
607.7151335311573,2886.155068194318
609.5238095238094,3651.7171878461913
611.3432835820896,3944.2674079975
613.1736526946107,3634.6453035394206
615.015015015015,3548.0575555365226
616.867469879518,3655.267136984261
618.7311178247734,3837.8061722401308
620.6060606060606,4251.1271170273285
622.4924012158054,4608.296342645172
624.390243902439,4404.46161006068
626.2996941896024,4185.853378041012
628.2208588957055,4283.3662479119275
630.1538461538462,4254.214191066066
632.0987654320987,4136.865561766712
634.0557275541796,4179.399604819244
636.0248447204968,4671.154861707569
638.006230529595,4910.699447269668
640.0,4681.00968476408
642.0062695924764,4263.586784159081
644.0251572327044,3855.4511043778225
646.0567823343847,3939.7067488828106
648.1012658227849,4330.233833779441
650.1587301587301,3982.584918133716
652.2292993630573,3367.7293576529123
654.3130990415335,3455.3125948072725
656.4102564102564,3674.32227530056
658.5209003215434,3513.5026456465703
660.6451612903226,3338.0003693742187
662.7831715210356,2875.026870933147
664.9350649350649,2328.3562245128473
667.100977198697,2414.798681012421
669.281045751634,2637.404091408035
671.4754098360655,2303.73706854231
673.6842105263158,2123.4615848455674
675.9075907590759,2225.5508365924743
678.1456953642385,2027.4627435836899
680.3986710963455,1824.37496537962
682.6666666666666,1721.1423236157957
684.9498327759198,1544.4856423292144
687.248322147651,1397.9581572129243
689.5622895622896,1539.6066417133377
691.8918918918919,1461.1477103424745
694.2372881355933,1142.190809184265
696.5986394557823,912.2171493667603
698.976109215017,690.0254119972516
701.3698630136986,539.978851345921
703.7800687285223,539.9707429206934
706.2068965517241,499.6434978786286
708.6505190311418,315.56857263193683
711.1111111111111,170.01759360032307
713.588850174216,122.56276576202116
716.0839160839159,160.59675144949017
718.5964912280701,237.77233526997398
721.1267605633802,192.30217248975575
723.6749116607774,140.20805388248675
726.241134751773,199.86050757977304
728.8256227758006,336.4938566957574
731.4285714285714,391.77188810829347
734.0501792114695,415.7154313003861
736.6906474820144,493.6433852594839
739.3501805054151,622.7673010927033
742.0289855072464,833.498912930406
744.7272727272727,984.8877431419733
747.4452554744526,891.9183924095111
750.1831501831501,842.6194844357893
752.9411764705883,981.4286192205075
755.7195571955718,1068.0760484294399
758.5185185185185,967.9937131576157
761.3382899628252,888.294624948533
764.179104477612,723.6746044763587
767.0411985018726,616.75373681868
769.9248120300753,949.2671788631166
772.8301886792452,1312.0038917876493
775.7575757575758,976.2173041412874
778.7072243346007,767.8889865361549
781.6793893129772,828.3594428607754
784.6743295019156,576.3938230418945
787.6923076923077,437.5144286101897
790.7335907335906,676.363657669658
793.798449612403,684.7930069262883
796.8871595330738,391.45575424624616
800.0,279.87697561610435
803.1372549019609,166.4087882764451
806.2992125984252,477.6345714254407
809.4861660079052,1025.375629304153
812.6984126984127,700.2960345972841
815.9362549800798,239.33968131920605
819.1999999999999,12.034970619575109
822.4899598393575,155.39952920534424
825.8064516129032,544.1988075404846
829.1497975708503,793.17365797772
832.520325203252,875.920279571243
835.9183673469388,698.2499408614532
839.3442622950819,475.04527167981456
842.798353909465,474.04945932570513
846.2809917355372,685.665217709608
849.792531120332,1098.2746913327462
853.3333333333334,1419.0739389319488
856.9037656903765,1464.7409447503267
860.5042016806723,1635.3376489880272
864.1350210970463,2470.821532645503
867.7966101694916,3791.1181115408876
871.4893617021277,4201.2802798893845
875.2136752136753,3765.5176422799377
878.9699570815451,4006.3945935291304
882.7586206896551,4659.027022043196
886.5800865800866,4526.768813824657
890.4347826086956,4245.240607262411
894.3231441048034,4262.803756010201
898.2456140350877,3953.025741443259
902.2026431718061,3827.786255902556
906.1946902654867,4123.84680491367
910.2222222222222,3701.2317544782222
914.2857142857142,3114.229452952958
918.3856502242153,3495.407758390924
922.5225225225224,3768.9280577696677
926.6968325791854,3049.2089942513894
930.9090909090908,2865.928875663142
935.1598173515981,3201.498392162001
939.4495412844036,2541.1599692705026
943.778801843318,1814.0587985941695
948.1481481481483,1871.2448618590183
952.5581395348837,2015.4697539940018
957.0093457943926,1538.325055821523
961.5023474178405,1273.2313951351705
966.0377358490566,1333.4759151436406
970.6161137440758,1189.836480911428
975.2380952380953,914.8780887286372
979.9043062200957,844.6629188667538
984.6153846153846,824.9856050541867
989.3719806763285,737.6713721866207
994.1747572815533,753.1900528100555
999.0243902439023,774.5765592291147
1003.921568627451,572.8231034372659
1008.8669950738915,387.3366580415338
1013.8613861386139,351.4399435661024
1018.905472636816,356.97975437597876
1023.9999999999999,331.310016154914
1029.145728643216,322.4813158454131
1034.3434343434344,331.5697969970849
1039.5939086294416,326.4625349948988
1044.8979591836735,325.5636500756
1050.2564102564102,334.79389836488565
1055.6701030927834,334.589934795887
1061.139896373057,332.97893289696526
1066.6666666666665,337.3495675687408
1072.2513089005236,335.400503917779
1077.8947368421054,330.0561477175949
1083.5978835978835,328.42867070508373
1089.3617021276596,322.77037093068
1095.1871657754011,313.4037597993314
1101.0752688172042,306.72006103948684
1107.0270270270269,297.9939311848806
1113.0434782608695,286.0321008599258
1119.1256830601094,276.22006686635046
1125.2747252747254,265.9221045094889
1131.4917127071824,253.10021940776141
1137.7777777777778,241.9499466023452
1144.1340782122904,231.2039871433761
1150.5617977528088,218.4928230911211
1157.0621468926552,207.00071526288806
1163.6363636363635,196.55393105299035
1170.2857142857142,184.8842310158976
1177.0114942528735,174.1755413334025
1183.815028901734,164.8409193442614
1190.6976744186047,154.92875339243707
1197.6608187134502,145.82785311311457
1204.705882352941,138.0684400228409
1211.834319526627,129.8681964106351
1219.0476190476188,122.07584463286736
1226.3473053892214,115.41743719288547
1233.734939759036,108.44254968435065
1241.2121212121212,101.59143781231714
1248.780487804878,95.60212467455536
1256.441717791411,89.3228936991049
1264.1975308641975,83.01446026459634
1272.0496894409937,77.52911982887689
1280.0,72.00114330149209
1288.0503144654087,66.42696538938358
1296.2025316455697,61.60985925991202
1304.4585987261146,56.964464692987704
1312.8205128205127,52.32900336389232
1321.2903225806451,48.406405947028894
1329.8701298701299,44.802967577862916
1338.562091503268,41.17077200170859
1347.3684210526317,38.04683990440649
1356.291390728477,35.28617122842168
1365.3333333333333,32.52974669810237
1374.496644295302,30.10309564859021
1383.7837837837837,27.973054596237212
1393.1972789115646,25.848071351917092
1402.7397260273972,23.933760336877626
1412.4137931034481,22.272592583934525
1422.2222222222222,20.646812407176927
1432.1678321678319,19.138115739940027
1442.2535211267605,17.788520693626225
1452.482269503546,16.485170104278595
1462.857142857143,15.283911003113017
1473.3812949640287,14.19673277548507
1484.0579710144928,13.148717748205279
1494.890510948905,12.187692705020437
1505.8823529411766,11.305691857368515
1517.037037037037,10.440892835197763
1528.358208955224,9.647642268533476
1539.8496240601505,8.920049770894458
1551.5151515151515,8.188377778922879
1563.3587786259543,7.49752541825516
1575.3846153846155,6.868528941986399
1587.596899224806,6.2471641579532085
1600.0,5.656211447650237
1612.5984251968505,5.124962111539859
1625.3968253968253,4.619086037780032
1638.3999999999999,4.1410415023926985
1651.6129032258063,3.712611736821435
1665.040650406504,3.316369736972966
1678.6885245901638,2.943807962016971
1692.5619834710744,2.603589150060605
1706.6666666666667,2.2932904152687654
1721.0084033613446,2.010799294718082
1735.5932203389832,1.7550332140186449
1750.4273504273506,1.5223716579640465
1765.5172413793102,1.3139256561893435
1780.8695652173913,1.1283177124061043
1796.4912280701753,0.9626646121780805
1812.3893805309733,0.8188814162694096
1828.5714285714284,0.6945333196680747
1845.0450450450448,0.5850375946465528
1861.8181818181815,0.49167555009165487
1878.8990825688072,0.4134812174372333
1896.2962962962965,0.34627038915828984
1914.0186915887853,0.28982576144977346
1932.0754716981132,0.24359899210715968
1950.4761904761906,0.20454536351611077
1969.2307692307693,0.1719762183893045
1988.3495145631066,0.14571880426334208
2007.843137254902,0.12387318791871071
2027.7227722772277,0.1056392200459802
2047.9999999999998,0.09090232704597227
2068.686868686869,0.07858592630290565
2089.795918367347,0.06812560536378244
2111.340206185567,0.05948905145481832
2133.333333333333,0.052061240246275425
2155.789473684211,0.04549610580447996
2178.723404255319,0.03987402905933657
2202.1505376344085,0.03486894963649636
2226.086956521739,0.03026067011000816
2250.5494505494507,0.026189755957449587
2275.5555555555557,0.022536509223871386
2301.1235955056177,0.019166935506341378
2327.272727272727,0.016203905054597508
2354.022988505747,0.013639992108386463
2381.3953488372094,0.011420465633645368
2409.411764705882,0.00963745780251368
2438.0952380952376,0.0083234618224999
2467.469879518072,0.0074775019628541255
2497.560975609756,0.007168012176993103
2528.395061728395,0.00743100092514871
2560.0,0.008296636273954196
2592.4050632911394,0.009806183473374174
2625.6410256410254,0.011963524130876715
2659.7402597402597,0.014810213360298162
2694.7368421052633,0.018337205317302967
2730.6666666666665,0.022461360562592177
2767.5675675675675,0.027215878359050295
2805.4794520547944,0.032522081627064894
2844.4444444444443,0.038184916131243536
2884.507042253521,0.044215839439591516
2925.714285714286,0.05042666421198793
2968.1159420289855,0.056533788223573495
3011.764705882353,0.0625228413972865
3056.716417910448,0.06806101004922713
3103.030303030303,0.07290947591077927
3150.769230769231,0.07701957673135562
3200.0,0.07990017483705186
3250.7936507936506,0.08162850424263776
3303.2258064516127,0.08212874781801638
3357.3770491803275,0.08082901375297867
3413.3333333333335,0.07840578371714592
3471.1864406779664,0.07473069245354902
3531.0344827586205,0.06934048734474825
3592.9824561403507,0.06350558252543834
3657.142857142857,0.056935782807145126
3723.636363636363,0.04951259470593476
3792.592592592593,0.04260038918667744
3864.1509433962265,0.0356559513361678
3938.4615384615386,0.029052285412039216
4015.686274509804,0.02346955263565999
4095.9999999999995,0.018301084558359337
4179.591836734694,0.014317593183036225
4266.666666666666,0.009877607683872965
4357.446808510638,0.004058565412939731
4452.173913043478,0.0008064954782243579
4551.111111111111,0.0001120016911660637
4654.545454545454,2.637548983070702e-05
4762.790697674419,7.337621700988701e-06
4876.190476190475,3.0334210211362613e-06
4995.121951219512,1.5939294743363607e-06
5120.0,6.628907320906128e-07
5251.282051282051,3.1304307760288115e-07
5389.473684210527,1.3079336416609678e-07
5535.135135135135,4.949282828505785e-08
5688.888888888889,1.7165417277194023e-08
5851.428571428572,4.915451184738508e-09
6023.529411764706,1.409678295922821e-09
6206.060606060606,2.086188317481868e-10
6400.0,2.8811771617128914e-11
6606.451612903225,1.0915630672477833e-11
6826.666666666667,1.0046786006761369e-12
7062.068965517241,8.932273870914853e-15
7314.285714285714,5.918980094706323e-13
7585.185185185186,2.917374278683896e-13
7876.923076923077,8.236917728983345e-15
