"Wavelength, nm",Intensity
136.44237175216523,5.6630232685867685e-25
136.53333333333333,6.075848260704746e-25
136.62441627751835,6.909651798274404e-25
136.71562082777035,8.370495052499199e-25
136.80694722778892,9.043990590420774e-25
136.89839572192514,6.401111724030631e-25
136.98996655518394,7.744890314630226e-23
137.08165997322624,1.3130610289762121e-20
137.17347622237108,7.749589083764447e-19
137.26541554959786,2.1102897085781855e-17
137.35747820254863,3.2297492086467177e-16
137.4496644295302,3.21223452508877e-15
137.54197447951645,2.2961236002906245e-14
137.63440860215053,1.2667305256973025e-13
137.72696704774717,5.681992113561896e-13
137.81965006729476,2.154926265546499e-12
137.9124579124579,7.119761841661062e-12
138.0053908355795,2.0972616396714533e-11
138.09844908968307,5.6086123506420264e-11
138.19163292847506,1.3812064313824274e-10
138.28494260634707,3.1676216341321403e-10
138.37837837837836,6.825406712123485e-10
138.47194050033806,1.391651505194302e-09
138.5656292286874,2.700734022021029e-09
138.65944482058225,5.013652687832248e-09
138.75338753387533,8.943109473933403e-09
138.84745762711862,1.5392183198353363e-08
138.94165535956583,2.5664913368093715e-08
139.03598099117448,4.162060359524123e-08
139.1304347826087,6.589052092431964e-08
139.22501699524133,1.0217162519378338e-07
139.31972789115645,1.555968936803738e-07
139.4145677331518,2.3315384727686087e-07
139.50953678474113,3.440782581853782e-07
139.60463531015677,5.001045892773125e-07
139.69986357435198,7.154503447596755e-07
139.79522184300342,1.0064776384904418e-06
139.89071038251367,1.3911095414730062e-06
139.98632946001365,1.888296863017815e-06
140.08207934336525,2.518131765308696e-06
140.17796030116358,3.3034171226358635e-06
140.27397260273972,4.273448007834381e-06
140.37011651816314,5.470422345740727e-06
140.46639231824417,6.9580660980342625e-06
140.56280027453673,8.830700226269314e-06
140.65934065934067,1.1219717590393387e-05
140.75601374570448,1.4293621070488975e-05
140.85281980742778,1.824754601801718e-05
140.949759119064,2.327967459253221e-05
141.04683195592284,2.9555844805793423e-05
141.14403859407307,3.716867235530012e-05
141.24137931034483,4.610231344653052e-05
141.33885438233264,5.6218413647661875e-05
141.4364640883978,6.72805559605675e-05
141.53420870767104,7.902906552663394e-05
141.6320885200553,9.130598889575223e-05
141.73010380622836,0.00010421575254747085
141.8282548476454,0.00011828843080930376
141.92654192654192,0.00013459372069674823
142.0249653259362,0.00015475006894653419
142.1235253296322,0.00018078560925013064
142.22222222222223,0.0002148292854965996
142.32105628908963,0.00025865336856218204
142.42002781641168,0.00031314993512775277
142.51913709116212,0.0003778691670866001
142.6183844011142,0.0004507633293981907
142.7177700348432,0.000528279051834659
142.81729428172943,0.0006058963925664776
142.91695743196092,0.0006790964906057086
143.0167597765363,0.0007446048827056359
143.11670160726763,0.0008016652471440427
143.21678321678323,0.0008530133419352928
143.31700489853043,0.0009051754373072498
143.4173669467787,0.0009678387740971202
143.5178696566223,0.0010522697742190034
143.61851332398317,0.00116895217758699
143.71929824561403,0.0013248651865562131
143.8202247191011,0.001521099701164112
143.92129304286718,0.0017515350411600162
144.0225035161744,0.0020030608227216756
144.12385643912737,0.0022575824144858707
144.22535211267606,0.0024956853245177483
144.32699083861874,0.0027012066981935683
144.42877291960508,0.002865532210933307
144.530698659139,0.002990542069777344
144.6327683615819,0.0030893074847660146
144.73498233215545,0.003183838576237928
144.83734087694484,0.0033001038744385255
144.9398443029016,0.0034616395129578397
145.04249291784703,0.0036831851417627485
145.14528703047483,0.003965771916529139
145.24822695035462,0.004295157376896691
145.35131298793468,0.004644534236168034
145.45454545454544,0.004980417244748954
145.55792466240226,0.005270521274642749
145.66145092460883,0.0054923762709250465
145.76512455516016,0.005639366486577236
145.86894586894587,0.0057219556200362965
145.9729151817534,0.005765128610995896
146.07703281027102,0.0058017721199089475
146.18129907209135,0.005862417044525724
146.28571428571428,0.0059667559816738375
146.39027877055037,0.006118858650450025
146.49499284692416,0.006304771523399214
146.59985683607732,0.006497089602689563
146.7048710601719,0.006664902260232866
146.8100358422939,0.00678095345346522
146.91535150645623,0.006830061666857139
147.0208183776023,0.0068166967617618425
147.1264367816092,0.006759975865738014
147.23220704529115,0.0066881557705264685
147.33812949640287,0.006636680430861243
147.4442044636429,0.006632463219149666
147.55043227665706,0.0066858026267487694
147.6568132660418,0.00680023918608233
147.76334776334778,0.00696350675281693
147.87003610108303,0.007142836558789854
147.97687861271675,0.00731194966953914
148.08387563268258,0.007454545819486398
148.19102749638205,0.007549046224553443
148.29833454018825,0.007577701195568656
148.40579710144928,0.007537561937879066
148.51341551849166,0.007458532060889197
148.6211901306241,0.0073959603924823045
148.72912127814087,0.0073737430285046885
148.8372093023256,0.007414206555588882
148.94545454545454,0.0075853563204497845
149.0538573508006,0.007906655979207408
149.16241806263656,0.008344550941792293
149.27113702623907,0.008875554105822142
149.38001458789202,0.009386126389221077
149.4890510948905,0.009733872490566947
149.59824689554418,0.009869502785116476
149.70760233918128,0.009678929445325786
149.81711777615214,0.00912022101159545
149.9267935578331,0.008405367546687083
150.03663003663004,0.00763959209049524
150.1466275659824,0.006943863030738961
150.25678650036684,0.00668099145275667
150.36710719530103,0.006850533960101393
150.47759000734754,0.007331693228621743
150.58823529411762,0.008282974371721739
150.69904341427517,0.009241721456426679
150.8100147275405,0.00973894769489136
150.92114959469419,0.01011882791566701
151.03244837758112,0.010015833271763993
151.1439114391144,0.009168704239966642
151.25553914327915,0.008674886271354198
151.3673318551367,0.008479710464407344
151.47928994082838,0.008385475499336083
151.59141376757958,0.009817714898730267
151.7037037037037,0.011966614032287432
151.81616011860638,0.013726577442410988
151.92878338278933,0.016758820060374564
152.04157386785448,0.01930305320423019
152.15453194650817,0.019307109994158772
152.26765799256503,0.02014037023202883
152.38095238095235,0.020520031270073666
152.4944154877141,0.017532063319126955
152.6080476900149,0.01656161017221022
152.72184936614468,0.017082414417780824
152.8358208955224,0.014340813658703795
152.9499626587005,0.014624573919074808
153.0642750373692,0.017204634344128597
153.1787584143605,0.014563372724001896
153.29341317365268,0.014473322183691621
153.40823970037454,0.017213699761907977
153.5232383808096,0.01258418320160784
153.6384096024006,0.01025142012623596
153.75375375375376,0.012840263222784405
153.86927122464311,0.007986882404632818
153.98496240601503,0.00621264952791011
154.10082768999246,0.010618132770873066
154.2168674698795,0.006379150817137682
154.33308214016577,0.006287887498953768
154.4494720965309,0.012925877965710462
154.56603773584905,0.007305292131879196
154.68277945619334,0.007106959660110432
154.79969765684052,0.016099583462290932
154.91679273827532,0.008705814760614002
155.0340651021953,0.008356643506920065
155.15151515151516,0.02163574138312046
155.2691432903715,0.012450766219162858
155.38694992412746,0.009981873854687448
155.50493545937738,0.02851419102135364
155.62310030395136,0.018007798349113698
155.74144486692012,0.009776353962069616
155.8599695585997,0.03282539559780536
155.97867479055597,0.023821096104091763
156.09756097560975,0.00877001868811804
156.21662852784135,0.035457107139292815
156.33587786259542,0.031322944635930036
156.45530939648586,0.008443084366243357
156.5749235474006,0.03515471610761424
156.69472073450652,0.038797733121343214
156.8147013782542,0.00891849779722065
156.93486590038313,0.02996057864818749
157.05521472392638,0.04256206957962823
157.17574827321565,0.010900039202924853
157.29646697388634,0.023009917095917213
157.4173712528824,0.04282227320427261
157.53846153846155,0.014655902186079317
157.65973826020013,0.0162543692382303
157.78120184899845,0.038723852182569275
157.9028527370856,0.01827617398102173
158.02469135802468,0.011238227933436587
158.14671814671814,0.03111873819864686
158.26893353941267,0.020043638466398568
158.39133797370457,0.009342924742955158
158.5139318885449,0.02357362834701272
158.63671572424477,0.020152884000688317
158.7596899224806,0.01000118808095131
158.88285492629947,0.01775456832888697
159.0062111801242,0.01867313161020122
159.12975912975912,0.011817104124206229
159.25349922239502,0.014563837610668392
159.37743190661476,0.016731051209204133
159.50155763239874,0.013989455839942207
159.62587685113016,0.014234110189334737
159.7503900156006,0.015607936208854568
159.87509758001562,0.015915033107507994
160.0,0.01578233549340535
160.12509773260362,0.01570436580548392
160.2503912363067,0.017304709612965753
160.37588097102582,0.018151507148628683
160.5015673981191,0.01737430011097106
160.62745098039213,0.018713723873110422
160.7535321821036,0.020417482252048886
160.87981146897093,0.019980751095336678
161.0062893081761,0.020542344867818776
161.13296616837135,0.02222373240176597
161.25984251968504,0.02257691692246302
161.38691883372735,0.0227950168460927
161.51419558359618,0.023818615338958352
161.64167324388316,0.024584859191584048
161.7693522906793,0.024958593966049606
161.89723320158103,0.0253096802476593
162.0253164556962,0.025743631495335467
162.15360253365006,0.026197143500496796
162.28209191759112,0.026368429791552978
162.41078509119745,0.026386351714142296
162.53968253968253,0.02651858733769509
162.66878474980143,0.026508115097104365
162.79809220985692,0.026250373136252825
162.92760540970565,0.026003278302220576
163.05732484076432,0.02578037781483213
163.18725099601593,0.02541997750400956
163.31738437001593,0.024948967913531198
163.44772545889865,0.024494522722138295
163.57827476038338,0.024060025521919035
163.709032773781,0.023575577065038104
163.84,0.023066041015813766
163.97117694155327,0.022603922415251453
164.1025641025641,0.02217970333098568
164.23416198877305,0.02174425576660067
164.3659711075441,0.021322890926898295
164.49799196787149,0.02097564673250324
164.63022508038586,0.020680724956901618
164.76267095736122,0.020401856929090023
164.89533011272144,0.0201752301653507
165.02820306204674,0.020015323990085283
165.16129032258064,0.019902180131550214
165.29459241323647,0.019849606658557055
165.4281098546042,0.019864317629989664
165.56184316895713,0.019945904740167313
165.6957928802589,0.020105284929180976
165.82995951417004,0.020315367053519714
165.9643435980551,0.02056121790705535
166.09894566098947,0.02088069859984192
166.23376623376623,0.021264192043657888
166.36880584890332,0.02165667852656933
166.5040650406504,0.022056577843635874
166.63954434499593,0.022477849120218697
166.77524429967426,0.022887520727514644
166.9111654441728,0.023257186361661186
167.047308319739,0.023585055674943026
167.18367346938777,0.023851046626012364
167.3202614379085,0.024037414871885147
167.45707277187245,0.0241628227675569
167.59410801963992,0.024227687300937217
167.7313677313677,0.024209096839117365
167.86885245901638,0.024129995013167562
168.00656275635768,0.02401468386160595
168.14449917898193,0.02384283512522842
168.28266228430567,0.02363540178121038
168.42105263157896,0.023437241081559083
168.559670781893,0.023231189267568283
168.6985172981878,0.02301701906945412
168.83759274525966,0.022847292774622472
168.97689768976898,0.02272855333733896
169.11643270024774,0.022632374872170076
169.25619834710741,0.022554870566420075
169.39619520264682,0.02250018822619514
169.53642384105962,0.022470139547344864
169.67688483844242,0.02245503303813554
169.81757877280262,0.022438728959636833
169.95850622406635,0.022412293458407798
170.09966777408638,0.02235093971221931
170.24106400665005,0.022250157927109132
170.3826955074875,0.022132656479100836
170.52456286427974,0.02197556562213587
170.66666666666666,0.02176372473589451
170.8090075062552,0.021508551372929938
170.9515859766277,0.021178760088136052
171.09440267335003,0.020779350869887227
171.23745819397996,0.020333792942811055
171.3807531380753,0.019806314680393997
171.52428810720266,0.01921185926647018
171.66806370494552,0.018562131075233433
171.81208053691276,0.01780336013346476
171.95633921074725,0.016973626269929896
172.10084033613444,0.016114800491567324
172.24558452481077,0.015182618854745693
172.3905723905724,0.014199820146387565
172.5358045492839,0.013201717455138828
172.681281618887,0.012184221760600045
172.82700421940928,0.011180962159192636
172.97297297297297,0.010185745489405651
173.11918850380385,0.009190056378456227
173.26565143824024,0.008253643820906228
173.41236240474177,0.00737498071362043
173.55932203389833,0.006524623458075531
173.70653095843934,0.005736316939819815
173.85398981324278,0.005019386358010152
174.0016992353441,0.004358810290926186
174.14965986394557,0.003759711909667229
174.2978723404255,0.0032182879418134946
174.44633730834755,0.002735508831769547
174.59505541346974,0.0023152333254823237
174.74402730375425,0.001946308270167014
174.8932536293766,0.00162520560067716
175.04273504273505,0.0013511972082248644
175.1924721984602,0.0011178234686302032
175.34246575342465,0.0009221880475120493
175.49271636675235,0.00075974944450594
175.6432246998285,0.0006259164695414489
175.79399141630904,0.0005159078184198762
175.94501718213058,0.00042342465545651593
176.0963026655202,0.00034821027626033633
176.24784853700515,0.0002881551366336542
176.3996554694229,0.0002379582955952472
176.55172413793102,0.00019782152725982645
176.70405522001724,0.00016524331195096693
176.85664939550952,0.00013583328183113574
177.00950734658602,0.00011163316355272951
177.16262975778545,9.29864422812175e-05
177.3160173160173,7.628510912518062e-05
177.46967071057193,6.120461244659397e-05
177.62359063313096,4.8918507064752737e-05
177.77777777777777,3.8842505229317447e-05
177.93223284100782,3.0530139185394615e-05
178.08695652173913,2.387586104580555e-05
178.24194952132288,1.8204600980460716e-05
178.397212543554,1.3624627685926541e-05
178.55274629468178,1.0540972525608582e-05
178.70855148342056,8.050972045684867e-06
178.86462882096066,5.766007587613305e-06
179.02097902097898,4.23345412595924e-06
179.17760279965006,3.177526431522515e-06
179.33450087565674,2.367155880763848e-06
179.4916739702016,1.8878672375417674e-06
179.64912280701753,1.3999037300660825e-06
179.80684811237927,9.345442801386941e-07
179.96485061511424,6.665644633636582e-07
180.12313104661388,4.6709960921503986e-07
180.28169014084506,3.66109476866653e-07
180.44052863436124,2.903338708754333e-07
180.59964726631395,1.514658634436801e-07
180.75904677846424,1.0292107060001333e-07
180.91872791519435,1.0276633769912429e-07
181.07869142351902,4.3908513981917015e-08
181.23893805309734,1.328623443154807e-08
181.39946855624444,1.4531490208359385e-08
181.56028368794324,5.5107103411272025e-09
181.72138420585628,7.537434723064192e-09
181.88277087033748,2.199478287941605e-09
182.04444444444445,6.615421793058649e-09
182.20640569395016,3.2942720187424737e-08
182.3686553873553,3.455313535977119e-08
182.53119429590015,2.610397184410063e-08
182.69402319357712,2.845487007173297e-08
182.85714285714286,2.20363317448078e-08
183.0205540661305,1.7597981670638575e-08
183.18425760286226,1.994684260536172e-08
183.34825425246197,1.1760772928808357e-08
183.51254480286738,1.555335227854128e-09
183.67713004484304,3.3005942914410197e-09
183.84201077199282,1.1647124862889144e-08
184.00718778077265,1.4614391419426282e-08
184.1726618705036,6.683974801620022e-09
184.33843384338437,9.838506809421273e-10
184.5045045045045,5.6127909946263815e-09
184.67087466185754,6.573244641778772e-09
184.83754512635377,2.9062169781027745e-09
185.0045167118338,2.9816749205252193e-09
185.17179023508135,3.701598051542606e-09
185.33936651583707,3.1483825010859577e-09
185.5072463768116,2.6337344540199844e-09
185.675430643699,2.8918390543873167e-09
185.84392014519057,3.5169182017333484e-09
186.01271571298818,2.016301995826044e-09
186.1818181818182,1.5254306725753152e-09
186.3512283894449,6.122645257677535e-09
186.52094717668484,7.270545804596003e-09
186.69097538742025,2.582503300377009e-09
186.86131386861314,1.5808914495581194e-09
187.03196347031962,3.563602090336371e-09
187.20292504570384,2.6026523954934243e-09
187.37419945105214,1.4518212409022371e-09
187.54578754578753,9.932880323418404e-10
187.71769019248396,1.8277147869433047e-09
187.88990825688072,5.232472670517269e-09
188.06244260789717,7.110238613814879e-09
188.23529411764707,5.540660373447021e-09
188.40846366145354,1.1061829959122311e-09
188.5819521178637,4.220288639227331e-09
188.75576036866357,1.3355090292600385e-08
188.92988929889296,1.1509159886702505e-08
189.10433979686056,3.916791101924107e-09
189.27911275415894,2.0699886889195623e-09
189.45420906567992,3.4473851212429785e-09
189.62962962962962,1.6609957219111778e-09
189.80537534754404,1.6407872298043552e-09
189.98144712430428,7.2878607101359006e-09
190.15784586815226,5.5797691482175046e-09
190.3345724907063,4.4131997896237404e-10
190.51162790697674,3.6629173678919803e-10
190.68901303538178,1.2973342855956193e-09
190.8667287977633,3.235034980076892e-09
191.044776119403,2.8470168975903093e-09
191.22315592903828,1.182047472098743e-09
191.4018691588785,8.754975593475674e-10
191.5809167446211,1.1145002071177685e-09
191.76029962546815,8.674757680683348e-10
191.94001874414244,1.1516010372557952e-10
192.12007504690433,9.000630914804546e-10
192.3004694835681,4.271575609482978e-09
192.48120300751881,5.338395155095981e-09
192.66227657572907,5.41049892629975e-09
192.8436911487759,2.4024767469298496e-09
193.02544769085767,5.350395222160753e-10
193.2075471698113,4.187372836658159e-09
193.38999055712932,1.3035471113224472e-09
193.57277882797732,7.722828617239535e-10
193.75591296121098,1.9422910716015134e-09
193.93939393939394,2.857389449031769e-10
194.12322274881518,3.2320452209390783e-09
194.30740037950665,8.09767143355614e-09
194.49192782526114,5.412607295184072e-09
194.67680608365018,1.8406220372869365e-09
194.86203615604185,7.513085342202541e-10
195.04761904761907,1.1630217638259425e-09
195.23355576739752,4.154399706659671e-09
195.4198473282443,9.099362575726971e-10
195.6064947468959,1.232046854339121e-09
195.79349904397705,4.136347033145378e-09
195.9808612440191,2.198482663248336e-09
196.1685823754789,4.450106764830756e-10
196.35666347075744,1.3077990570965873e-09
196.5451055662188,1.76966873761758e-09
196.73390970220942,2.0427443247926026e-10
196.92307692307693,2.585216400957284e-10
197.1126082771896,9.961726209429247e-10
197.30250481695566,6.863551352729243e-09
197.4927675988428,7.957238697962867e-09
197.68339768339766,1.2146180165348754e-09
197.8743961352657,1.2895258140178327e-09
198.06576402321085,2.697209786989871e-09
198.25750242013552,8.965665418432425e-10
198.44961240310076,1.065458981042054e-09
198.64209505334625,3.511531273209082e-09
198.83495145631065,2.3548222903127942e-09
199.02818270165207,7.848603349531166e-10
199.22178988326846,2.2355145075545066e-09
199.4157740993184,4.96802137450404e-09
199.61013645224173,4.2340575329949775e-09
199.8048780487805,1.2200703127592496e-09
200.0,6.016082731444969e-10
200.19550342130987,7.716303283157349e-10
200.3913894324853,7.798967178816026e-10
200.58765915768853,2.6209837871741363e-10
200.78431372549022,2.862225254038711e-09
200.9813542688911,2.978172693151433e-09
201.17878192534383,3.077662648716635e-09
201.37659783677483,6.684744213126083e-09
201.5748031496063,8.273446881873245e-10
201.77339901477833,4.220786647885692e-09
201.9723865877712,4.313741008170169e-09
202.1717670286278,5.182527550269211e-10
202.3715415019763,5.9759448326319e-09
202.57171117705244,2.8833965344519037e-09
202.77227722772278,8.155582324463237e-10
202.97324083250743,2.6171509183248184e-09
203.17460317460316,5.625175281542078e-09
203.37636544190661,1.7929775006910831e-09
203.57852882703776,1.2617274898718632e-09
203.78109452736314,1.7491338885009083e-09
203.98406374501994,1.052867597812467e-09
204.1874376869392,7.152516889748979e-10
204.39121756487026,4.001762055434037e-09
204.5954045954046,2.5612505588369667e-09
204.79999999999998,1.5397048720318326e-09
205.005005005005,1.8662824875069823e-09
205.21042084168334,1.4025111853630793e-09
205.41624874623875,3.2944522483725426e-09
205.62248995983938,4.723034362499405e-09
205.8291457286432,1.519923845225398e-09
206.03621730382292,1.2153357984446053e-09
206.24370594159112,7.563132827901471e-09
206.4516129032258,2.586625517401706e-09
206.65993945509584,1.2213779544374792e-09
206.86868686868684,3.0204155264892353e-09
207.07785642062692,1.2893620347610176e-09
207.28744939271257,5.439041705351192e-09
207.49746707193518,5.526001210348758e-10
207.7079107505071,1.5574442361767948e-09
207.9187817258883,7.308751307048943e-10
208.130081300813,7.599815490946689e-10
208.34181078331636,1.9059992854717145e-09
208.55397148676167,1.6388951942477437e-09
208.7665647298675,1.2027651815582259e-09
208.9795918367347,3.4180542676230808e-09
209.19305413687437,1.3616679364762176e-08
209.40695296523518,1.6618707313127825e-08
209.6212896622313,5.261308366621797e-09
209.83606557377047,6.799319175923134e-09
210.05128205128204,8.948455743813131e-09
210.26694045174537,6.871070044718566e-09
210.48304213771837,9.540890379789027e-09
210.69958847736626,1.7061015096471578e-08
210.91658084449023,1.0449531005136436e-08
211.1340206185567,5.778829377109054e-09
211.3519091847265,8.366580028492517e-09
211.5702479338843,1.4118715597328548e-08
211.78903826266804,1.5506597060722603e-08
212.00828157349895,2.94612088500009e-08
212.22797927461139,4.039921258489508e-08
212.448132780083,3.0154390411203214e-08
212.668743509865,2.415686975474645e-08
212.88981288981287,4.3335459915438555e-08
213.11134235171693,5.8868461377420067e-08
213.33333333333334,4.5233126971922283e-08
213.555787278415,4.8438533627508214e-08
213.7787056367432,9.432736938190336e-08
214.00208986415882,1.409669591554439e-07
214.22594142259413,1.5364750401748528e-07
214.4502617801047,1.7002937203267424e-07
214.67505241090146,2.100227548674548e-07
214.900314795383,2.656547380292884e-07
215.12605042016807,3.375141622610761e-07
215.35226077812828,4.096750540554319e-07
215.57894736842104,4.936191936695713e-07
215.80611169652263,6.357264653819368e-07
216.03375527426158,8.004451417751481e-07
216.26187961985215,9.187048584884379e-07
216.49048625792813,1.1003772153588573e-06
216.7195767195767,1.4607202070266826e-06
216.9491525423729,1.8283198364962883e-06
217.17921527041358,2.0972042840047746e-06
217.40976645435242,2.5530108241239157e-06
217.64080765143464,3.2888741781434434e-06
217.87234042553192,3.98765784213015e-06
218.10436634717786,4.705635128946349e-06
218.33688699360337,5.826537850535363e-06
218.5699039487727,7.312702798516317e-06
218.80341880341882,9.15448263711535e-06
219.0374331550802,1.170052573516812e-05
219.27194860813702,1.478590947638605e-05
219.5069667738478,1.7853873342936923e-05
219.74248927038627,2.1502413035496825e-05
219.97851772287862,2.6859285337011656e-05
220.21505376344086,3.34889078566006e-05
220.45209903121636,4.0491228855307584e-05
220.68965517241378,4.9050740440328645e-05
220.92772384034518,6.062052303957023e-05
221.16630669546436,7.49673671856842e-05
221.4054054054054,9.234003105619257e-05
221.64502164502164,0.00011371558102870504
221.88515709642468,0.00013923607490160257
222.12581344902384,0.0001699771618860792
222.36699239956567,0.0002081482814088644
222.6086956521739,0.00025472359765053745
222.85092491838955,0.0003105354215303616
223.09368191721134,0.00037840362437855323
223.3369683751363,0.00046168075356413103
223.58078602620085,0.0005617403798927905
223.82513661202185,0.0006810530495497989
224.07002188183807,0.0008271049381580582
224.31544359255204,0.0010055838823493752
224.56140350877192,0.001218226103548321
224.80790340285398,0.001473354037600688
225.05494505494505,0.001781559344645428
225.30253025302528,0.0021484774062268245
225.55066079295153,0.0025862294179342465
225.79933847850054,0.0031129831861718593
226.0485651214128,0.0037444183191035064
226.29834254143645,0.004499325173711367
226.54867256637166,0.005404340437078351
226.79955703211516,0.006498121497225624
227.0509977827051,0.007818716233953913
227.30299667036624,0.009383636267397737
227.55555555555554,0.011212217643118352
227.80867630700777,0.013334127622357137
228.06236080178175,0.015775875870749627
228.31661092530658,0.01859711401678347
228.57142857142856,0.02189995060129213
228.82681564245812,0.025825042750297286
229.082774049217,0.030594494646664593
229.33930571108624,0.03647737581521836
229.59641255605382,0.04372524489945131
229.8540965207632,0.052525447189305186
230.1123595505618,0.06288807503727242
230.37120359955006,0.07463705594016999
230.6306306306306,0.0874220037159345
230.89064261555805,0.10066791009492791
231.1512415349887,0.11396009226962094
231.41242937853107,0.12760212716113004
231.67420814479635,0.14287944417797452
231.9365798414496,0.16231945418086388
232.19954648526078,0.1896524748316492
232.46311010215663,0.2292135506730174
232.7272727272727,0.2847649371769746
232.9920364050057,0.3574204331322808
233.25740318906605,0.44368171325791456
233.52337514253134,0.5347060982934283
233.78995433789953,0.6163678670675141
234.05714285714288,0.6718307799535714
234.32494279176203,0.6875430030800589
234.59335624284074,0.6605406173768429
234.8623853211009,0.6068585912010063
235.13203214695753,0.5674456527602766
235.4022988505747,0.6073796641648044
235.67318757192174,0.8068059261592703
235.9447004608295,1.241403177287598
236.2168396770473,1.953873742326588
236.48960739030022,2.9236497367602934
236.76300578034682,4.043663960249596
237.03703703703707,5.114657822449362
237.3117033603708,5.873247881309033
237.58700696055683,6.05155282698395
237.862950058072,5.466391028828872
238.13953488372093,4.127386265207167
238.41676367869616,2.324293975359957
238.69463869463866,0.6684594622225588
238.97316219369893,0.05008571880377612
239.25233644859816,1.4958782398393171
239.53216374269007,5.933801493718971
239.81264637002343,13.904861429425829
240.0937866354044,25.294450115776883
240.37558685446012,39.1568378624793
240.65804935370153,53.74285837469677
240.94117647058823,66.74951774131
241.2249705535924,75.80906665294204
241.50943396226415,79.12223981950523
241.79456906729635,76.0760309745407
242.080378250591,67.71676135427786
242.3668639053254,56.81869466284563
242.65402843601896,47.51591975245988
242.94187425860022,44.45981474723884
243.23040380047507,51.65120671801754
243.51961950059456,71.26515097373964
243.80952380952382,102.71408349798524
244.1001191895113,142.35987715552707
244.39140811455846,183.94592461424878
244.68339307048984,219.83471247172
244.97607655502392,242.74799043322705
245.2694610778443,247.54103218661697
245.56354916067144,232.63648897716482
245.85834333733493,200.4851321088181
246.15384615384616,157.0793887583822
246.4500601684717,110.45852274604326
246.7469879518072,68.59971463601158
247.04463208685164,37.42655585741367
247.34299516908212,19.381109612863145
247.6420798065296,13.152890518556806
247.9418886198547,14.518963853683028
248.24242424242422,18.09657349185604
248.54368932038832,19.36239907991548
248.8456865127582,16.21794104796092
249.14841849148416,9.616408733145672
249.45188794153472,2.9356723593491263
249.75609756097558,0.42799085035284273
250.06105006105005,5.293693246131185
250.36674816625916,18.144127807293142
250.6731946144431,36.442971263016666
250.98039215686276,55.268878372245865
251.2883435582822,69.01265170844484
251.5970515970516,73.41295055260063
251.90651906519062,67.16046763628344
252.21674876847288,52.34029749611808
252.52774352651045,33.70822324829311
252.8395061728395,16.84550339405969
253.15203955500616,6.09021019984584
253.46534653465346,3.0647126629789208
253.7794299876084,6.288011700690275
254.09429280397023,12.127187547406002
254.40993788819875,16.577350098471314
254.726368159204,16.996094726857816
255.04358655043586,13.089460817995654
255.36159600997507,6.906235436764256
255.6803995006242,1.6524280767536546
255.99999999999997,0.058256824470229215
256.3204005006258,3.025422007381526
256.64160401002505,9.204303674376941
256.9636135508155,15.786358608897288
257.286432160804,19.940451706259093
257.61006289308176,20.236187399517405
257.9345088161209,17.269292784015747
258.2597730138714,13.327313216320453
258.5858585858586,11.09286668092811
258.91276864728195,12.213798869110814
259.24050632911394,16.64327209807481
259.5690747782003,22.770399772277344
259.8984771573604,28.173761029121145
260.22871664548916,30.66741041460466
260.55979643765903,29.29100177155758
260.89171974522293,24.74280586553518
261.2244897959184,19.051278392131525
261.5581098339719,14.472747394524216
261.89258312020456,12.295068984650014
262.2279129321382,12.385939947539267
262.56410256410254,13.399978889253266
262.9011553273428,13.599073664174409
263.2390745501285,12.272829633459411
263.5778635778636,10.104556657147013
263.91752577319585,7.929583304446758
264.258064516129,6.196039417848471
264.59948320413434,5.385729186532218
264.9417852522639,5.82306316209309
265.2849740932642,7.161404188069902
265.6290531776913,8.630756641815356
265.974025974026,9.66894521351938
266.3198959687906,10.201756833985183
266.66666666666663,10.589934260302691
267.01434159061273,11.416130666732029
267.3629242819843,13.166884312649328
267.7124183006536,15.846251295983627
268.0628272251309,18.538890847020493
268.41415465268676,19.919308498487922
268.76640419947506,19.914646597592593
269.119579500657,19.67979470482758
269.47368421052636,19.744769391001945
269.82872200263506,19.71148365568663
270.1846965699208,19.399671161161375
270.5416116248349,18.953064633147154
270.8994708994709,18.310630015035265
271.25827814569533,17.40201144931801
271.6180371352785,16.30398700466257
271.97875166002655,15.05972659238481
272.3404255319149,13.737910682726714
272.70306258322233,12.504199414835258
273.06666666666666,11.554316517955847
273.4312416555407,11.034558812296938
273.7967914438503,10.841139841182265
274.1633199464525,10.665273518490995
274.5308310991957,10.445625405771759
274.8993288590604,10.405329570609348
275.26881720430106,10.647384031818083
275.6393001345895,11.117381549740013
276.010781671159,11.760034378272255
276.3832658569501,12.476698886666522
276.7567567567567,13.155759140940525
277.1312584573748,13.77549616330515
277.50677506775065,14.35656845798765
277.88331071913166,14.918530215018471
278.2608695652174,15.50180207014017
278.6394557823129,16.128895402730762
279.01907356948226,16.77749410703757
279.39972714870396,17.423456585832458
279.78142076502735,18.048797307821918
280.1641586867305,18.61357457935148
280.54794520547944,19.067315625174828
280.93278463648835,19.370559857405215
281.31868131868134,19.487670820316367
281.70563961485556,19.3877750372663
282.0936639118457,19.07734265474447
282.48275862068965,18.605973683485495
282.8729281767956,18.033259008491154
283.2641770401106,17.433370099331796
283.6565096952908,16.893863147877198
284.0499306518724,16.46721361890929
284.44444444444446,16.174768925023898
284.84005563282335,16.021678261945162
285.2367688022284,15.965205882961584
285.63458856345886,15.935553848416014
286.0335195530726,15.865752695882916
286.43356643356645,15.675002699651818
286.8347338935574,15.291701952069623
287.23702664796633,14.679199456047309
287.6404494382022,13.822645168395152
288.0450070323488,12.735763543061017
288.4507042253521,11.463518031041605
288.85754583921016,10.066547277710228
289.2655367231638,8.617238667411538
289.6746817538897,7.188459848784909
290.08498583569406,5.843272929781669
290.49645390070924,4.634921941915755
290.9090909090909,3.597269958513344
291.32290184921766,2.7437069837625416
291.73789173789174,2.074948542624942
292.15406562054204,1.5763812601968217
292.57142857142856,1.2219549026032963
292.9899856938483,0.983519705291865
293.4097421203438,0.8309168788858039
293.83070301291247,0.7348591878945531
294.2528735632184,0.6722784785262286
294.67625899280574,0.6253675423200552
295.1008645533141,0.58136148090501
295.52669552669556,0.5335006343473185
295.9537572254335,0.47927079281501767
296.3820549927641,0.4190739175763853
296.81159420289856,0.3553759759271431
297.2423802612482,0.2913576640665523
297.6744186046512,0.2302810012052627
298.1077147016012,0.17494487291681557
298.54227405247815,0.12719750912799413
298.978102189781,0.08799792439831608
299.41520467836256,0.0574407064152528
299.8535871156662,0.03490374683870455
300.2932551319648,0.019367294608374462
300.73421439060206,0.009540170149786763
301.17647058823525,0.004059195798296112
301.620029455081,0.0016781415460406471
302.06489675516224,0.0012880616840180658
302.5110782865583,0.002010121247422997
302.95857988165676,0.0032128668544280634
303.4074074074074,0.0044403790975554094
303.85756676557867,0.005443603043211708
304.30906389301634,0.006118505380174703
304.7619047619047,0.006412413159222491
305.2160953800298,0.0063695675477497245
305.6716417910448,0.006084965795745502
306.1285500747384,0.005615730069960817
306.58682634730536,0.005032211005087225
307.0464767616192,0.004418363530782492
307.5075075075075,0.0038119073553207826
307.96992481203006,0.003237214868610615
308.433734939759,0.002725170380943001
308.8989441930618,0.002281873119217551
309.3655589123867,0.0019001068308990277
309.83358547655064,0.0015783918976551797
310.3030303030303,0.001314406054715806
310.7738998482549,0.0011009077838284346
311.2462006079027,0.0009251421147040472
311.7199391171994,0.000777226859401018
312.1951219512195,0.0006555771258370492
312.67175572519085,0.0005555282020796103
313.1498470948012,0.0004701177173176883
313.6294027565084,0.0003979900828503856
314.11042944785277,0.00033631709141137406
314.5929339477727,0.0002814923214871262
315.0769230769231,0.00023552561548526737
315.5624036979969,0.0001979148874418109
316.04938271604937,0.0001643506040530659
316.53786707882534,0.00013510862100856984
317.0278637770898,0.00011146594810855482
317.5193798449612,9.151408574675397e-05
318.0124223602484,7.445975739258775e-05
318.50699844479004,6.0428841179393154e-05
319.0031152647975,4.8594827123773006e-05
319.5007800312012,3.8953349943494366e-05
320.0,3.1446225075519186e-05
320.5007824726134,2.5094385086001e-05
321.0031347962382,1.9790308881487e-05
321.5070643642072,1.5704476125181518e-05
322.0125786163522,1.2320720787622004e-05
322.5196850393701,9.606712393193731e-06
323.02839116719235,7.693595396890693e-06
323.5387045813586,6.079851620792278e-06
324.0506329113924,4.6198526559152914e-06
324.56418383518223,3.604897752645878e-06
325.07936507936506,2.8793376686208573e-06
325.59618441971384,2.1973492420897586e-06
326.11464968152865,1.6466025815847435e-06
326.63476874003186,1.2756715286105936e-06
327.15654952076676,1.0010009588562039e-06
327.68,7.733175116866432e-07
328.2051282051282,5.78902843147933e-07
328.7319422150882,4.50453078633538e-07
329.2604501607717,3.854890908268044e-07
329.7906602254429,2.9966801997354886e-07
330.3225806451613,1.8269044949101387e-07
330.8562197092084,1.1221148307003907e-07
331.3915857605178,8.752194891881981e-08
331.9286871961102,7.153740370288875e-08
332.46753246753246,5.5416546794502234e-08
333.0081300813008,3.9958926128878164e-08
333.5504885993485,2.646975737099706e-08
334.094616639478,2.2721702652469712e-08
334.640522875817,2.4390449760812768e-08
335.18821603927984,1.3668947102953615e-08
335.73770491803276,5.098023837330777e-09
336.28899835796386,3.993216053939465e-09
336.8421052631579,3.5873163989915106e-09
337.3970345963756,2.5241360924697273e-09
337.95379537953795,2.077352908146182e-09
338.51239669421483,3.7581487506626e-09
339.07284768211923,3.742127491054971e-09
339.63515754560524,1.8410817743772347e-09
340.19933554817277,5.478139010295029e-10
340.765391014975,6.950509159289987e-11
341.3333333333333,3.785471340461812e-11
341.9031719532554,4.876980133033235e-10
342.4749163879599,1.1063129650386838e-10
343.04857621440533,1.3581303931750263e-09
343.6241610738255,2.067516172969074e-09
344.2016806722689,9.3282391643141e-11
344.7811447811448,2.3466932556005005e-10
345.362563237774,1.2531664458988296e-10
345.94594594594594,8.15848860357353e-10
346.5313028764805,3.026131737808379e-10
347.11864406779665,1.4322423534331278e-10
347.70797962648555,5.79383897282679e-10
348.29931972789115,5.840643775624324e-10
348.8926746166951,1.1921491838741087e-10
349.4880546075085,2.8467056441684226e-10
350.0854700854701,1.4612118369859632e-10
350.6849315068493,1.4498775870663594e-10
351.286449399657,2.0488225753944855e-10
351.89003436426117,4.17045044936159e-10
352.4956970740103,9.197617595213901e-10
353.10344827586204,1.2073476052099214e-09
353.71329879101904,5.400711478923077e-10
354.3252595155709,1.8926023662354176e-10
354.93934142114387,4.2038763844913e-10
355.55555555555554,9.201789619491208e-11
356.17391304347825,7.078724273543105e-11
356.794425087108,3.307712693694293e-10
357.4171029668411,7.398028225570526e-10
358.04195804195797,1.1595924564473285e-09
358.6690017513135,2.363717743235234e-09
359.29824561403507,2.2189457508228135e-09
359.9297012302285,6.299359803137043e-10
360.5633802816901,3.9536671510927785e-10
361.1992945326279,3.7936888882392905e-10
361.8374558303887,8.178724566319953e-11
362.4778761061947,4.4595442608063047e-10
363.1205673758865,3.9218165307650146e-10
363.76554174067496,3.1184687819366204e-10
364.4128113879003,4.1305677178005623e-10
365.0623885918003,1.0298620658104745e-09
365.7142857142857,1.5316121583646437e-10
366.3685152057245,5.872897490093397e-10
367.02508960573476,7.504840446461014e-10
367.68402154398564,1.2367021188764402e-10
368.3453237410072,1.0160243139558034e-09
369.009009009009,3.557188148080684e-10
369.67509025270755,4.3572632050240143e-10
370.3435804701627,2.1396360573164222e-10
371.0144927536232,1.0127643118442708e-09
371.68784029038113,2.111027310387567e-11
372.3636363636364,2.796072822298427e-10
373.0418943533697,1.843163381014814e-11
373.7226277372263,2.3221141804925374e-10
374.4058500914077,9.312442652112083e-10
375.09157509157507,2.5392912522741087e-09
375.77981651376143,1.4774103110953694e-09
376.47058823529414,3.067716126315894e-10
377.1639042357274,8.595420489210504e-10
377.8597785977859,1.892948430546867e-09
378.5582255083179,2.324044857211507e-09
379.25925925925924,1.981764457406675e-09
379.96289424860856,3.910468436552325e-10
380.6691449814126,1.8314823031001325e-11
381.37802607076355,1.0156091233188879e-09
382.089552238806,8.793955157440932e-10
382.803738317757,2.9279653548241544e-10
383.5205992509363,1.9368721084837873e-09
384.24015009380867,3.1164089702790144e-09
384.96240601503763,8.076464624099966e-10
385.6873822975518,2.8093068084752435e-10
386.4150943396226,6.911496950098217e-10
387.14555765595463,9.795789380531548e-10
387.8787878787879,1.8577171418548824e-09
388.6148007590133,1.7747613452151636e-09
389.35361216730035,1.5362753424859748e-09
390.09523809523813,1.3821270998835952e-09
390.8396946564886,1.5191515902625896e-09
391.5869980879541,1.6477598729682697e-09
392.3371647509578,1.7224126133463673e-09
393.0902111324376,1.7492222566684062e-09
393.84615384615387,3.0396805022070545e-09
394.6050096339113,6.689261653997612e-09
395.3667953667953,6.068438466325794e-09
396.1315280464217,4.50642606839686e-09
396.8992248062015,5.319296148076159e-09
397.6699029126213,3.57495373840585e-09
398.4435797665369,1.6904731195232835e-09
399.22027290448347,1.7654798550955696e-09
400.0,2.4989413688348803e-09
400.7827788649706,2.384712273285288e-09
401.56862745098044,3.5867516243978753e-09
402.35756385068765,5.047621389201719e-09
403.1496062992126,4.990298118447313e-09
403.9447731755424,5.358948481034431e-09
404.7430830039526,3.735638140130282e-09
405.54455445544556,2.2974382523264407e-09
406.3492063492063,5.712429446880483e-09
407.1570576540755,9.328080726811417e-09
407.9681274900399,4.79885854871992e-09
408.7824351297405,3.6355233189628576e-09
409.59999999999997,8.811997377736582e-09
410.4208416833667,9.24561815646329e-09
411.24497991967877,3.6872328214039427e-09
412.07243460764585,2.7974903852279705e-09
412.9032258064516,3.822133437567409e-09
413.7373737373737,5.654248788784745e-09
414.57489878542515,7.694901010170747e-09
415.4158215010142,6.186208521327629e-09
416.260162601626,4.775058174770167e-09
417.10794297352334,5.596771926640761e-09
417.9591836734694,4.0475937044391545e-09
418.81390593047036,1.6672310175068316e-09
419.67213114754094,3.5686402988538675e-09
420.53388090349074,6.100777849069239e-09
421.3991769547325,4.440331173221471e-09
422.2680412371134,3.0978451750543405e-09
423.1404958677686,3.124798395606223e-09
424.0165631469979,4.6767405570025946e-09
424.896265560166,5.88439051355894e-09
425.77962577962575,5.6985139672333055e-09
426.6666666666667,5.608096128651833e-09
427.5574112734864,8.125486472029787e-09
428.45188284518827,5.778331268352058e-09
429.3501048218029,4.175896829794719e-09
430.25210084033614,7.394645197106418e-09
431.1578947368421,8.878198588360626e-09
432.06751054852316,9.56436967870657e-09
432.98097251585625,1.1569253831449667e-08
433.8983050847458,7.748712469411175e-09
434.81953290870484,9.240129356341412e-09
435.74468085106383,1.0675409113697501e-08
436.67377398720674,6.5480959485391834e-09
437.60683760683764,7.315345955951977e-09
438.54389721627405,1.2345708165711927e-08
439.48497854077254,8.981689110448558e-09
440.4301075268817,6.932257140026675e-09
441.37931034482756,7.529029333391374e-09
442.3326133909287,8.942026239461492e-09
443.2900432900433,1.1135586455402015e-08
444.2516268980477,7.811687977143672e-09
445.2173913043478,1.0509973607525219e-08
446.1873638344227,2.0424850749932542e-08
447.1615720524017,1.0481110200156274e-08
448.14004376367615,4.165898333488963e-09
449.12280701754383,1.2043224408864227e-08
450.1098901098901,8.598375775263418e-09
451.10132158590307,4.939139155666962e-09
452.0971302428256,1.0987026625580909e-08
453.0973451327433,4.5102122826501185e-09
454.1019955654102,3.377663408055652e-09
455.1111111111111,1.643039294871171e-08
456.1247216035635,4.999952081488394e-09
457.1428571428571,4.200766997203901e-09
458.165548098434,1.2819554548709004e-08
459.19282511210764,2.60246788585698e-09
460.2247191011236,4.497753185875396e-09
461.2612612612612,2.1389802660851643e-08
462.3024830699774,2.6191271310463897e-09
463.3484162895927,7.154502880370127e-09
464.39909297052156,9.726518562867322e-09
465.4545454545454,1.3146279514937319e-09
466.5148063781321,1.4452095232619632e-08
467.57990867579906,5.072722602975529e-09
468.64988558352405,3.3939584420936974e-10
469.7247706422018,3.301019861874714e-08
470.8045977011494,2.0842313842275918e-09
471.889400921659,8.675409124399334e-10
472.97921478060044,5.097942581296968e-08
474.07407407407413,1.306010196941439e-09
475.17401392111367,1.7827855579159955e-08
476.27906976744185,5.211669879610459e-08
477.3892773892773,8.682242315482995e-09
478.5046728971963,6.15055453145813e-08
479.62529274004686,5.903635404623228e-08
480.75117370892025,1.8712102487282012e-08
481.88235294117646,1.420026102837015e-07
483.0188679245283,3.7877925583313325e-08
484.160756501182,2.673285983038398e-08
485.3080568720379,3.163082273001807e-07
486.46080760095015,1.2714133476586793e-08
487.61904761904765,2.2302692236155055e-08
488.7828162291169,5.115821835170378e-07
489.95215311004785,8.5909376880555e-10
491.1270983213429,2.047751564054451e-08
492.3076923076923,7.569153396867581e-07
493.4939759036144,2.7239405059458642e-08
494.68599033816423,6.956493985276665e-08
495.8837772397094,9.580186496525141e-07
497.08737864077665,9.67974193068648e-08
498.29683698296833,3.072019531501219e-07
499.51219512195115,1.0331212039168643e-06
500.7334963325183,1.523029031866002e-07
501.9607843137255,8.62381893581916e-07
503.1941031941032,9.533124883314208e-07
504.43349753694577,1.6458332572579132e-07
505.679012345679,1.8388453543661904e-06
506.9306930693069,8.017843765788294e-07
508.18858560794047,8.212248387427664e-08
509.452736318408,3.44404944316377e-06
510.72319201995015,5.913694607024109e-07
511.99999999999994,9.867123617502399e-08
513.2832080200501,5.5057534549605385e-06
514.572864321608,4.978194715708373e-07
515.8690176322418,6.960773977684132e-07
517.1717171717172,7.615064436878034e-06
518.4810126582279,4.394223638785578e-07
519.7969543147208,2.6272769258037456e-06
521.1195928753181,9.912262390152469e-06
522.4489795918367,3.2665994737670314e-07
523.7851662404091,6.879215016173751e-06
525.1282051282051,1.1830279309229264e-05
526.478149100257,3.305623300969962e-07
527.8350515463917,1.4728628402591073e-05
529.1989664082687,1.2930747231090254e-05
530.5699481865284,1.1945075570262044e-06
531.948051948052,2.7837212395560393e-05
533.3333333333333,1.186675942492458e-05
534.7258485639686,4.089055978561572e-06
536.1256544502618,4.801429765457339e-05
537.5328083989501,8.30456231466322e-06
538.9473684210527,1.1518626771133713e-05
540.3693931398416,7.502196607334434e-05
541.7989417989418,3.4325740416108934e-06
543.236074270557,2.826543839203399e-05
544.6808510638298,0.00010424454497203611
546.1333333333333,1.4612810157120756e-06
547.5935828877006,6.843298657374274e-05
549.0616621983914,0.00012036292444165208
550.5376344086021,5.929723540609344e-06
552.021563342318,0.00015773955365065226
553.5135135135134,0.0001088644726432594
555.0135501355013,1.5061115493050464e-05
556.5217391304348,0.0003262730423259572
558.0381471389645,6.482757016889197e-05
559.5628415300547,2.7126388057925567e-05
561.0958904109589,0.000586496661485711
562.6373626373627,1.8807042750629345e-05
564.1873278236914,7.449334811129641e-05
565.7458563535912,0.0008703095032784325
567.3130193905816,4.5072255579656497e-05
568.8888888888889,0.00034545338216204123
570.4735376044569,0.0009357093774438749
572.0670391061452,0.00016346318500304278
573.6694677871149,0.0012635363246396186
575.2808988764044,0.0005928814459176769
576.9014084507043,0.00020211033703098298
578.5310734463276,0.003153266258086201
580.1699716713881,9.731082900937756e-05
581.8181818181818,6.667605458176879e-05
583.4757834757835,0.005950524513613919
585.1428571428571,0.00018462939531653952
586.8194842406876,0.0003922916199955595
588.5057471264367,0.008822028290725014
590.2017291066282,0.002125255181310078
591.907514450867,0.004186732389059086
593.6231884057971,0.009267631858260456
595.3488372093024,0.006424099359773829
597.0845481049563,0.018038865199737106
598.8304093567251,0.0063485321565258795
600.5865102639297,0.010915465375586469
602.3529411764705,0.047337285286810936
604.1297935103245,0.007660634117730592
605.9171597633135,0.01630594044292498
607.7151335311573,0.0904295811201607
609.5238095238094,0.030840853347348957
611.3432835820896,0.040783837348361676
613.1736526946107,0.1390634626685588
615.015015015015,0.10011770754741454
616.867469879518,0.14132374969089123
618.7311178247734,0.18839555816345377
620.6060606060606,0.23415779565169031
622.4924012158054,0.4221351734460804
624.390243902439,0.2871781583810124
626.2996941896024,0.4494328078903687
628.2208588957055,0.9926255164314783
630.1538461538462,0.6216969588052139
632.0987654320987,0.8641769723766318
634.0557275541796,1.9247874655162196
636.0248447204968,1.5561991059344003
638.006230529595,1.9305073941134678
640.0,3.3352764280120666
642.0062695924764,3.6039974821446568
644.0251572327044,4.704383368187291
646.0567823343847,5.736767407857733
648.1012658227849,7.430824583578862
650.1587301587301,10.933839600944406
652.2292993630573,10.79273357651454
654.3130990415335,14.313472365236985
656.4102564102564,22.82877012396839
658.5209003215434,22.18941197962064
660.6451612903226,27.692186991904368
662.7831715210356,43.209963925397254
664.9350649350649,46.15945944805184
667.100977198697,55.88407222867489
669.281045751634,77.38093130429438
671.4754098360655,91.39818901316086
673.6842105263158,113.97841261857516
675.9075907590759,137.00587546382528
678.1456953642385,169.51108835722349
680.3986710963455,223.42519772708633
682.6666666666666,247.06496776133164
684.9498327759198,302.5099476211934
687.248322147651,412.1317723486147
689.5622895622896,450.61822047542466
691.8918918918919,531.9933069382655
694.2372881355933,707.9494690342866
696.5986394557823,794.0674219149867
698.976109215017,920.0257194538319
701.3698630136986,1146.7645501916859
703.7800687285223,1329.3784538673037
706.2068965517241,1569.951471637277
708.6505190311418,1815.489602834901
711.1111111111111,2105.955715543798
713.588850174216,2532.638884103079
716.0839160839159,2738.5784518855685
718.5964912280701,3063.1093777679803
721.1267605633802,3726.7771884068543
723.6749116607774,3955.746364991783
726.241134751773,4313.77950175052
728.8256227758006,5219.271031271125
731.4285714285714,5567.607367183112
734.0501792114695,5844.468370270297
736.6906474820144,6399.011221008106
739.3501805054151,6328.224138360109
742.0289855072464,6299.310246980183
744.7272727272727,6501.939697159492
747.4452554744526,6770.370426867479
750.1831501831501,7502.570312500916
752.9411764705883,7350.401623898762
755.7195571955718,7067.765468966581
758.5185185185185,7682.845829653397
761.3382899628252,6217.3723718929605
764.179104477612,4285.882273609094
767.0411985018726,4262.740068622161
769.9248120300753,2232.0423618556174
772.8301886792452,377.37353529281137
775.7575757575758,926.7453578910773
778.7072243346007,6771.595644314837
781.6793893129772,9873.553482978516
784.6743295019156,5571.59923411151
787.6923076923077,3457.2321156722787
790.7335907335906,2923.4917525098735
793.798449612403,2062.6339510116013
796.8871595330738,1568.3081505818905
800.0,1555.5808187722466
803.1372549019609,1958.028846316007
806.2992125984252,2670.8831760850167
809.4861660079052,3245.938476782461
812.6984126984127,5138.233324640685
815.9362549800798,8884.785174371247
819.1999999999999,7423.2021297343435
822.4899598393575,4462.936509019247
825.8064516129032,4863.145273322382
829.1497975708503,6405.341944349254
832.520325203252,8071.830511324699
835.9183673469388,7804.80372142338
839.3442622950819,9157.345781672542
842.798353909465,10100.426127585435
846.2809917355372,8805.229543623049
849.792531120332,8548.220777352883
853.3333333333334,8320.367301201193
856.9037656903765,6574.402452836677
860.5042016806723,5554.5083491026135
864.1350210970463,5000.222421646161
867.7966101694916,3837.2593452386536
871.4893617021277,3128.815298607772
875.2136752136753,2752.7954818051185
878.9699570815451,2097.294755196404
882.7586206896551,1586.5374322626524
886.5800865800866,1246.3045022699855
890.4347826086956,906.8784270268384
894.3231441048034,659.9396915754763
898.2456140350877,462.08835620569704
902.2026431718061,325.0645595044274
906.1946902654867,248.14107992523023
910.2222222222222,154.97631590328783
914.2857142857142,102.00118430493222
918.3856502242153,87.8476945442703
922.5225225225224,48.76303437062333
926.6968325791854,26.524879452367394
930.9090909090908,27.373356378982027
935.1598173515981,14.191593259948759
939.4495412844036,5.490819369937244
943.778801843318,7.366112615701039
948.1481481481483,4.039257351781592
952.5581395348837,1.1165569811758018
957.0093457943926,1.6664758399300064
961.5023474178405,1.1111686715973896
966.0377358490566,0.3926289056424115
970.6161137440758,0.292811251485638
975.2380952380953,0.28982697008322467
979.9043062200957,0.2197435668377979
984.6153846153846,0.04536550067687945
989.3719806763285,0.09641946398313639
994.1747572815533,0.11290722191772282
999.0243902439023,0.023304814090139268
1003.921568627451,0.0627703860503302
1008.8669950738915,0.04372010008342857
1013.8613861386139,0.0269628366941308
1018.905472636816,0.052168183690433
1023.9999999999999,0.010935982042151729
1029.145728643216,0.028576372865052036
1034.3434343434344,0.038089718116122016
1039.5939086294416,0.0008227210635511604
1044.8979591836735,0.027149316787572382
1050.2564102564102,0.02277628424921008
1055.6701030927834,0.0005411775970030182
1061.139896373057,0.023389473497963775
1066.6666666666665,0.01080359010513483
1072.2513089005236,0.0028648076975137144
1077.8947368421054,0.01820930650302805
1083.5978835978835,0.003706999869750119
1089.3617021276596,0.004769032311470275
1095.1871657754011,0.012659516018963543
1101.0752688172042,0.0006682050516373895
1107.0270270270269,0.0054952672884953915
1113.0434782608695,0.007716491057851052
1119.1256830601094,2.4790355121357994e-05
1125.2747252747254,0.005222703421757857
1131.4917127071824,0.003994625289403561
1137.7777777777778,0.00032763128458559396
1144.1340782122904,0.004368428029341008
1150.5617977528088,0.0016474268653528413
1157.0621468926552,0.0007286927576836403
1163.6363636363635,0.00328336643812243
1170.2857142857142,0.0004686294849998787
1177.0114942528735,0.0009249550366118223
1183.815028901734,0.0022154676756273102
1190.6976744186047,5.7556268840615394e-05
1197.6608187134502,0.0009174801105767283
1204.705882352941,0.0013186341933140667
1211.834319526627,2.1343236565922906e-05
1219.0476190476188,0.0007971066112501587
1226.3473053892214,0.0006708811450269156
1233.734939759036,9.021325998468734e-05
1241.2121212121212,0.0006387435688776366
1248.780487804878,0.0002751788726169551
1256.441717791411,0.00013890651649428305
1264.1975308641975,0.00047780983915028235
1272.0496894409937,8.177619332396404e-05
1280.0,0.00014262540063061615
1288.0503144654087,0.00033140567872214137
1296.2025316455697,1.5793446228041777e-05
1304.4585987261146,0.00011918088684527512
1312.8205128205127,0.0002085609417623454
1321.2903225806451,1.0009597188343419e-05
1329.8701298701299,8.975255176749018e-05
1338.562091503268,0.00011646129665911552
1347.3684210526317,2.024304430511416e-05
1356.291390728477,6.5154286338909e-05
1365.3333333333333,5.5794720819856374e-05
1374.496644295302,2.6603051737762413e-05
1383.7837837837837,4.7005874807883503e-05
1393.1972789115646,2.2152663094634652e-05
1402.7397260273972,2.553799641126025e-05
1412.4137931034481,3.3318139531630724e-05
1422.2222222222222,7.219172417743861e-06
1432.1678321678319,1.987764044295924e-05
1442.2535211267605,2.2422746205709375e-05
1452.482269503546,2.815861810280049e-06
1462.857142857143,1.3514016960854714e-05
1473.3812949640287,1.3855232099059619e-05
1484.0579710144928,2.6297170010400402e-06
1494.890510948905,8.379032681862212e-06
1505.8823529411766,7.592842249646884e-06
1517.037037037037,3.2544027745735076e-06
1528.358208955224,4.956094108233222e-06
1539.8496240601505,3.571672460581889e-06
1551.5151515151515,3.3648960820598337e-06
1563.3587786259543,2.9055948848445374e-06
1575.3846153846155,1.3944914301899077e-06
1587.596899224806,2.9052222766452986e-06
1600.0,1.6898889526510931e-06
1612.5984251968505,4.5236586644674334e-07
1625.3968253968253,2.157677397176289e-06
1638.3999999999999,9.656458859512017e-07
1651.6129032258063,1.7195798739901521e-07
1665.040650406504,1.4162463752054962e-06
1678.6885245901638,5.156846154669666e-07
1692.5619834710744,1.5729907523522215e-07
1706.6666666666667,8.453748589029755e-07
1721.0084033613446,2.441598729664654e-07
1735.5932203389832,1.8831666149780602e-07
1750.4273504273506,4.6071241888020946e-07
1765.5172413793102,9.809708602792489e-08
1780.8695652173913,1.949000319296598e-07
1796.4912280701753,2.3326001853369473e-07
1812.3893805309733,2.8280976231879507e-08
1828.5714285714284,1.6547305530994275e-07
1845.0450450450448,1.0906344986497947e-07
1861.8181818181815,4.852967699779512e-09
1878.8990825688072,1.212890861047356e-07
1896.2962962962965,4.6754615878830475e-08
1914.0186915887853,1.5256005737478127e-09
1932.0754716981132,7.857768890750376e-08
1950.4761904761906,1.7899281517284854e-08
1969.2307692307693,4.401246572225849e-09
1988.3495145631066,4.544018227370627e-08
2007.843137254902,5.807961790043349e-09
2027.7227722772277,6.592220777739424e-09
2047.9999999999998,2.4005722377890396e-08
2068.686868686869,1.091679330281465e-09
2089.795918367347,6.603635603464813e-09
2111.340206185567,1.1463081004013418e-08
2133.333333333333,4.9433957657102663e-11
2155.789473684211,5.337701453842472e-09
2178.723404255319,4.818229429609468e-09
2202.1505376344085,8.09039282887123e-11
2226.086956521739,3.6238819653431626e-09
2250.5494505494507,1.783029379198922e-09
2275.5555555555557,2.432394951508926e-10
2301.1235955056177,2.5441338269555004e-09
2327.272727272727,4.4155899605075527e-10
2354.022988505747,2.625287227943057e-10
2381.3953488372094,1.493812887053312e-09
2409.411764705882,1.2233013436858795e-10
2438.0952380952376,2.2959636159214613e-10
2467.469879518072,8.215701109142318e-10
2497.560975609756,6.832054998496766e-11
2528.395061728395,1.1046426789937345e-10
2560.0,4.2513859242443863e-10
2592.4050632911394,9.183594275163058e-11
2625.6410256410254,8.621559465388293e-11
2659.7402597402597,2.8119515596618547e-10
2694.7368421052633,1.4093466022402424e-10
2730.6666666666665,3.065855218289377e-11
2767.5675675675675,2.0294211288586453e-10
2805.4794520547944,1.464287509825147e-10
2844.4444444444443,2.6198865867408633e-11
2884.507042253521,1.3323145181902537e-10
2925.714285714286,1.214347546788359e-10
2968.1159420289855,2.5571564840641174e-11
3011.764705882353,4.919289829681159e-11
3056.716417910448,6.449188430675802e-11
3103.030303030303,3.00475830018374e-11
3150.769230769231,1.2601457456986363e-11
3200.0,1.9655927028021633e-11
3250.7936507936506,1.455366168108368e-11
3303.2258064516127,1.892415935367428e-12
3357.3770491803275,1.9535307128900262e-12
3413.3333333333335,8.440386555547334e-12
3471.1864406779664,2.457117911748409e-12
3531.0344827586205,5.8330472616365e-13
3592.9824561403507,2.840097060602246e-12
3657.142857142857,1.768444475291364e-12
3723.636363636363,2.6420052406570937e-13
3792.592592592593,7.900208613257757e-13
3864.1509433962265,5.256649163816922e-13
3938.4615384615386,4.9190586680794375e-14
4015.686274509804,2.787408549308111e-13
4095.9999999999995,2.691226362327275e-13
4179.591836734694,1.6912945730514453e-14
4266.666666666666,5.969034977821963e-14
4357.446808510638,4.7338530435094336e-14
4452.173913043478,3.4150153499215146e-14
4551.111111111111,6.1099292634374965e-15
4654.545454545454,5.053156903528544e-15
4762.790697674419,3.3366195371836793e-15
4876.190476190475,6.233354584623673e-16
4995.121951219512,2.551306972682477e-16
5120.0,2.4543378661668714e-16
5251.282051282051,6.682466008013061e-17
5389.473684210527,1.6055378653769357e-17
5535.135135135135,1.6530735994366216e-17
5688.888888888889,8.420117427676584e-18
5851.428571428572,1.3880333047806677e-18
6023.529411764706,1.0241286559588908e-18
6206.060606060606,9.122268946250305e-19
6400.0,1.3555546447423968e-19
6606.451612903225,1.4080590195451704e-19
6826.666666666667,6.932238107058918e-20
7062.068965517241,1.474600619218124e-20
7314.285714285714,2.870833115475653e-20
7585.185185185186,5.810688382078988e-21
7876.923076923077,4.416773592162071e-21
