"Wavelength, nm",Intensity
136.44237175216523,4.814088893213995e-27
136.53333333333333,4.807676519193041e-27
136.62441627751835,2.6942805201232724e-27
136.71562082777035,2.3638513922951692e-27
136.80694722778892,7.293876887836121e-26
136.89839572192514,1.320031848110281e-21
136.98996655518394,1.2505742584200863e-18
137.08165997322624,2.0599488311575704e-16
137.17347622237108,1.0596004420948512e-14
137.26541554959786,2.4035573673220424e-13
137.35747820254863,2.987999291969612e-12
137.4496644295302,2.3492140279037158e-11
137.54197447951645,1.2879740636936447e-10
137.63440860215053,5.272304538381107e-10
137.72696704774717,1.6915219960451293e-09
137.81965006729476,4.403835058213613e-09
137.9124579124579,9.540706177970023e-09
138.0053908355795,1.7537114168612844e-08
138.09844908968307,2.7899990491481516e-08
138.19163292847506,3.9777316926240435e-08
138.28494260634707,5.5063882282971914e-08
138.37837837837836,8.540384115506301e-08
138.47194050033806,1.6354598442611323e-07
138.5656292286874,3.580909144244255e-07
138.65944482058225,7.893896228942314e-07
138.75338753387533,1.6438787018521238e-06
138.84745762711862,3.1847233030508983e-06
138.94165535956583,5.757893529408417e-06
139.03598099117448,9.793817308817776e-06
139.1304347826087,1.5804556023680572e-05
139.22501699524133,2.437452932543946e-05
139.31972789115645,3.613953693638511e-05
139.4145677331518,5.174551435479984e-05
139.50953678474113,7.177708610131758e-05
139.60463531015677,9.664853404010833e-05
139.69986357435198,0.00012645755816938076
139.79522184300342,0.000160814986839517
139.89071038251367,0.00019867913320307
139.98632946001365,0.0002382375041539974
140.08207934336525,0.00027688570535044286
140.17796030116358,0.00031134878122062105
140.27397260273972,0.00033797117791730996
140.37011651816314,0.00035316925384064557
140.46639231824417,0.00035400084631536716
140.56280027453673,0.0003387694610546015
140.65934065934067,0.000307556603779919
140.75601374570448,0.0002625730166985696
140.85281980742778,0.00020824168751515178
140.949759119064,0.00015096911411062252
141.04683195592284,9.86168631236724e-05
141.14403859407307,5.9740364624205314e-05
141.24137931034483,4.270385329774611e-05
141.33885438233264,5.480054019082763e-05
141.4364640883978,0.00010150267905889033
141.53420870767104,0.00018594049048315704
141.6320885200553,0.0003086690839282513
141.73010380622836,0.00046773721140781283
141.8282548476454,0.0006590285676302571
141.92654192654192,0.0008768100808004472
142.0249653259362,0.0011143943768167314
142.1235253296322,0.0013648068383725113
142.22222222222223,0.0016213428615830042
142.32105628908963,0.001877910199944971
142.42002781641168,0.0021290785848142296
142.51913709116212,0.0023698074278377034
142.6183844011142,0.0025948904195226712
142.7177700348432,0.0027982344556009182
142.81729428172943,0.0029721649776826525
142.91695743196092,0.0031070006124916134
143.0167597765363,0.003191144470439986
143.11670160726763,0.003211881270064268
143.21678321678323,0.00315694755651596
143.31700489853043,0.003016773308171889
143.4173669467787,0.0027871086840998006
143.5178696566223,0.0024715924798290414
143.61851332398317,0.0020837351523077343
143.71929824561403,0.0016478125091608632
143.8202247191011,0.0011983035073416903
143.92129304286718,0.0007777355064901631
144.0225035161744,0.00043307816761234966
144.12385643912737,0.00021109481209989433
144.22535211267606,0.000153258462782187
144.32699083861874,0.0002909266749024088
144.42877291960508,0.0006414345803509724
144.530698659139,0.001205626192383984
144.6327683615819,0.001967132353219973
144.73498233215545,0.00289346894068263
144.83734087694484,0.003938809289202397
144.9398443029016,0.005048091011416939
145.04249291784703,0.00616197947369871
145.14528703047483,0.00722213462274771
145.24822695035462,0.008176162780353699
145.35131298793468,0.00898163860092549
145.45454545454544,0.009608726335924269
145.55792466240226,0.010041069020376749
145.66145092460883,0.0102747913166574
145.76512455516016,0.010315890854359208
145.86894586894587,0.010176635888751989
145.9729151817534,0.009871631754748034
146.07703281027102,0.00941446525510089
146.18129907209135,0.008815984050494078
146.28571428571428,0.008084654220826463
146.39027877055037,0.007228955355541719
146.49499284692416,0.006261746739080596
146.59985683607732,0.0052057154958569905
146.7048710601719,0.004098223786754913
146.8100358422939,0.0029944587554962096
146.91535150645623,0.0019679539579780378
147.0208183776023,0.0011072072400416335
147.1264367816092,0.0005084366942552541
147.23220704529115,0.00026560600737828927
147.33812949640287,0.0004586467798507793
147.4442044636429,0.001141638847700388
147.55043227665706,0.0023330557878590064
147.6568132660418,0.004009676676193752
147.76334776334778,0.006105770303483881
147.87003610108303,0.008516396426673916
147.97687861271675,0.01110308327210712
148.08387563268258,0.013705731280903157
148.19102749638205,0.016160651095508724
148.29833454018825,0.018314082407144865
148.40579710144928,0.02002903187665291
148.51341551849166,0.021196560608795722
148.6211901306241,0.021751219190210423
148.72912127814087,0.021676225050978437
148.8372093023256,0.020995979658752422
148.94545454545454,0.019769885727383744
149.0538573508006,0.018091885600054675
149.16241806263656,0.016082206285842476
149.27113702623907,0.013868422534340803
149.38001458789202,0.011572999876703
149.4890510948905,0.009310428820284624
149.59824689554418,0.0071797195577246765
149.70760233918128,0.005257354469829985
149.81711777615214,0.0036046685465399063
149.9267935578331,0.002278735096802452
150.03663003663004,0.001333972313114233
150.1466275659824,0.0008230822788328724
150.25678650036684,0.0007997051382130286
150.36710719530103,0.0013130260807772147
150.47759000734754,0.0023969144805993698
150.58823529411762,0.004058689472284109
150.69904341427517,0.006264489082474033
150.8100147275405,0.008929626759413079
150.92114959469419,0.011922556630127578
151.03244837758112,0.015070584856458293
151.1439114391144,0.018165873732365785
151.25553914327915,0.020990258756698323
151.3673318551367,0.02334912741638657
151.47928994082838,0.025083274533867213
151.59141376757958,0.026072103603661273
151.7037037037037,0.026259471419413438
151.81616011860638,0.025668943727496594
151.92878338278933,0.024372473714795805
152.04157386785448,0.022466848841391603
152.15453194650817,0.020090135449990706
152.26765799256503,0.017411264733594604
152.38095238095235,0.014585797617847299
152.4944154877141,0.011751511388694433
152.6080476900149,0.009044355599447959
152.72184936614468,0.0065779844501245004
152.8358208955224,0.004430221195844394
152.9499626587005,0.002664585200141302
153.0642750373692,0.0013363131811632552
153.1787584143605,0.00048094317203473136
153.29341317365268,0.0001201147114675545
153.40823970037454,0.000268852035828066
153.5232383808096,0.0009344950584413987
153.6384096024006,0.0021228731971130207
153.75375375375376,0.0038381588636169587
153.86927122464311,0.006074295037770894
153.98496240601503,0.008822004447065355
154.10082768999246,0.012070832263304482
154.2168674698795,0.015783760874603873
154.33308214016577,0.01988667661189153
154.4494720965309,0.024282916865274735
154.56603773584905,0.028835949019611624
154.68277945619334,0.03333409340805951
154.79969765684052,0.037508664719998946
154.91679273827532,0.0410744415184335
155.0340651021953,0.04373009097445478
155.15151515151516,0.04517526268894803
155.2691432903715,0.045183726014164184
155.38694992412746,0.04364914942761175
155.50493545937738,0.04058498972836833
155.62310030395136,0.03615089300417681
155.74144486692012,0.030677042915492017
155.8599695585997,0.02462669297767273
155.97867479055597,0.018543221967700394
156.09756097560975,0.013004387391085793
156.21662852784135,0.008548106207418145
156.33587786259542,0.005600305295638339
156.45530939648586,0.004442721463670432
156.5749235474006,0.0051991473023912
156.69472073450652,0.007839547370218285
156.8147013782542,0.012212449778903794
156.93486590038313,0.01808689438243742
157.05521472392638,0.025201904745330444
157.17574827321565,0.03331501458899466
157.29646697388634,0.04221119454975154
157.4173712528824,0.05167932885358382
157.53846153846155,0.061493072396014065
157.65973826020013,0.07137967077036021
157.78120184899845,0.08096846121558139
157.9028527370856,0.08977510240746046
158.02469135802468,0.09723387883890795
158.14671814671814,0.10272643284649247
158.26893353941267,0.1056303000914645
158.39133797370457,0.10544615690646725
158.5139318885449,0.10193275839154274
158.63671572424477,0.09515842686664215
158.7596899224806,0.08552613131312103
158.88285492629947,0.07380824691451467
159.0062111801242,0.061095705936190854
159.12975912975912,0.04865235410544133
159.25349922239502,0.03777659597060422
159.37743190661476,0.029677621922503738
159.50155763239874,0.02533172618547162
159.62587685113016,0.02536647793482646
159.7503900156006,0.03001092187170415
159.87509758001562,0.03910186322132257
160.0,0.05213681252665394
160.12509773260362,0.06835141688562238
160.2503912363067,0.08680667597186442
160.37588097102582,0.10648418313622714
160.5015673981191,0.12636567773142113
160.62745098039213,0.14549592034980938
160.7535321821036,0.16302995472803658
160.87981146897093,0.1782139103316967
161.0062893081761,0.1903363410492937
161.13296616837135,0.19877155534050517
161.25984251968504,0.20306118142247123
161.38691883372735,0.20290438739327937
161.51419558359618,0.19815044391221187
161.64167324388316,0.18890613750197063
161.7693522906793,0.17563901038564836
161.89723320158103,0.15917876897617947
162.0253164556962,0.14068286658897008
162.15360253365006,0.12159561864558416
162.28209191759112,0.10357065129011785
162.41078509119745,0.08835312249465663
162.53968253968253,0.07761578566525237
162.66878474980143,0.07277061532749597
162.79809220985692,0.07481751027891495
162.92760540970565,0.08425078515200406
163.05732484076432,0.10100744668814551
163.18725099601593,0.12444686772285375
163.31738437001593,0.15337928710235954
163.44772545889865,0.18617842571497034
163.57827476038338,0.22092822390105657
163.709032773781,0.25553544619538565
163.84,0.2878876601461682
163.97117694155327,0.31606575346747423
164.1025641025641,0.3384427613626681
164.23416198877305,0.35372136776176755
164.3659711075441,0.3610937279515604
164.49799196787149,0.3603465717015406
164.63022508038586,0.35173651797925753
164.76267095736122,0.33591671892079583
164.89533011272144,0.31406173214644684
165.02820306204674,0.2878796113469162
165.16129032258064,0.259402900853633
165.29459241323647,0.23082152705486753
165.4281098546042,0.20443275887988852
165.56184316895713,0.18254399976047597
165.6957928802589,0.16728934271518825
165.82995951417004,0.16044797435788186
165.9643435980551,0.16330371975511568
166.09894566098947,0.1765375340390863
166.23376623376623,0.20014881883065214
166.36880584890332,0.23340587946500277
166.5040650406504,0.27484520594431644
166.63954434499593,0.3223596803453658
166.77524429967426,0.37335393617306234
166.9111654441728,0.4248922882034744
167.047308319739,0.4738718144092759
167.18367346938777,0.5172821921960544
167.3202614379085,0.5524442809824668
167.45707277187245,0.577171176487445
167.59410801963992,0.5899760489068019
167.7313677313677,0.5902584495355722
167.86885245901638,0.5782921412390687
168.00656275635768,0.5551759799250947
168.14449917898193,0.5228918761488581
168.28266228430567,0.4842206506704156
168.42105263157896,0.44242945470478023
168.559670781893,0.4010091132172805
168.6985172981878,0.3635281822114682
168.83759274525966,0.33342508673889354
168.97689768976898,0.3137300502556584
169.11643270024774,0.30682186868621664
169.25619834710741,0.31423980615567704
169.39619520264682,0.3365540030880021
169.53642384105962,0.3733162789627659
169.67688483844242,0.42305893736765293
169.81757877280262,0.4833150481307479
169.95850622406635,0.550767866333169
170.09966777408638,0.6215741393747088
170.24106400665005,0.6916179347617168
170.3826955074875,0.7566260665818849
170.52456286427974,0.8125078387837524
170.66666666666666,0.8558935893699137
170.8090075062552,0.8843415269556251
170.9515859766277,0.8962796430971297
171.09440267335003,0.8911768315325327
171.23745819397996,0.8697800220143818
171.3807531380753,0.8340758772490008
171.52428810720266,0.787157419111243
171.66806370494552,0.7330544194835316
171.81208053691276,0.6763673495454915
171.95633921074725,0.6219115381603684
172.10084033613444,0.5745146128257282
172.24558452481077,0.538689120885662
172.3905723905724,0.5181465958416859
172.5358045492839,0.5154676660557859
172.681281618887,0.5319734773120917
172.82700421940928,0.5676075720588184
172.97297297297297,0.6208628163232077
173.11918850380385,0.6889341767091397
173.26565143824024,0.7679924697327671
173.41236240474177,0.853335376340879
173.55932203389833,0.9396057931110415
173.70653095843934,1.0213331433105202
173.85398981324278,1.093398291824463
174.0016992353441,1.1511471956951587
174.14965986394557,1.190689717659789
174.2978723404255,1.2095134150977926
174.44633730834755,1.2067449881052674
174.59505541346974,1.1830208924300512
174.74402730375425,1.1404866896661425
174.8932536293766,1.0827757676233556
175.04273504273505,1.0146655284533517
175.1924721984602,0.9416777241368394
175.34246575342465,0.8697279311201462
175.49271636675235,0.8046278079481078
175.6432246998285,0.7516019201736108
175.79399141630904,0.7150314337426489
175.94501718213058,0.6982191742006385
176.0963026655202,0.7030375748224589
176.24784853700515,0.7297020102290492
176.3996554694229,0.7768404932131604
176.55172413793102,0.8416658457293091
176.70405522001724,0.9200431986101761
176.85664939550952,1.0066311621122208
177.00950734658602,1.0953599231322912
177.16262975778545,1.1800350829114679
177.3160173160173,1.2547136624407509
177.46967071057193,1.3140314623006017
177.62359063313096,1.353760590592602
177.77777777777777,1.3712837938166063
177.93223284100782,1.365643977691632
178.08695652173913,1.3374462162075327
178.24194952132288,1.2888917350009237
178.397212543554,1.2236854106914938
178.55274629468178,1.1466219153588577
178.70855148342056,1.0631490113374313
178.86462882096066,0.9791208766357414
179.02097902097898,0.9004890328070881
179.17760279965006,0.8327813326532214
179.33450087565674,0.7806699675642627
179.4916739702016,0.7477952830842897
179.64912280701753,0.7365733922156432
179.80684811237927,0.747861708672644
179.96485061511424,0.780774212395467
180.12313104661388,0.8328173224063902
180.28169014084506,0.9001286994060087
180.44052863436124,0.9777248389096986
180.59964726631395,1.059939284929368
180.75904677846424,1.1408776677309362
180.91872791519435,1.2147026585352851
181.07869142351902,1.2762635001481883
181.23893805309734,1.3218346910328567
181.39946855624444,1.3487949075442272
181.56028368794324,1.3551424291587615
181.72138420585628,1.3404162429483886
181.88277087033748,1.3062231665129875
182.04444444444445,1.2550247793696947
182.20640569395016,1.1897941393263547
182.3686553873553,1.1150236436474463
182.53119429590015,1.0362539439432323
182.69402319357712,0.9587959274255058
182.85714285714286,0.8879361819233333
183.0205540661305,0.8291291322494386
183.18425760286226,0.7869726037342637
183.34825425246197,0.7647297942171661
183.51254480286738,0.7646250104973047
183.67713004484304,0.7874306369460831
183.84201077199282,0.8318745945957665
184.00718778077265,0.8951389602691675
184.1726618705036,0.9735021883330693
184.33843384338437,1.062165112153953
184.5045045045045,1.1555480970395682
184.67087466185754,1.2481275540914754
184.83754512635377,1.3343576194541555
185.0045167118338,1.4089983467827234
185.17179023508135,1.4682933973020835
185.33936651583707,1.509184291155255
185.5072463768116,1.5284702115761843
185.675430643699,1.5250507894416376
185.84392014519057,1.5005235585364136
186.01271571298818,1.456653431943424
186.1818181818182,1.3959333180264673
186.3512283894449,1.3235174330362582
186.52094717668484,1.2453994468398473
186.69097538742025,1.1674822167922867
186.86131386861314,1.0971501328935853
187.03196347031962,1.0415039743108496
187.20292504570384,1.0047190012838774
187.37419945105214,0.9898145339145065
187.54578754578753,0.9998167405484889
187.71769019248396,1.034758307714005
187.88990825688072,1.0911414859192377
188.06244260789717,1.1656526057686807
188.23529411764707,1.2548574894269109
188.40846366145354,1.3516593470387706
188.5819521178637,1.4484735890026474
188.75576036866357,1.5414177331679384
188.92988929889296,1.625475342335361
189.10433979686056,1.69286953603964
189.27911275415894,1.7402667285034001
189.45420906567992,1.7671659448273116
189.62962962962962,1.7692689326140933
189.80537534754404,1.7448856719924744
189.98144712430428,1.699147931981551
190.15784586815226,1.6346794427380316
190.3345724907063,1.5521573041932624
190.51162790697674,1.4598262223058323
190.68901303538178,1.3674953947574098
190.8667287977633,1.2786779698101407
191.044776119403,1.198996600484191
191.22315592903828,1.1390173656881795
191.4018691588785,1.1032106268492914
191.5809167446211,1.0895851401025625
191.76029962546815,1.1002371518675984
191.94001874414244,1.1386439396114045
192.12007504690433,1.1990657116211332
192.3004694835681,1.2727687516663468
192.48120300751881,1.3594995596760329
192.66227657572907,1.4575221734312365
192.8436911487759,1.5540242298641676
193.02544769085767,1.6416175691493753
193.2075471698113,1.7244034759065583
193.38999055712932,1.7967718519664917
193.57277882797732,1.845593369714676
193.75591296121098,1.8734277565529132
193.93939393939394,1.8861799196156803
194.12322274881518,1.8737947494061638
194.30740037950665,1.8323519352691
194.49192782526114,1.7749144504287935
194.67680608365018,1.7054190278002486
194.86203615604185,1.619307072561221
195.04761904761907,1.526896729533561
195.23355576739752,1.4428449766732239
195.4198473282443,1.369473503331711
195.6064947468959,1.3099339407996093
195.79349904397705,1.2746650143703342
195.9808612440191,1.2683042323671088
196.1685823754789,1.2889870972083053
196.35666347075744,1.3360694610186081
196.5451055662188,1.4062272135653229
196.73390970220942,1.493253288690241
196.92307692307693,1.594658540330656
197.1126082771896,1.7027247292152374
197.30250481695566,1.8027863410003688
197.4927675988428,1.895249533639836
197.68339768339766,1.9852622071523325
197.8743961352657,2.054311854367465
198.06576402321085,2.092256329000606
198.25750242013552,2.1195363227256814
198.44961240310076,2.133808101293216
198.64209505334625,2.1097301901458083
198.83495145631065,2.06072386167649
199.02818270165207,2.0090430436125333
199.22178988326846,1.9370458558391188
199.4157740993184,1.8402371660716572
199.61013645224173,1.7453115314131895
199.8048780487805,1.6555704752447726
200.0,1.5668761955847441
200.19550342130987,1.4990866478081242
200.3913894324853,1.4562532679917881
200.58765915768853,1.4298917698586082
200.78431372549022,1.4427763655049417
200.9813542688911,1.5034531496515
201.17878192534383,1.570174382858186
201.37659783677483,1.643393282558472
201.5748031496063,1.7755858824139017
201.77339901477833,1.924972876128516
201.9723865877712,2.0093691058522976
202.1717670286278,2.096028751633307
202.3715415019763,2.24268743584626
202.57171117705244,2.321636728155476
202.77227722772278,2.3029677199401495
202.97324083250743,2.3368341082227184
203.17460317460316,2.391719522621921
203.37636544190661,2.326803461280983
203.57852882703776,2.2357435234396497
203.78109452736314,2.2216847576741223
203.98406374501994,2.167086940020043
204.1874376869392,2.040359051019805
204.39121756487026,1.9616394850049834
204.5954045954046,1.9122678021517254
204.79999999999998,1.8174224421228578
205.005005005005,1.7400858880928645
205.21042084168334,1.7139228033534937
205.41624874623875,1.6785002735320187
205.62248995983938,1.6559194207856371
205.8291457286432,1.7002976321260632
206.03621730382292,1.7637541181077647
206.24370594159112,1.821867131947127
206.4516129032258,1.9346459285483415
206.65993945509584,2.0887903479486134
206.86868686868684,2.2201846084859413
207.07785642062692,2.3483383076572952
207.28744939271257,2.4928187911801936
207.49746707193518,2.616765986200588
207.7079107505071,2.6963284069579068
207.9187817258883,2.7224091091498983
208.130081300813,2.7348446155392456
208.34181078331636,2.7448719579571397
208.55397148676167,2.6393339449393456
208.7665647298675,2.4831060169247166
208.9795918367347,2.4615999267250883
209.19305413687437,2.3788321174621254
209.40695296523518,2.1036656331461447
209.6212896622313,2.020014944208386
209.83606557377047,2.1334230401486662
210.05128205128204,1.9712344580639964
210.26694045174537,1.760389521213027
210.48304213771837,1.9697856162236567
210.69958847736626,2.118993939603836
210.91658084449023,1.9023185076391937
211.1340206185567,2.008363994598353
211.3519091847265,2.3611334820387966
211.5702479338843,2.235965607282794
211.78903826266804,2.232102064388786
212.00828157349895,2.7053852250855788
212.22797927461139,2.601537157125504
212.448132780083,2.379474764857211
212.668743509865,3.053327172954885
212.88981288981287,3.125104755411279
213.11134235171693,2.419046611423631
213.33333333333334,3.067797553648357
213.555787278415,3.6623787794306923
213.7787056367432,2.5240740314280123
214.00208986415882,2.636049359117608
214.22594142259413,3.8343326584569017
214.4502617801047,2.6924314875832684
214.67505241090146,1.894695045882669
214.900314795383,3.4582762661088364
215.12605042016807,2.961579486313736
215.35226077812828,1.2149600017937345
215.57894736842104,2.592719477722322
215.80611169652263,3.4585416310612076
216.03375527426158,1.2438850731845748
216.26187961985215,1.5768687012211096
216.49048625792813,4.185185490104102
216.7195767195767,2.5272938204571127
216.9491525423729,0.8438195031939671
217.17921527041358,4.817912475219783
217.40976645435242,5.163242015400538
217.64080765143464,0.7973125521544231
217.87234042553192,4.587547713277693
218.10436634717786,8.40216557282862
218.33688699360337,1.9470108539991393
218.5699039487727,3.037544577774262
218.80341880341882,10.720652721571012
219.0374331550802,4.629516265060498
219.27194860813702,0.9053994262119489
219.5069667738478,10.882188246503235
219.74248927038627,8.837321791483898
219.97851772287862,0.10962802716747934
220.21505376344086,8.625149159019843
220.45209903121636,13.96463045735467
220.68965517241378,3.1976787825841613
220.92772384034518,5.063570372597548
221.16630669546436,18.326932837125295
221.4054054054054,11.973979507426499
221.64502164502164,3.1471963096718505
221.88515709642468,19.8599118057652
222.12581344902384,25.981084358464713
222.36699239956567,7.29729944225853
222.6086956521739,17.7342410469667
222.85092491838955,41.47399803753911
223.09368191721134,21.88469864118428
223.3369683751363,14.84852429795917
223.58078602620085,51.992051945792646
223.82513661202185,47.54289542391914
224.07002188183807,19.390743721516674
224.31544359255204,52.97580528066667
224.56140350877192,77.34196554690162
224.80790340285398,41.10427195982178
225.05494505494505,48.3061534531311
225.30253025302528,97.62687078930486
225.55066079295153,81.52871601158972
225.79933847850054,52.486789624507125
226.0485651214128,97.36904186319585
226.29834254143645,124.38000121955595
226.54867256637166,80.5377632306506
226.79955703211516,82.92570663417729
227.0509977827051,141.1685653290284
227.30299667036624,126.29900676036165
227.55555555555554,78.56574342228714
227.80867630700777,118.67443249169412
228.06236080178175,154.91724102481035
228.31661092530658,98.46658066779335
228.57142857142856,79.32164443136737
228.82681564245812,133.9618272448944
229.082774049217,119.89247285690105
229.33930571108624,58.393790393372065
229.59641255605382,75.16211061597197
229.8540965207632,104.14578982201051
230.1123595505618,58.400638982224876
230.37120359955006,26.388487589653504
230.6306306306306,51.32509696395967
230.89064261555805,47.80399375133306
231.1512415349887,11.365387954117555
231.41242937853107,8.738747208038637
231.67420814479635,19.964231561928347
231.9365798414496,6.859066968672999
232.19954648526078,1.2447365337003695
232.46311010215663,11.449414763459153
232.7272727272727,5.536756708661795
232.9920364050057,2.7726333776439747
233.25740318906605,26.042977850897458
233.52337514253134,32.31016300907952
233.78995433789953,12.298809577687633
234.05714285714288,25.1489312301375
234.32494279176203,62.37995104439421
234.59335624284074,54.06727801147298
234.8623853211009,24.392932130190633
235.13203214695753,46.1460368618255
235.4022988505747,81.35485863081263
235.67318757192174,58.802934472178734
235.9447004608295,24.874689297491223
236.2168396770473,44.823913651950974
236.48960739030022,69.07306173975707
236.76300578034682,41.728329942376554
237.03703703703707,11.633075660692107
237.3117033603708,24.053672483286977
237.58700696055683,35.703365073065896
237.862950058072,15.344465689641114
238.13953488372093,0.2648455367318644
238.41676367869616,7.740608289531054
238.69463869463866,8.392285158963535
238.97316219369893,0.9437608940661116
239.25233644859816,8.54734895702477
239.53216374269007,16.74789791551029
239.81264637002343,6.19544490147404
240.0937866354044,4.987426506547168
240.37558685446012,30.393745448962456
240.65804935370153,42.04061074020246
240.94117647058823,19.995817909110276
241.2249705535924,10.593019389930623
241.50943396226415,36.89089618261836
241.79456906729635,51.07144204943204
242.080378250591,26.169111834732032
242.3668639053254,5.701364146179551
242.65402843601896,18.533803666368783
242.94187425860022,30.241803871869394
243.23040380047507,15.592164159996942
243.51961950059456,0.6033013284961031
243.80952380952382,4.030128899936873
244.1001191895113,7.364866453763357
244.39140811455846,2.4123919804433474
244.68339307048984,5.703479893222043
244.97607655502392,15.29682142191076
245.2694610778443,11.144379743777455
245.56354916067144,0.9697058652994978
245.85834333733493,10.504126589146757
246.15384615384616,30.648999747359447
246.4500601684717,28.73774088601465
246.7469879518072,8.217307798428502
247.04463208685164,3.736545065504631
247.34299516908212,19.869494375705827
247.6420798065296,26.00755453299452
247.9418886198547,11.87824798840041
248.24242424242422,0.5497633607640047
248.54368932038832,3.803302480696929
248.8456865127582,7.321989040610674
249.14841849148416,4.303829017826854
249.45188794153472,5.697945450969623
249.75609756097558,12.175781187029187
250.06105006105005,10.197345674107483
250.36674816625916,1.2463539607253376
250.6731946144431,3.4534911994383735
250.98039215686276,18.00196917412166
251.2883435582822,23.437562112684173
251.5970515970516,11.327333656618205
251.90651906519062,0.33043250283666525
252.21674876847288,4.692282412794803
252.52774352651045,13.230918479419733
252.8395061728395,11.867883176735404
253.15203955500616,5.763030344039427
253.46534653465346,5.061606636456144
253.7794299876084,6.350484216841078
254.09429280397023,3.3826417742342785
254.40993788819875,2.0850827929827496
254.726368159204,9.212812412336435
255.04358655043586,16.723092419608626
255.36159600997507,13.154357265260606
255.6803995006242,3.216675426204073
255.99999999999997,0.9109331647077189
256.3204005006258,7.7422674306252155
256.64160401002505,12.265924967082533
256.9636135508155,9.20400956744138
257.286432160804,5.216693952443699
257.61006289308176,5.181757097764489
257.9345088161209,5.415007027992112
258.2597730138714,3.551694155210801
258.5858585858586,4.26139300932493
258.91276864728195,9.958400324534258
259.24050632911394,14.272044507058816
259.5690747782003,11.152722922593556
259.8984771573604,4.612087314936749
260.22871664548916,2.8229919200747444
260.55979643765903,6.459940199127297
260.89171974522293,9.44930696776093
261.2244897959184,8.922994638871598
261.5581098339719,7.783805148299114
261.89258312020456,7.938357541371554
262.2279129321382,7.264929222035357
262.56410256410254,4.702836151124254
262.9011553273428,3.325942423951946
263.2390745501285,5.653657833257302
263.5778635778636,9.24239580236583
263.91752577319585,9.975519251356024
264.258064516129,7.71758137500109
264.59948320413434,5.751392307435002
264.9417852522639,5.789960445881949
265.2849740932642,6.543357895301138
265.6290531776913,6.9368241956223065
265.974025974026,7.834412959010334
266.3198959687906,9.77883613860071
266.66666666666663,11.235079530125276
267.01434159061273,10.540169622658526
267.3629242819843,8.395485788539599
267.7124183006536,6.991289569128137
268.0628272251309,7.226821145640537
268.41415465268676,8.063511596773699
268.76640419947506,8.40709753596828
269.119579500657,8.368818611849942
269.47368421052636,8.406542951632169
269.82872200263506,8.27255629802793
270.1846965699208,7.513357429641433
270.5416116248349,6.472799227079656
270.8994708994709,6.057759839231587
271.25827814569533,6.626064274302347
271.6180371352785,7.6386121999892085
271.97875166002655,8.432952402655497
272.3404255319149,8.913948832685548
272.70306258322233,9.338455348435325
273.06666666666666,9.757454948406592
273.4312416555407,9.975658980358128
273.7967914438503,9.948650875406583
274.1633199464525,9.921568253081
274.5308310991957,10.105086130861237
274.8993288590604,10.386225325015266
275.26881720430106,10.467645894808598
275.6393001345895,10.203877673548064
276.010781671159,9.697367777743821
276.3832658569501,9.115910681455611
276.7567567567567,8.53844890563983
277.1312584573748,7.998238860776346
277.50677506775065,7.580381985925791
277.88331071913166,7.398787340846961
278.2608695652174,7.4931028448452235
278.6394557823129,7.799166795820521
279.01907356948226,8.226725684530887
279.39972714870396,8.732487543371567
279.78142076502735,9.304014299888289
280.1641586867305,9.901866669580683
280.54794520547944,10.449982007260251
280.93278463648835,10.880521702833471
281.31868131868134,11.167436247014841
281.70563961485556,11.312724535983218
282.0936639118457,11.315375578920449
282.48275862068965,11.163559469004046
282.8729281767956,10.851881287667977
283.2641770401106,10.398764506237477
283.6565096952908,9.848114440351734
284.0499306518724,9.259960374719872
284.44444444444446,8.700874933965085
284.84005563282335,8.236539350851404
285.2367688022284,7.921447245420814
285.63458856345886,7.785274577639659
286.0335195530726,7.8266960544677895
286.43356643356645,8.025032583564222
286.8347338935574,8.360789807680495
287.23702664796633,8.821714455672211
287.6404494382022,9.385720668748007
288.0450070323488,9.999008809758166
288.4507042253521,10.573898528517343
288.85754583921016,11.013564430178178
289.2655367231638,11.24884665687092
289.6746817538897,11.261712723976919
290.08498583569406,11.079812494976796
290.49645390070924,10.74918408162149
290.9090909090909,10.306224738583259
291.32290184921766,9.767778414508214
291.73789173789174,9.14649989736686
292.15406562054204,8.480408490067255
292.57142857142856,7.849788024649301
292.9899856938483,7.3608846219929225
293.4097421203438,7.103001409382447
293.83070301291247,7.107819334858848
294.2528735632184,7.339737081564133
294.67625899280574,7.724106796268519
295.1008645533141,8.190585674561994
295.52669552669556,8.697702474532646
295.9537572254335,9.22345382953745
296.3820549927641,9.735416014483294
296.81159420289856,10.168452045719231
297.2423802612482,10.431247335390776
297.6744186046512,10.441380800852583
298.1077147016012,10.168361808072104
298.54227405247815,9.657355434969778
298.978102189781,9.014291008548012
299.41520467836256,8.354942592000027
299.8535871156662,7.749421807579127
300.2932551319648,7.2051826701660175
300.73421439060206,6.707257628622161
301.17647058823525,6.287260441712434
301.620029455081,6.05862978453192
302.06489675516224,6.16950542128957
302.5110782865583,6.689651905749648
302.95857988165676,7.513149217026125
303.4074074074074,8.361846745053045
303.85756676557867,8.909109876945095
304.30906389301634,8.958268990082805
304.7619047619047,8.566105520968797
305.2160953800298,8.030694380390191
305.6716417910448,7.741279519875378
306.1285500747384,7.958846552972818
306.58682634730536,8.628660431074687
307.0464767616192,9.326469818474168
307.5075075075075,9.410246305173704
307.96992481203006,8.369505643293213
308.433734939759,6.233606574949914
308.8989441930618,3.786040893386747
309.3655589123867,2.349814794403076
309.83358547655064,3.12445377746585
310.3030303030303,6.382431390339539
310.7738998482549,11.042564016960272
311.2462006079027,15.01174949168882
311.7199391171994,16.231270883311005
312.1951219512195,13.867827775844582
312.67175572519085,8.918706398624744
313.1498470948012,3.8145521314691617
313.6294027565084,1.2146372236879939
314.11042944785277,2.675794298938673
314.5929339477727,7.906405743313211
315.0769230769231,14.91991144053509
315.5624036979969,20.906078461326754
316.04938271604937,23.37122469314163
316.53786707882534,21.139859875014636
317.0278637770898,14.972907094290294
317.5193798449612,7.623314581986134
318.0124223602484,3.133564970499779
318.50699844479004,5.3139782160497155
319.0031152647975,15.775620396626168
319.5007800312012,32.43692434252742
320.0,49.601467827479105
320.5007824726134,60.120451719054415
321.0031347962382,58.93600184363707
321.5070643642072,46.187044754543315
322.0125786163522,27.91619774164146
322.5196850393701,13.566434499299536
323.02839116719235,11.334481008241644
323.5387045813586,23.871547449223183
324.0506329113924,46.78773502300615
324.56418383518223,70.85561061443696
325.07936507936506,86.67606284554063
325.59618441971384,89.21253902068244
326.11464968152865,79.84896561763188
326.63476874003186,65.2233959877822
327.15654952076676,53.90686496715431
327.68,52.88777125675754
328.2051282051282,65.40057064457913
328.7319422150882,90.45578335378558
329.2604501607717,123.47802348803725
329.7906602254429,157.370475152445
330.3225806451613,183.89924975872904
330.8562197092084,195.7525066021338
331.3915857605178,189.33650340279692
331.9286871961102,167.40131784195694
332.46753246753246,139.76820466381778
333.0081300813008,120.71961621353276
333.5504885993485,123.24163204001772
334.094616639478,152.43064454827015
334.640522875817,201.58213020383732
335.18821603927984,253.71873439631932
335.73770491803276,288.6671002544636
336.28899835796386,292.6331736815753
336.8421052631579,265.4645918238603
337.3970345963756,221.6167590484931
337.95379537953795,183.9537951937065
338.51239669421483,173.27305119236917
339.07284768211923,198.74575480334673
339.63515754560524,253.99103797695327
340.19933554817277,320.5304359469936
340.765391014975,376.5933876843232
341.3333333333333,406.7095278330547
341.9031719532554,407.5095287361269
342.4749163879599,387.4978617406343
343.04857621440533,361.78581616116395
343.6241610738255,345.0603573073688
344.2016806722689,346.3256111966141
344.7811447811448,367.3288595761431
345.362563237774,404.24591339105376
345.94594594594594,450.6090550886458
346.5313028764805,499.42800158822496
347.11864406779665,543.7272895450586
347.70797962648555,576.2865480325489
348.29931972789115,590.1146131873087
348.8926746166951,580.5950209506763
349.4880546075085,548.7217843546983
350.0854700854701,503.4602407455007
350.6849315068493,461.03471259981524
351.286449399657,440.2103720944414
351.89003436426117,454.82273952947463
352.4956970740103,506.70630089375607
353.10344827586204,582.647053402951
353.71329879101904,657.5910904311083
354.3252595155709,703.5950612365499
354.93934142114387,701.18776166099
355.55555555555554,648.3369612283865
356.17391304347825,562.8736615377595
356.794425087108,476.82118777905765
357.4171029668411,424.5170477642061
358.04195804195797,429.172853142683
358.6690017513135,493.3400571169986
359.29824561403507,597.2616312264626
359.9297012302285,705.9303703107548
360.5633802816901,782.1715614234672
361.1992945326279,800.6615269806982
361.8374558303887,757.4514212686731
362.4778761061947,671.3925815469644
363.1205673758865,577.0530474708264
363.76554174067496,511.952067274052
364.4128113879003,502.983050070652
365.0623885918003,557.0315211117742
365.7142857142857,659.0424186887896
366.3685152057245,777.9164069023996
367.02508960573476,877.7846334212995
367.68402154398564,930.440480151009
368.3453237410072,924.5348651838499
369.009009009009,868.5443265525081
369.67509025270755,786.8918607511524
370.3435804701627,710.9892343284691
371.0144927536232,668.5477033730671
371.68784029038113,674.8306180551548
372.3636363636364,728.5789970314738
373.0418943533697,813.555684574181
373.7226277372263,904.7348038029672
374.4058500914077,976.7566771315132
375.09157509157507,1011.7629706825891
375.77981651376143,1004.2070384933036
376.47058823529414,961.4389750678357
377.1639042357274,900.3098679267619
377.8597785977859,841.2469165626949
378.5582255083179,801.8685525151973
379.25925925925924,792.1075364078147
379.96289424860856,812.1270290480418
380.6691449814126,853.3284698463099
381.37802607076355,901.7848557728214
382.089552238806,942.8011278540253
382.803738317757,965.1495977742876
383.5205992509363,963.8052195560035
384.24015009380867,940.5925019973336
384.96240601503763,902.8444498348057
385.6873822975518,860.7137786591469
386.4150943396226,824.0590988223989
387.14555765595463,799.8369752499805
387.8787878787879,790.6503752331932
388.6148007590133,794.6653167757604
389.35361216730035,806.7186287728563
390.09523809523813,820.1580249575759
390.8396946564886,828.8046621086429
391.5869980879541,828.4911460983202
392.3371647509578,817.8475942361841
393.0902111324376,798.2456000658211
393.84615384615387,773.0398398958947
394.6050096339113,746.426779079348
395.3667953667953,722.2754898707749
396.1315280464217,703.2199954428397
396.8992248062015,690.2086428667919
397.6699029126213,682.5560433041493
398.4435797665369,678.3849804227245
399.22027290448347,675.2809386143359
400.0,670.9750003096431
400.7827788649706,663.8759371805845
401.56862745098044,653.3383701878428
402.35756385068765,639.6581716930602
403.1496062992126,623.8484837652942
403.9447731755424,607.281122083881
404.7430830039526,591.3046648129675
405.54455445544556,576.9395851410923
406.3492063492063,564.7043256570945
407.1570576540755,554.5862572108157
407.9681274900399,546.142477089189
408.7824351297405,538.6836855715648
409.59999999999997,531.4769061023264
410.4208416833667,523.9173062168503
411.24497991967877,515.642649543295
412.07243460764585,506.573182180044
412.9032258064516,496.87598389103965
413.7373737373737,486.88057828858604
414.57489878542515,476.9778544209971
415.4158215010142,467.52347526900314
416.260162601626,458.76671327259174
417.10794297352334,450.81785062539984
417.9591836734694,443.65012704093397
418.81390593047036,437.1305847157028
419.67213114754094,431.07070892945666
420.53388090349074,425.27667513301776
421.3991769547325,419.58879864582707
422.2680412371134,413.91013803437636
423.1404958677686,408.21566588628355
424.0165631469979,402.5402629999986
424.896265560166,396.95892682917975
425.77962577962575,391.565092993409
426.6666666666667,386.44761033685563
427.5574112734864,381.6729311946417
428.45188284518827,377.2751098426065
429.3501048218029,373.2542199722487
430.25210084033614,369.5848363155644
431.1578947368421,366.22727797841634
432.06751054852316,363.1362024194303
432.98097251585625,360.2704591606809
433.8983050847458,357.60150979419853
434.81953290870484,355.1159818166818
435.74468085106383,352.8156596535934
436.67377398720674,350.7142525579191
437.60683760683764,348.83080328793903
438.54389721627405,347.1856384839718
439.48497854077254,345.79725626199485
440.4301075268817,344.6781934265535
441.37931034482756,343.83472204038446
442.3326133909287,343.2675829521437
443.2900432900433,342.9715484918675
444.2516268980477,342.93912715674355
445.2173913043478,343.16409636759374
446.1873638344227,343.641169483952
447.1615720524017,344.3682096047975
448.14004376367615,345.34765254795576
449.12280701754383,346.58398321444474
450.1098901098901,348.0848262403272
451.10132158590307,349.86134932891173
452.0971302428256,351.92379249359726
453.0973451327433,354.2821572365553
454.1019955654102,356.9482670704446
455.1111111111111,359.9319277016814
456.1247216035635,363.24154295292203
457.1428571428571,366.8871883896638
458.165548098434,370.87698235057013
459.19282511210764,375.2171873360305
460.2247191011236,379.9167862336494
461.2612612612612,384.98516086949684
462.3024830699774,390.43059324814095
463.3484162895927,396.2636215381579
464.39909297052156,402.49500464656825
465.4545454545454,409.13327633778596
466.5148063781321,416.1880747669634
467.57990867579906,423.67039341599644
468.64988558352405,431.58984560187747
469.7247706422018,439.955987729429
470.8045977011494,448.780131791173
471.889400921659,458.0738567371512
472.97921478060044,467.84772966102935
474.07407407407413,478.1128696133359
475.17401392111367,488.8826929978481
476.27906976744185,500.1720144249478
477.3892773892773,511.99618011698834
478.5046728971963,524.3715010668191
479.62529274004686,537.3146489522857
480.75117370892025,550.8431491332173
481.88235294117646,564.9765847212203
483.0188679245283,579.7346787161101
484.160756501182,595.136553980289
485.3080568720379,611.2020707707954
486.46080760095015,627.9499409357423
487.61904761904765,645.3973816307542
488.7828162291169,663.5624823584848
489.95215311004785,682.4617290606716
491.1270983213429,702.1080682487456
492.3076923076923,722.5139555716527
493.4939759036144,743.6904850749354
494.68599033816423,765.6442127392452
495.8837772397094,788.3785661680691
497.08737864077665,811.8950243160859
498.29683698296833,836.1920039215305
499.51219512195115,861.2646924060385
500.7334963325183,887.1050675036142
501.9607843137255,913.7016476005484
503.1941031941032,941.0391144107597
504.43349753694577,969.0986499892437
505.679012345679,997.8597376142155
506.9306930693069,1027.299076365109
508.18858560794047,1057.3878318155364
509.452736318408,1088.0933968228787
510.72319201995015,1119.380296093107
511.99999999999994,1151.2073487610278
513.2832080200501,1183.5284160401545
514.572864321608,1216.2935387820266
515.8690176322418,1249.4467286766344
517.1717171717172,1282.926529390836
518.4810126582279,1316.6657667504805
519.7969543147208,1350.588186201051
521.1195928753181,1384.6106554077385
522.4489795918367,1418.6453366163535
523.7851662404091,1452.594937990817
525.1282051282051,1486.3521501720859
526.478149100257,1519.8034350971352
527.8350515463917,1552.828052181405
529.1989664082687,1585.2971575724332
530.5699481865284,1617.0743237845497
531.948051948052,1648.0152045389523
533.3333333333333,1677.9717776923642
534.7258485639686,1706.7948006423073
536.1256544502618,1734.3292073693688
537.5328083989501,1760.4158142625065
538.9473684210527,1784.8983288688416
540.3693931398416,1807.6230345445515
541.7989417989418,1828.437328980604
543.236074270557,1847.1930826404985
544.6808510638298,1863.7496900718083
546.1333333333333,1877.9748284522952
547.5935828877006,1889.7435230548006
549.0616621983914,1898.9409790512007
550.5376344086021,1905.468033834639
552.021563342318,1909.237663421948
553.5135135135134,1910.172585359838
555.0135501355013,1908.214661257536
556.5217391304348,1903.3262909617415
558.0381471389645,1895.4837074014722
559.5628415300547,1884.682161609509
561.0958904109589,1870.9411888902628
562.6373626373627,1854.3003642356437
564.1873278236914,1834.820289029376
565.7458563535912,1812.5877352309215
567.3130193905816,1787.7165810534111
568.8888888888889,1760.3475751925523
570.4735376044569,1730.6491376282552
572.0670391061452,1698.8198850217411
573.6694677871149,1665.0894243675777
575.2808988764044,1629.7160596893914
576.9014084507043,1592.9874777867242
578.5310734463276,1555.2197607406076
580.1699716713881,1516.7530802850656
581.8181818181818,1477.952425126352
583.4757834757835,1439.2042179875332
585.1428571428571,1400.9073423682564
586.8194842406876,1363.4726293650353
588.5057471264367,1327.3185951552234
590.2017291066282,1292.858369169041
591.907514450867,1260.4960808200387
593.6231884057971,1230.6214267175533
595.3488372093024,1203.594570674407
597.0845481049563,1179.741875244361
598.8304093567251,1159.3525728349866
600.5865102639297,1142.6641438354454
602.3529411764705,1129.8574504857897
604.1297935103245,1121.056579057859
605.9171597633135,1116.3171891785883
607.7151335311573,1115.621058239775
609.5238095238094,1118.8790173385441
611.3432835820896,1125.9251090561302
613.1736526946107,1136.5102389216192
615.015015015015,1150.3038324941278
616.867469879518,1166.8962424430952
618.7311178247734,1185.8012337887985
620.6060606060606,1206.461001856628
622.4924012158054,1228.256971251848
624.390243902439,1250.5267622415192
626.2996941896024,1272.5794286653506
628.2208588957055,1293.7130382806617
630.1538461538462,1313.2390141427402
632.0987654320987,1330.4997989391898
634.0557275541796,1344.8814886363314
636.0248447204968,1355.83140786559
638.006230529595,1362.8703454376255
640.0,1365.599699533321
642.0062695924764,1363.7159149196957
644.0251572327044,1357.028891680565
646.0567823343847,1345.4816558313462
648.1012658227849,1329.1717800442934
650.1587301587301,1308.3682217302724
652.2292993630573,1283.5211650126166
654.3130990415335,1255.2598323133368
656.4102564102564,1224.3710806936444
658.5209003215434,1191.7622219422917
660.6451612903226,1158.414275094396
662.7831715210356,1125.3326180394954
664.9350649350649,1093.5015245025784
667.100977198697,1063.8459718164495
669.281045751634,1037.2093178348412
671.4754098360655,1014.3451433703895
673.6842105263158,995.9105914291551
675.9075907590759,982.4640525177279
678.1456953642385,974.4639724159516
680.3986710963455,972.2526139970806
682.6666666666666,976.030237920752
684.9498327759198,985.8195658459847
687.248322147651,1001.4045305866447
689.5622895622896,1022.2590532261848
691.8918918918919,1047.4813274255032
694.2372881355933,1075.7345356057308
696.5986394557823,1105.2465431898415
698.976109215017,1133.9177046358946
701.3698630136986,1159.5243831279936
703.7800687285223,1180.020931386525
706.2068965517241,1193.906183332473
708.6505190311418,1200.5180839408351
711.1111111111111,1200.1600049927004
713.588850174216,1194.0147930446408
716.0839160839159,1183.7913623825818
718.5964912280701,1171.1876565102407
721.1267605633802,1157.3825597686598
723.6749116607774,1142.7112979035458
726.241134751773,1126.6478252325467
728.8256227758006,1108.1633803813627
731.4285714285714,1086.3370635596734
734.0501792114695,1061.0062233953413
736.6906474820144,1033.2910068923723
739.3501805054151,1005.8544984499749
742.0289855072464,982.8360261590732
744.7272727272727,969.4771647157481
747.4452554744526,971.4103303706278
750.1831501831501,993.5218198860418
752.9411764705883,1038.382310229901
755.7195571955718,1104.4670259190475
758.5185185185185,1184.7533630228195
761.3382899628252,1266.5897834206569
764.179104477612,1333.619298611581
767.0411985018726,1369.868812226991
769.9248120300753,1365.0602015853901
772.8301886792452,1319.2375265962132
775.7575757575758,1244.5894774914427
778.7072243346007,1163.203679903823
781.6793893129772,1101.1059327945118
784.6743295019156,1080.5411084871132
787.6923076923077,1113.198110562598
790.7335907335906,1196.5931828741127
793.798449612403,1314.4860585321328
796.8871595330738,1440.8034709577792
800.0,1545.728269129322
803.1372549019609,1602.5091472093288
806.2992125984252,1593.7781305558003
809.4861660079052,1516.2986978492083
812.6984126984127,1383.0529864573627
815.9362549800798,1221.7250219681398
819.1999999999999,1069.2979595882089
822.4899598393575,963.648385158394
825.8064516129032,934.2066422057659
829.1497975708503,994.3294585723668
832.520325203252,1137.634921124582
835.9183673469388,1339.3004037921046
839.3442622950819,1561.7784216436207
842.798353909465,1763.1673738602267
846.2809917355372,1905.9541158927807
849.792531120332,1964.0827863509876
853.3333333333334,1927.058232791785
856.9037656903765,1800.6872896558189
860.5042016806723,1604.8346398125507
864.1350210970463,1369.0842244734283
867.7966101694916,1127.3896169662185
871.4893617021277,912.7249661341731
875.2136752136753,752.5283731817108
878.9699570815451,665.4401380020843
882.7586206896551,659.551930718812
886.5800865800866,732.1615724168619
890.4347826086956,870.8626581504914
894.3231441048034,1055.6860963725
898.2456140350877,1261.9662845892115
902.2026431718061,1463.561029011639
906.1946902654867,1636.010578512865
910.2222222222222,1759.272546298164
914.2857142857142,1819.7447205132164
918.3856502242153,1811.3331824240627
922.5225225225224,1735.490692235071
926.6968325791854,1600.3719788935716
930.9090909090908,1419.319586260733
935.1598173515981,1208.930385137956
939.4495412844036,987.0466309981861
943.778801843318,770.9733197259586
948.1481481481483,576.0717064963221
952.5581395348837,414.7963623784526
957.0093457943926,296.1788454788558
961.5023474178405,225.6737141114273
966.0377358490566,205.26237681081489
970.6161137440758,233.73956564166977
975.2380952380953,307.1245148349966
979.9043062200957,419.16223451248766
984.6153846153846,561.9039755964126
989.3719806763285,726.3495703699368
994.1747572815533,903.1153500655832
999.0243902439023,1083.0790818880694
1003.921568627451,1257.9420372245772
1008.8669950738915,1420.6488854335075
1013.8613861386139,1565.6306956109358
1018.905472636816,1688.8675877486396
1023.9999999999999,1787.7952367848789
1029.145728643216,1861.1071188319356
1034.3434343434344,1908.515844111142
1039.5939086294416,1930.52601748568
1044.8979591836735,1928.2553602411786
1050.2564102564102,1903.318270229814
1055.6701030927834,1857.7575171791893
1061.139896373057,1793.997848694176
1066.6666666666665,1714.79551159169
1072.2513089005236,1623.1586923765517
1077.8947368421054,1522.2288660445029
1083.5978835978835,1415.1342058982116
1089.3617021276596,1304.8344835695646
1095.1871657754011,1193.9802988640834
1101.0752688172042,1084.8100027125924
1107.0270270270269,979.097936204534
1113.0434782608695,878.1561752337949
1119.1256830601094,782.8819881292951
1125.2747252747254,693.8333473854092
1131.4917127071824,611.313191903616
1137.7777777777778,535.4467025631411
1144.1340782122904,466.2391161478487
1150.5617977528088,403.61016465002734
1157.0621468926552,347.4095030619834
1163.6363636363635,297.418549442281
1170.2857142857142,253.34633460680163
1177.0114942528735,214.8291713660337
1183.815028901734,181.43860107654638
1190.6976744186047,152.69686153699345
1197.6608187134502,128.09891470962458
1204.705882352941,107.13825908869829
1211.834319526627,89.33112277435919
1219.0476190476188,74.23488916261475
1226.3473053892214,61.45921527079497
1233.734939759036,50.669596583840494
1241.2121212121212,41.58423059776948
1248.780487804878,33.966396209859276
1256.441717791411,27.61512300872957
1264.1975308641975,22.356222115721835
1272.0496894409937,18.034949832342523
1280.0,14.511244132428642
1288.0503144654087,11.657640945324122
1296.2025316455697,9.358991051872795
1304.4585987261146,7.513084057410259
1312.8205128205127,6.03154224669725
1321.2903225806451,4.840284925774048
1329.8701298701299,3.8791575315788323
1338.562091503268,3.1007826992657472
1347.3684210526317,2.4687625331903855
1356.291390728477,1.9554571383766688
1365.3333333333333,1.53977539195176
1374.496644295302,1.2052689500499163
1383.7837837837837,0.9385780241972556
1393.1972789115646,0.7283196189029971
1402.7397260273972,0.564480448653695
1412.4137931034481,0.43815877190688535
1422.2222222222222,0.34148513503929945
1432.1678321678319,0.26766863041005573
1442.2535211267605,0.21107187768669755
1452.482269503546,0.16720699752866272
1462.857142857143,0.13266449329489974
1473.3812949640287,0.10499797407533268
1484.0579710144928,0.08254224733510847
1494.890510948905,0.06419954841014522
1505.8823529411766,0.049253769901412885
1517.037037037037,0.03721938254730815
1528.358208955224,0.02772177457048115
1539.8496240601505,0.02042064631075529
1551.5151515151515,0.014975865233043192
1563.3587786259543,0.011043257092963138
1575.3846153846155,0.008285869094802133
1587.596899224806,0.006390845130499089
1600.0,0.005087975192565501
1612.5984251968505,0.004162930307406331
1625.3968253968253,0.0034597115003026212
1638.3999999999999,0.0028762589498052544
1651.6129032258063,0.0023566983483266344
1665.040650406504,0.0018792550924870894
1678.6885245901638,0.0014428362268988982
1692.5619834710744,0.0010563238949164954
1706.6666666666667,0.000730030817467802
1721.0084033613446,0.0004700101206704758
1735.5932203389832,0.00027649577126039304
1750.4273504273506,0.00014397420518331766
1765.5172413793102,6.223829597967197e-05
1780.8695652173913,1.9050076775377545e-05
1796.4912280701753,2.2904297543224628e-06
1812.3893805309733,1.2774646997259286e-06
1828.5714285714284,7.97394633967081e-06
1845.0450450450448,1.719579391554193e-05
1861.8181818181815,2.624938978877518e-05
1878.8990825688072,3.444758807732317e-05
1896.2962962962965,4.215504615578865e-05
1914.0186915887853,5.003727841808382e-05
1932.0754716981132,5.8732245609859754e-05
1950.4761904761906,6.850055260227653e-05
1969.2307692307693,7.889560187490118e-05
1988.3495145631066,8.890504207094958e-05
2007.843137254902,9.751461070189681e-05
2027.7227722772277,0.00010369178776447828
2047.9999999999998,0.0001063033447246343
2068.686868686869,0.0001048540814295017
2089.795918367347,9.949957577379251e-05
2111.340206185567,9.045857200188736e-05
2133.333333333333,7.84388002425453e-05
2155.789473684211,6.47526660687303e-05
2178.723404255319,5.0582984405967296e-05
2202.1505376344085,3.693882354006886e-05
2226.086956521739,2.4852156375764468e-05
2250.5494505494507,1.5073946492006759e-05
2275.5555555555557,7.930494691632452e-06
2301.1235955056177,3.448172578620071e-06
2327.272727272727,1.4137126431687623e-06
2354.022988505747,1.3729874671547281e-06
2381.3953488372094,2.7066439702834156e-06
2409.411764705882,4.753226338004399e-06
2438.0952380952376,6.901817204476136e-06
2467.469879518072,8.74848818150461e-06
2497.560975609756,1.0015315275476673e-05
2528.395061728395,1.0409155212248525e-05
2560.0,1.00008674255875e-05
2592.4050632911394,9.128495732149322e-06
2625.6410256410254,7.834553942226194e-06
2659.7402597402597,6.266182142918015e-06
2694.7368421052633,4.8562478612797784e-06
2730.6666666666665,3.712745216987539e-06
2767.5675675675675,2.7828243981279054e-06
2805.4794520547944,2.136836928389124e-06
2844.4444444444443,1.7613171533885838e-06
2884.507042253521,1.5855466921183022e-06
2925.714285714286,1.4666501798575417e-06
2968.1159420289855,1.3036252155035522e-06
3011.764705882353,1.2017688807655652e-06
3056.716417910448,1.1319017789254724e-06
3103.030303030303,9.663386214302432e-07
3150.769230769231,8.583618292828886e-07
3200.0,9.200630612215758e-07
3250.7936507936506,9.71281540754002e-07
3303.2258064516127,9.84741499273487e-07
3357.3770491803275,1.1575535014615177e-06
3413.3333333333335,1.365897725755044e-06
3471.1864406779664,1.3750165547212258e-06
3531.0344827586205,1.466605652358904e-06
3592.9824561403507,1.6953917305113133e-06
3657.142857142857,1.799181914352574e-06
3723.636363636363,1.8353160503874958e-06
3792.592592592593,1.6292038178056604e-06
3864.1509433962265,1.4007073472708e-06
3938.4615384615386,1.2661009429485846e-06
4015.686274509804,7.886822114700026e-07
4095.9999999999995,4.6736777460236124e-07
4179.591836734694,7.184331536785073e-07
4266.666666666666,8.809198592412996e-07
4357.446808510638,4.913071124242098e-07
4452.173913043478,1.8411424264102552e-07
4551.111111111111,4.612927908735864e-08
4654.545454545454,6.64366028438256e-09
4762.790697674419,2.408660284488737e-09
4876.190476190475,1.4051275630781287e-09
4995.121951219512,3.522947511403152e-10
5120.0,1.04394233220155e-10
5251.282051282051,9.660394054173423e-11
5389.473684210527,3.3087501519488376e-11
5535.135135135135,5.530990946786971e-12
5688.888888888889,5.526417381809521e-12
5851.428571428572,2.783299295143781e-12
6023.529411764706,3.2943567659494794e-13
6206.060606060606,8.083054774563527e-14
6400.0,1.1301988832496204e-13
6606.451612903225,2.688677733645339e-14
6826.666666666667,6.3749988724714e-15
7062.068965517241,4.8958911706762665e-15
7314.285714285714,2.755022256081228e-15
7585.185185185186,1.87280661424278e-15
7876.923076923077,9.915400198501743e-16
