"Wavelength, nm",Intensity
136.44237175216523,2.410079903124676e-27
136.53333333333333,3.298078342829664e-27
136.62441627751835,6.358804962982643e-27
136.71562082777035,5.293695919005209e-27
136.80694722778892,2.2625457251782554e-26
136.89839572192514,1.2450238513164413e-22
136.98996655518394,1.2847658712472072e-19
137.08165997322624,2.3064705508298875e-17
137.17347622237108,1.3110469807957224e-15
137.26541554959786,3.3415852964876385e-14
137.35747820254863,4.754448137183215e-13
137.4496644295302,4.363542523494207e-12
137.54197447951645,2.851851245719991e-11
137.63440860215053,1.4231528098046129e-10
137.72696704774717,5.703158180672948e-10
137.81965006729476,1.9050215845032826e-09
137.9124579124579,5.454773181581959e-09
138.0053908355795,1.3678349593179337e-08
138.09844908968307,3.053725260493903e-08
138.19163292847506,6.147642301064994e-08
138.28494260634707,1.1270593666343408e-07
138.37837837837836,1.8957995561733498e-07
138.47194050033806,2.941831092095699e-07
138.5656292286874,4.226779169696641e-07
138.65944482058225,5.633893714731337e-07
138.75338753387533,6.968074698325316e-07
138.84745762711862,7.985079274262407e-07
138.94165535956583,8.453688551767653e-07
139.03598099117448,8.24503888080885e-07
139.1304347826087,7.433071894958963e-07
139.22501699524133,6.382698135986969e-07
139.31972789115645,5.801070771670258e-07
139.4145677331518,6.733986334248647e-07
139.50953678474113,1.0502968972917652e-06
139.60463531015677,1.8595494876306577e-06
139.69986357435198,3.2535828197805473e-06
139.79522184300342,5.377189166597845e-06
139.89071038251367,8.361121172914632e-06
139.98632946001365,1.2322612769952557e-05
140.08207934336525,1.7372835934456427e-05
140.17796030116358,2.3629130577246434e-05
140.27397260273972,3.122812462616837e-05
140.37011651816314,4.0335057606258596e-05
140.46639231824417,5.114491534827165e-05
140.56280027453673,6.387225445438022e-05
140.65934065934067,7.872849673852936e-05
140.75601374570448,9.588756193004203e-05
140.85281980742778,0.00011544256709327662
140.949759119064,0.00013735767598721787
141.04683195592284,0.00016141995892004834
141.14403859407307,0.00018719644757251428
141.24137931034483,0.0002140016568136093
141.33885438233264,0.00024088088169117844
141.4364640883978,0.0002666146519575823
141.53420870767104,0.00028974980840318603
141.6320885200553,0.00030866255587332726
141.73010380622836,0.00032165813621568435
141.8282548476454,0.00032710986294981394
141.92654192654192,0.0003236365406598464
142.0249653259362,0.0003103113675747193
142.1235253296322,0.0002868874596924312
142.22222222222223,0.0002540160434288368
142.32105628908963,0.00021342480537203193
142.42002781641168,0.00016801833347074158
142.51913709116212,0.00012186306086890019
142.6183844011142,8.002825682757906e-05
142.7177700348432,4.827341750205601e-05
142.81729428172943,3.259950409560938e-05
142.91695743196092,3.871262009390528e-05
143.0167597765363,7.147692966350818e-05
143.11670160726763,0.0001344504983163535
143.21678321678323,0.00022959566234086144
143.31700489853043,0.00035722998313517795
143.4173669467787,0.0005162360083258584
143.5178696566223,0.0007044863768785949
143.61851332398317,0.0009193793146664344
143.71929824561403,0.0011583349117734625
143.8202247191011,0.0014190908709275874
143.92129304286718,0.0016996675278660586
144.0225035161744,0.0019979443423793755
144.12385643912737,0.0023108912907432813
144.22535211267606,0.00263360629807221
144.32699083861874,0.0029583946396510253
144.42877291960508,0.0032741637340168075
144.530698659139,0.0035663833259785556
144.6327683615819,0.0038177708504864975
144.73498233215545,0.0040097222203174954
144.83734087694484,0.0041243582540977
144.9398443029016,0.00414691626848214
145.04249291784703,0.004068113572596944
145.14528703047483,0.003886103408931299
145.24822695035462,0.00360770301647709
145.35131298793468,0.0032486447621083415
145.45454545454544,0.0028327708639623414
145.55792466240226,0.002390286950459203
145.66145092460883,0.0019552282381462152
145.76512455516016,0.001562396285443115
145.86894586894587,0.0012441924112734106
145.9729151817534,0.0010276233883675196
146.07703281027102,0.0009317167266714053
146.18129907209135,0.0009657880494232385
146.28571428571428,0.0011286707159353386
146.39027877055037,0.001408879785135322
146.49499284692416,0.001786046651223131
146.59985683607732,0.002233327358022363
146.7048710601719,0.002720248629695671
146.8100358422939,0.0032162820628345795
146.91535150645623,0.0036943754722101566
147.0208183776023,0.004133313684855786
147.1264367816092,0.004519785313555107
147.23220704529115,0.004849575818021269
147.33812949640287,0.005126432685845977
147.4442044636429,0.005361044352037571
147.55043227665706,0.005570466961794914
147.6568132660418,0.005774768038112908
147.76334776334778,0.005993677934728954
147.87003610108303,0.006245769525371545
147.97687861271675,0.006545939730330519
148.08387563268258,0.006903532745082251
148.19102749638205,0.007323940631678675
148.29833454018825,0.0078037498258482635
148.40579710144928,0.00832331387834134
148.51341551849166,0.008854839100842627
148.6211901306241,0.009369682576742535
148.72912127814087,0.009824311460650015
148.8372093023256,0.01015899792892888
148.94545454545454,0.010322060451198892
149.0538573508006,0.01027223196833257
149.16241806263656,0.00996839072942926
149.27113702623907,0.009391570834346049
149.38001458789202,0.00855904418679609
149.4890510948905,0.007504549174049744
149.59824689554418,0.006280641743572092
149.70760233918128,0.0049747686203984644
149.81711777615214,0.003690098163259464
149.9267935578331,0.0025259725810450346
150.03663003663004,0.0015797072974334358
150.1466275659824,0.0009341517777106898
150.25678650036684,0.0006437000423952495
150.36710719530103,0.0007398224596092376
150.47759000734754,0.0012313184315242913
150.58823529411762,0.002102350980691201
150.69904341427517,0.003325280169596189
150.8100147275405,0.004868701028496046
150.92114959469419,0.006698065216955754
151.03244837758112,0.008784508837543148
151.1439114391144,0.011105514563113983
151.25553914327915,0.013631285280813211
151.3673318551367,0.016321660906078082
151.47928994082838,0.01912630460697446
151.59141376757958,0.021966522904845267
151.7037037037037,0.024725633704333682
151.81616011860638,0.027266560102804933
151.92878338278933,0.029438807513718707
152.04157386785448,0.03107059194689678
152.15453194650817,0.031993395310338145
152.26765799256503,0.032084550551638294
152.38095238095235,0.031275665088801495
152.4944154877141,0.029550490412418844
152.6080476900149,0.02696663075494781
152.72184936614468,0.023664757615135167
152.8358208955224,0.0198485014266752
152.9499626587005,0.015768018832949964
153.0642750373692,0.011707644500892412
153.1787584143605,0.00796011040998359
153.29341317365268,0.0047988235311212605
153.40823970037454,0.0024582385035114528
153.5232383808096,0.0011196717510906157
153.6384096024006,0.00090271565900189
153.75375375375376,0.0018627047358365564
153.86927122464311,0.003995630136094871
153.98496240601503,0.007243996598636485
154.10082768999246,0.011498339447045753
154.2168674698795,0.01661156110913313
154.33308214016577,0.02241957183727319
154.4494720965309,0.028733681730844382
154.56603773584905,0.0353292259696991
154.68277945619334,0.04196841141687416
154.79969765684052,0.048413138237706946
154.91679273827532,0.05440695071899612
155.0340651021953,0.059681466876823935
155.15151515151516,0.06398129574449511
155.2691432903715,0.06706847209660659
155.38694992412746,0.06874133764573448
155.50493545937738,0.06886749107664379
155.62310030395136,0.06738208650972514
155.74144486692012,0.0642928416724163
155.8599695585997,0.05971678257191258
155.97867479055597,0.053872732231273666
156.09756097560975,0.04704623261898267
156.21662852784135,0.03960435847203226
156.33587786259542,0.03199808047255897
156.45530939648586,0.024700693268261714
156.5749235474006,0.018169079447367533
156.69472073450652,0.012847079651282208
156.8147013782542,0.009139522906863016
156.93486590038313,0.007368037396879183
157.05521472392638,0.007752349603836286
157.17574827321565,0.010404249155257093
157.29646697388634,0.01532184037844272
157.4173712528824,0.022386211284479426
157.53846153846155,0.03136258622456502
157.65973826020013,0.04191633743905045
157.78120184899845,0.05363251191300232
157.9028527370856,0.06602551942925303
158.02469135802468,0.07856070423940982
158.14671814671814,0.09068562871304572
158.26893353941267,0.10184692074481214
158.39133797370457,0.11151530154790562
158.5139318885449,0.11922587213533309
158.63671572424477,0.12459229451904318
158.7596899224806,0.12731412994405578
158.88285492629947,0.1272221966001447
159.0062111801242,0.12430932906339245
159.12975912975912,0.11870052941935093
159.25349922239502,0.11063368853497407
159.37743190661476,0.10049498286619794
159.50155763239874,0.08883456781487899
159.62587685113016,0.07631340876445356
159.7503900156006,0.06364012117958005
159.87509758001562,0.0515528493320521
160.0,0.04081149408160957
160.12509773260362,0.03215017361586681
160.2503912363067,0.026213269595145486
160.37588097102582,0.023519067003979093
160.5015673981191,0.02444019528544668
160.62745098039213,0.029181048494898387
160.7535321821036,0.037755213998476145
160.87981146897093,0.04996074298868784
161.0062893081761,0.06538212807019522
161.13296616837135,0.08344253178302467
161.25984251968504,0.10342628673146112
161.38691883372735,0.12445121802988383
161.51419558359618,0.14553284750588852
161.64167324388316,0.1657164298630264
161.7693522906793,0.18407409197385444
161.89723320158103,0.19965742988139695
162.0253164556962,0.21162913543128434
162.15360253365006,0.21940932705475716
162.28209191759112,0.22262820424642524
162.41078509119745,0.2210751344458148
162.53968253968253,0.2147879408811094
162.66878474980143,0.20411349559569153
162.79809220985692,0.18966423888125888
162.92760540970565,0.17226693030224718
163.05732484076432,0.15292680055674468
163.18725099601593,0.13279336027334776
163.31738437001593,0.1131230300142766
163.44772545889865,0.09520205165495275
163.57827476038338,0.08025619499346742
163.709032773781,0.06940526727835042
163.84,0.06362046804790723
163.97117694155327,0.06364186576181428
164.1025641025641,0.06990144732793656
164.23416198877305,0.08249234438054256
164.3659711075441,0.10118038630140007
164.49799196787149,0.12541777143922303
164.63022508038586,0.15432812696535556
164.76267095736122,0.1867207690276158
164.89533011272144,0.2211705192408538
165.02820306204674,0.25610709012723104
165.16129032258064,0.28990999792404865
165.29459241323647,0.3209904699681379
165.4281098546042,0.3478007632378232
165.56184316895713,0.36891427649283465
165.6957928802589,0.38324779483022503
165.82995951417004,0.3901413335732586
165.9643435980551,0.3892736228380232
166.09894566098947,0.3807214503078751
166.23376623376623,0.36505481650363114
166.36880584890332,0.343263470827933
166.5040650406504,0.3167148217605009
166.63954434499593,0.2871501776437266
166.77524429967426,0.2565392201607872
166.9111654441728,0.22695220339326783
167.047308319739,0.2005157554805854
167.18367346938777,0.1792711330897988
167.3202614379085,0.16501205331714064
167.45707277187245,0.1592191019668176
167.59410801963992,0.16296957965789638
167.7313677313677,0.17681117390047116
167.86885245901638,0.20074532322536964
168.00656275635768,0.23427766721127455
168.14449917898193,0.27633496091404547
168.28266228430567,0.3252053467921425
168.42105263157896,0.3787960035969691
168.559670781893,0.4347873121253142
168.6985172981878,0.4904665876060753
168.83759274525966,0.5430047800096447
168.97689768976898,0.5899336950287002
169.11643270024774,0.6289491090519644
169.25619834710741,0.6579653044372117
169.39619520264682,0.6757345467016327
169.53642384105962,0.6816134260326872
169.67688483844242,0.6752726897127962
169.81757877280262,0.6574336234218225
169.95850622406635,0.6297285274460876
170.09966777408638,0.5938307192543602
170.24106400665005,0.5520667855759923
170.3826955074875,0.5078443085603837
170.52456286427974,0.46446214639023115
170.66666666666666,0.42487985830616626
170.8090075062552,0.39249151518294473
170.9515859766277,0.37049499905291283
171.09440267335003,0.36102939181770727
171.23745819397996,0.3657186515385869
171.3807531380753,0.3858827903371639
171.52428810720266,0.4215006773913891
171.66806370494552,0.47108931237642915
171.81208053691276,0.5330334957306523
171.95633921074725,0.6053988533772825
172.10084033613444,0.6845181330173123
172.24558452481077,0.7662882213753204
172.3905723905724,0.8476921660608893
172.5358045492839,0.924698678230343
172.681281618887,0.9922979577455131
172.82700421940928,1.0478971652589446
172.97297297297297,1.0897266176564482
173.11918850380385,1.1141998695294861
173.26565143824024,1.1200335610590693
173.41236240474177,1.1093204018165663
173.55932203389833,1.0823869587825474
173.70653095843934,1.0396751835912486
173.85398981324278,0.9864071566373291
174.0016992353441,0.9278011276016814
174.14965986394557,0.8659554046287409
174.2978723404255,0.8055478774228758
174.44633730834755,0.7537756312622167
174.59505541346974,0.7140454396630226
174.74402730375425,0.6877040793802616
174.8932536293766,0.6790790257363029
175.04273504273505,0.6918049553968748
175.1924721984602,0.7241794376436426
175.34246575342465,0.7739807843130181
175.49271636675235,0.8426780530284431
175.6432246998285,0.928630750670671
175.79399141630904,1.02359129305205
175.94501718213058,1.122642155644499
176.0963026655202,1.2259377995066294
176.24784853700515,1.3262664931655745
176.3996554694229,1.4124259888467583
176.55172413793102,1.48367226646646
176.70405522001724,1.5407820099139455
176.85664939550952,1.574468906696561
177.00950734658602,1.5808947004218645
177.16262975778545,1.567788435015534
177.3160173160173,1.5361387163178544
177.46967071057193,1.4817120699818338
177.62359063313096,1.4115081246398171
177.77777777777777,1.3353348485576941
177.93223284100782,1.2542440867460891
178.08695652173913,1.171313835924573
178.24194952132288,1.0958961590362202
178.397212543554,1.0332077437630312
178.55274629468178,0.9850426267254037
178.70855148342056,0.9562784976508083
178.86462882096066,0.9503484723752804
179.02097902097898,0.9663093287155259
179.17760279965006,1.0047304233466934
179.33450087565674,1.0662171730793504
179.4916739702016,1.14437369057967
179.64912280701753,1.2325155973963822
179.80684811237927,1.3310286650496448
179.96485061511424,1.4343768640367005
180.12313104661388,1.5274106744904845
180.28169014084506,1.606661035914136
180.44052863436124,1.6776096377827554
180.59964726631395,1.7294028847261407
180.75904677846424,1.7493071170736154
180.91872791519435,1.7476165964113421
181.07869142351902,1.7319554462174844
181.23893805309734,1.6894872348106962
181.39946855624444,1.6200202099619871
181.56028368794324,1.542097736315368
181.72138420585628,1.4581938012973554
181.88277087033748,1.3600717795038164
182.04444444444445,1.2583960827950649
182.20640569395016,1.1680160933583283
182.3686553873553,1.0865275671883694
182.53119429590015,1.0130859183481185
182.69402319357712,0.9599853933152199
182.85714285714286,0.9322616464585389
183.0205540661305,0.9232351453476898
183.18425760286226,0.9340946746696016
183.34825425246197,0.9721295582736595
183.51254480286738,1.0306773629272297
183.67713004484304,1.0971201228340122
183.84201077199282,1.1742551589260852
184.00718778077265,1.2647230904803626
184.1726618705036,1.3519749434872665
184.33843384338437,1.4262936237260762
184.5045045045045,1.4971152525581752
184.67087466185754,1.5606243623027918
184.83754512635377,1.600899512110766
185.0045167118338,1.6216709719644096
185.17179023508135,1.6316183961183182
185.33936651583707,1.6228383612322144
185.5072463768116,1.5925387242196956
185.675430643699,1.5489290737024966
185.84392014519057,1.4926951891996945
186.01271571298818,1.4239105498120046
186.1818181818182,1.3492303964111538
186.3512283894449,1.2712092243363307
186.52094717668484,1.1933262489932226
186.69097538742025,1.1244156546417006
186.86131386861314,1.0667228334739582
187.03196347031962,1.0219395860950653
187.20292504570384,1.0012508310352919
187.37419945105214,1.0077669451989382
187.54578754578753,1.0320193706120135
187.71769019248396,1.0778543234255082
187.88990825688072,1.1570972254866454
188.06244260789717,1.2560089412257804
188.23529411764707,1.3554179319483712
188.40846366145354,1.4674490752654388
188.5819521178637,1.5952569623610877
188.75576036866357,1.7085935489009672
188.92988929889296,1.805437424946712
189.10433979686056,1.9051150841526348
189.27911275415894,1.9824489073578153
189.45420906567992,2.0220076976425116
189.62962962962962,2.0595144323295713
189.80537534754404,2.0846703841268797
189.98144712430428,2.054136320500686
190.15784586815226,2.0051849109801743
190.3345724907063,1.9744833710881053
190.51162790697674,1.9069138333471045
190.68901303538178,1.793762608247999
190.8667287977633,1.7073441936976972
191.044776119403,1.6379253593281187
191.22315592903828,1.5298833572102233
191.4018691588785,1.432813516352197
191.5809167446211,1.4017505204748093
191.76029962546815,1.3777513273198938
191.94001874414244,1.330313950673516
192.12007504690433,1.3437703456174503
192.3004694835681,1.4420967028913785
192.48120300751881,1.52234962174557
192.66227657572907,1.5636065388335996
192.8436911487759,1.6760241688911512
193.02544769085767,1.8552259288293045
193.2075471698113,1.9676804384287352
193.38999055712932,2.0215958294860568
193.57277882797732,2.1282608781233745
193.75591296121098,2.24515141799643
193.93939393939394,2.2777479688917275
194.12322274881518,2.2797598244565545
194.30740037950665,2.303951401287253
194.49192782526114,2.2872336076095596
194.67680608365018,2.2188530218453755
194.86203615604185,2.1690452732480288
195.04761904761907,2.1242654952310738
195.23355576739752,2.020241629461202
195.4198473282443,1.8934182975603422
195.6064947468959,1.817248854461338
195.79349904397705,1.759918140717644
195.9808612440191,1.6527439288121246
196.1685823754789,1.5317804300353057
196.35666347075744,1.4794440559035842
196.5451055662188,1.478189189570131
196.73390970220942,1.45305592250333
196.92307692307693,1.422140745786699
197.1126082771896,1.4676386143545834
197.30250481695566,1.5796660283670068
197.4927675988428,1.6759853576311177
197.68339768339766,1.762129297426148
197.8743961352657,1.9066209671531609
198.06576402321085,2.0847049814183305
198.25750242013552,2.224173326182511
198.44961240310076,2.335393622756804
198.64209505334625,2.4457469396985725
198.83495145631065,2.533060146211945
199.02818270165207,2.5901379812747485
199.22178988326846,2.6109175731322396
199.4157740993184,2.567553269065997
199.61013645224173,2.4912710503959716
199.8048780487805,2.432332172297284
200.0,2.3568899414184097
200.19550342130987,2.2331612437372126
200.3913894324853,2.105633665858139
200.58765915768853,2.0017609711173026
200.78431372549022,1.9127567364350224
200.9813542688911,1.8537091718225753
201.17878192534383,1.8202227420770571
201.37659783677483,1.7723412419114464
201.5748031496063,1.7301239910452926
201.77339901477833,1.7566398212370686
201.9723865877712,1.8317795563676298
202.1717670286278,1.8869818358152932
202.3715415019763,1.9318071718088743
202.57171117705244,2.0110732478813573
202.77227722772278,2.1156372278711433
202.97324083250743,2.236212487503957
203.17460317460316,2.385036069337789
203.37636544190661,2.5223814359398453
203.57852882703776,2.609938937344287
203.78109452736314,2.704999197098737
203.98406374501994,2.84956739111476
204.1874376869392,2.967352979639575
204.39121756487026,2.9964631543982883
204.5954045954046,2.98255674989675
204.79999999999998,2.9649688911753014
205.005005005005,2.9136086234348517
205.21042084168334,2.8083700619181085
205.41624874623875,2.6704052314044064
205.62248995983938,2.5096843780834273
205.8291457286432,2.319783232970799
206.03621730382292,2.1285869832559454
206.24370594159112,1.985005448952065
206.4516129032258,1.8852812867144577
206.65993945509584,1.7903462475599283
206.86868686868684,1.7236923312576216
207.07785642062692,1.7565421905443783
207.28744939271257,1.8817154232576725
207.49746707193518,2.014596718042662
207.7079107505071,2.1531928679312213
207.9187817258883,2.381434622983953
208.130081300813,2.6618999381559902
208.34181078331636,2.8649648196958006
208.55397148676167,3.025655198187408
208.7665647298675,3.2398563928900725
208.9795918367347,3.404296405151585
209.19305413687437,3.428527788384406
209.40695296523518,3.424524939926758
209.6212896622313,3.413128413626869
209.83606557377047,3.2897524661864956
210.05128205128204,3.123208915371375
210.26694045174537,2.994778941836399
210.48304213771837,2.791487126441865
210.69958847736626,2.5328342606345577
210.91658084449023,2.4106248281889817
211.1340206185567,2.358856335409132
211.3519091847265,2.1876717240301145
211.5702479338843,2.0589996436836375
211.78903826266804,2.1957390945968944
212.00828157349895,2.3544553320785386
212.22797927461139,2.284241320152986
212.448132780083,2.3424014480060413
212.668743509865,2.7669663938304967
212.88981288981287,2.9924263249821794
213.11134235171693,2.824884181671791
213.33333333333334,3.033325366282728
213.555787278415,3.578624049069808
213.7787056367432,3.4554563898356827
214.00208986415882,3.073329608918448
214.22594142259413,3.5661998294141974
214.4502617801047,3.989211774508658
214.67505241090146,3.2011348732444405
214.900314795383,2.761224037308733
215.12605042016807,3.710605410641409
215.35226077812828,3.911745224593479
215.57894736842104,2.5328656919787127
215.80611169652263,2.272702234397823
216.03375527426158,3.7701045063896377
216.26187961985215,3.8138661339901967
216.49048625792813,1.9582378820819812
216.7195767195767,2.0285905906334802
216.9491525423729,4.333585980015947
217.17921527041358,4.251856648397136
217.40976645435242,1.602614743532408
217.64080765143464,2.0870322201734908
217.87234042553192,5.732583025053017
218.10436634717786,5.427635304200984
218.33688699360337,1.3263340385357234
218.5699039487727,2.255571582913688
218.80341880341882,7.876155858909665
219.0374331550802,7.384800327148859
219.27194860813702,1.2076302201930267
219.5069667738478,2.3225732513513764
219.74248927038627,10.483933090588607
219.97851772287862,10.42631375265675
220.21505376344086,1.779259035283045
220.45209903121636,2.198509978649315
220.68965517241378,13.401048453032216
220.92772384034518,15.385550828783567
221.16630669546436,4.191734327722755
221.4054054054054,2.065137824015501
221.64502164502164,16.413820248838434
221.88515709642468,23.19060712581528
222.12581344902384,10.297237156559556
222.36699239956567,2.8884976742186947
222.6086956521739,19.142241084553774
222.85092491838955,34.10809584067753
223.09368191721134,22.415429447507176
223.3369683751363,7.0333718789431225
223.58078602620085,21.378706253279994
223.82513661202185,46.98729638549558
224.07002188183807,42.337814425166
224.31544359255204,18.433704446229868
224.56140350877192,24.080658721124706
224.80790340285398,59.1393839795085
225.05494505494505,69.73968986922473
225.30253025302528,41.82570611244256
225.55066079295153,30.474064473565956
225.79933847850054,66.53484638839673
226.0485651214128,99.24685568906379
226.29834254143645,79.79338019945273
226.54867256637166,47.30969774900454
226.79955703211516,66.70211832322936
227.0509977827051,118.02687760728733
227.30299667036624,125.41669895957953
227.55555555555554,82.5538512636683
227.80867630700777,66.4558932059547
228.06236080178175,112.64255928505636
228.31661092530658,154.97850911512762
228.57142857142856,130.62611789037618
228.82681564245812,81.53085683307289
229.082774049217,88.30756692831481
229.33930571108624,142.2634652939035
229.59641255605382,159.40870184520696
229.8540965207632,112.3867814107014
230.1123595505618,71.36989311445905
230.37120359955006,93.29319630542027
230.6306306306306,135.9499280214357
230.89064261555805,126.89285712594035
231.1512415349887,73.64549934463284
231.41242937853107,46.705298278245074
231.67420814479635,70.83101529080916
231.9365798414496,93.90393404988005
232.19954648526078,71.15806945275455
232.46311010215663,28.49212608192122
232.7272727272727,15.667360746893426
232.9920364050057,32.691619222167546
233.25740318906605,39.57217959166167
233.52337514253134,20.97179970441458
233.78995433789953,2.0851076682318346
234.05714285714288,2.3700895614012487
234.32494279176203,8.782393736737426
234.59335624284074,5.367318784063648
234.8623853211009,1.3695152971494489
235.13203214695753,10.79908858789059
235.4022988505747,23.151529903192408
235.67318757192174,19.00507218225497
235.9447004608295,5.736513795922802
236.2168396770473,11.045295417260672
236.48960739030022,39.22399672910657
236.76300578034682,58.86098482478981
237.03703703703707,46.101125613275656
237.3117033603708,21.168159350190574
237.58700696055683,21.899728045045283
237.862950058072,50.305413012868385
238.13953488372093,68.94124236954492
238.41676367869616,52.438631059017915
238.69463869463866,21.199561980941667
238.97316219369893,11.747127720579277
239.25233644859816,28.033198872289567
239.53216374269007,40.61155072988636
239.81264637002343,29.508135762186107
240.0937866354044,8.255525939170466
240.37558685446012,0.02787867314684294
240.65804935370153,5.790801689273352
240.94117647058823,9.176563665130553
241.2249705535924,4.610162204065426
241.50943396226415,3.8816323913017143
241.79456906729635,13.787763533645302
242.080378250591,22.343996707669273
242.3668639053254,16.325720542391203
242.65402843601896,3.618416100498095
242.94187425860022,5.07811869928261
243.23040380047507,25.2232250505461
243.51961950059456,43.24468749715771
243.80952380952382,38.54883745155644
244.1001191895113,17.102545172718646
244.39140811455846,3.5515708012185354
244.68339307048984,10.280874673236436
244.97607655502392,24.10884691170224
245.2694610778443,25.69127570016892
245.56354916067144,13.604731113058072
245.85834333733493,2.451377065783454
246.15384615384616,1.6010603361543625
246.4500601684717,5.175051764003501
246.7469879518072,4.449349159942969
247.04463208685164,1.9104065300362794
247.34299516908212,6.3405466675983835
247.6420798065296,17.350005798632285
247.9418886198547,23.09740950123992
248.24242424242422,15.719056713236649
248.54368932038832,3.333720223050623
248.8456865127582,1.3387389517207033
249.14841849148416,13.464274587492051
249.45188794153472,26.870232731745848
249.75609756097558,27.381829164664204
250.06105006105005,15.487930106853197
250.36674816625916,3.950590196096113
250.6731946144431,1.8655001284799613
250.98039215686276,5.819411758972672
251.2883435582822,7.470726741685685
251.5970515970516,5.391185275905603
251.90651906519062,5.420587301928409
252.21674876847288,10.663523977381926
252.52774352651045,15.86778692717962
252.8395061728395,13.984164492932235
253.15203955500616,5.895680129974953
253.46534653465346,0.19778378222351958
253.7794299876084,3.1132660078501306
254.09429280397023,11.24086352152088
254.40993788819875,15.869529307786356
254.726368159204,13.01722467478283
255.04358655043586,6.959248550238924
255.36159600997507,3.9696022811149643
255.6803995006242,4.990724435489253
255.99999999999997,6.091596868254903
256.3204005006258,4.9293237438209
256.64160401002505,4.164378359820106
256.9636135508155,7.540744960594455
257.286432160804,14.130460999349692
257.61006289308176,18.426647162843146
257.9345088161209,16.343519461809095
258.2597730138714,9.822117120731363
258.5858585858586,4.6481166328545696
258.91276864728195,4.32594315156601
259.24050632911394,7.132544256852504
259.5690747782003,9.12829346865829
259.8984771573604,8.862226140605026
260.22871664548916,8.22149302601068
260.55979643765903,9.139452272373344
260.89171974522293,10.770259530524523
261.2244897959184,10.582545726243108
261.5581098339719,7.694857603829743
261.89258312020456,4.191144720286757
262.2279129321382,2.9092490995748097
262.56410256410254,4.4762334536756345
262.9011553273428,6.9841886623519915
263.2390745501285,8.344239488587464
263.5778635778636,8.365790117653972
263.91752577319585,8.35092425492743
264.258064516129,9.115238993734646
264.59948320413434,9.980233245129456
264.9417852522639,9.791470796334528
265.2849740932642,8.515577538436183
265.6290531776913,7.436897251584068
265.974025974026,7.788103032295351
266.3198959687906,9.46685247594737
266.66666666666663,11.240083044714245
267.01434159061273,12.049414557271987
267.3629242819843,11.902302039088868
267.7124183006536,11.514424693242926
268.0628272251309,11.333184678603864
268.41415465268676,11.104717345792624
268.76640419947506,10.341930898554224
269.119579500657,9.016055798338018
269.47368421052636,7.670978338356239
269.82872200263506,6.905984398150544
270.1846965699208,6.847157371851634
270.5416116248349,7.143359683455331
270.8994708994709,7.3989040961840535
271.25827814569533,7.529959636887572
271.6180371352785,7.713245471060773
271.97875166002655,8.083718776752637
272.3404255319149,8.56070271209392
272.70306258322233,8.96033037713951
273.06666666666666,9.21522026908168
273.4312416555407,9.445505909233752
273.7967914438503,9.82755810075616
274.1633199464525,10.419735634110557
274.5308310991957,11.115928815770145
274.8993288590604,11.744431947895857
275.26881720430106,12.194298287245708
275.6393001345895,12.453194656038933
276.010781671159,12.548075292622034
276.3832658569501,12.473482692206348
276.7567567567567,12.185938061662679
277.1312584573748,11.659936228429999
277.50677506775065,10.937895942282973
277.88331071913166,10.122670263152305
278.2608695652174,9.325238649228828
278.6394557823129,8.620048569679765
279.01907356948226,8.042411208621424
279.39972714870396,7.615618325778429
279.78142076502735,7.371602316871749
280.1641586867305,7.345322858223098
280.54794520547944,7.553404224790021
280.93278463648835,7.9800637086103405
281.31868131868134,8.581665378258132
281.70563961485556,9.302229212835202
282.0936639118457,10.085163022688308
282.48275862068965,10.874501814562015
282.8729281767956,11.610574677001503
283.2641770401106,12.229653449661352
283.6565096952908,12.672299404777723
284.0499306518724,12.895910920837133
284.44444444444446,12.883204621656914
284.84005563282335,12.643083392435237
285.2367688022284,12.205689464648513
285.63458856345886,11.614720935635196
286.0335195530726,10.920068301039718
286.43356643356645,10.172973738927007
286.8347338935574,9.423756541014145
287.23702664796633,8.721137783058188
287.6404494382022,8.112130331745792
288.0450070323488,7.640723271200561
288.4507042253521,7.344370483022742
288.85754583921016,7.249703096719813
289.2655367231638,7.368744717115399
289.6746817538897,7.695195082698236
290.08498583569406,8.201623509349
290.49645390070924,8.840055994573692
290.9090909090909,9.546490442298008
291.32290184921766,10.24814581227155
291.73789173789174,10.872809987089667
292.15406562054204,11.35869271515966
292.57142857142856,11.661987176964628
292.9899856938483,11.761131812107383
293.4097421203438,11.657748097289584
293.83070301291247,11.373154293777691
294.2528735632184,10.941107252440318
294.67625899280574,10.400420482503547
295.1008645533141,9.790088919057883
295.52669552669556,9.147055747244028
295.9537572254335,8.506321953588259
296.3820549927641,7.902704310889388
296.81159420289856,7.37295030088994
297.2423802612482,6.957215440166678
297.6744186046512,6.698031763517069
298.1077147016012,6.634453551625671
298.54227405247815,6.792089855852894
298.978102189781,7.1718505231259995
299.41520467836256,7.740450013503281
299.8535871156662,8.428368118419378
300.2932551319648,9.140206817423651
300.73421439060206,9.774563121818323
301.17647058823525,10.246180663551465
301.620029455081,10.504142306477489
302.06489675516224,10.53962224250549
302.5110782865583,10.37989449642452
302.95857988165676,10.073073289047041
303.4074074074074,9.670457309065558
303.85756676557867,9.210848255876922
304.30906389301634,8.711040160216415
304.7619047619047,8.165904348592592
305.2160953800298,7.557955068311073
305.6716417910448,6.8754558023006656
306.1285500747384,6.138065046970655
306.58682634730536,5.422648016918617
307.0464767616192,4.874782413310637
307.5075075075075,4.6929393772651595
307.96992481203006,5.079408348634524
308.433734939759,6.163283932504629
308.8989441930618,7.919455742285399
309.3655589123867,10.12108872193331
309.83358547655064,12.356207997520546
310.3030303030303,14.116953582873823
310.7738998482549,14.94160449049773
311.2462006079027,14.560811595925497
311.7199391171994,12.990294235436975
312.1951219512195,10.533942416821333
312.67175572519085,7.698101835028817
313.1498470948012,5.051873124041498
313.6294027565084,3.0876481547939925
314.11042944785277,2.1277524712618816
314.5929339477727,2.2907976363232567
315.0769230769231,3.4994165445832475
315.5624036979969,5.499282194883131
316.04938271604937,7.87284730217797
316.53786707882534,10.062153507000675
317.0278637770898,11.440238997584164
317.5193798449612,11.463839884953146
318.0124223602484,9.89532143612989
318.50699844479004,7.0201598745070735
319.0031152647975,3.743469110508496
319.5007800312012,1.4595188648381086
320.0,1.6651873130829216
320.5007824726134,5.407460604653931
321.0031347962382,12.761782476189538
321.5070643642072,22.573940755104744
322.0125786163522,32.631236463957315
322.5196850393701,40.272759265723685
323.02839116719235,43.26192046053994
323.5387045813586,40.610184634575624
324.0506329113924,33.028740974626274
324.56418383518223,22.809256153658065
325.07936507936506,13.14946634459807
325.59618441971384,7.157863902678555
326.11464968152865,6.8990759450650385
326.63476874003186,12.820849566263666
327.15654952076676,23.744660746184156
327.68,37.372965862837084
328.2051282051282,51.068665987819124
328.7319422150882,62.584030522691414
329.2604501607717,70.48365201220672
329.7906602254429,74.18017174706014
330.3225806451613,73.69727091221246
330.8562197092084,69.39275547912048
331.3915857605178,61.856041698760286
331.9286871961102,52.052768057536184
332.46753246753246,41.600172183317596
333.0081300813008,32.91931589860138
333.5504885993485,29.00428947139047
334.094616639478,32.69957401650209
334.640522875817,45.63073877830922
335.18821603927984,67.17183793589086
335.73770491803276,93.9342428827729
336.28899835796386,120.15839922714973
336.8421052631579,139.09291159924322
337.3970345963756,145.0536083189241
337.95379537953795,135.5257375754348
338.51239669421483,112.54686473726863
339.07284768211923,82.7560690630981
339.63515754560524,55.896919650344344
340.19933554817277,42.09724905431389
340.765391014975,48.71605076754479
341.3333333333333,77.76446478812552
341.9031719532554,124.79908130073082
342.4749163879599,179.76806474812057
343.04857621440533,229.67053274848848
343.6241610738255,262.28574020642964
344.2016806722689,269.8600306480726
344.7811447811448,251.61071041669726
345.362563237774,214.23373778707213
345.94594594594594,170.2079679225158
346.5313028764805,134.36545417419606
347.11864406779665,119.72051992018993
347.70797962648555,133.776358191043
348.29931972789115,176.38411720579373
348.8926746166951,239.7571614078548
349.4880546075085,310.6106770046736
350.0854700854701,373.7910566139816
350.6849315068493,416.34449650856277
351.286449399657,430.88494614115456
351.89003436426117,417.36977052362687
352.4956970740103,382.86559726205564
353.10344827586204,339.4526318019817
353.71329879101904,300.91863883325925
354.3252595155709,279.1797558644586
354.93934142114387,281.37757307167186
355.55555555555554,308.36366486486907
356.17391304347825,354.86275508166744
356.794425087108,411.1479652249833
357.4171029668411,465.6981952971127
358.04195804195797,508.09401333995953
358.6690017513135,531.403563278864
359.29824561403507,533.5239017212018
359.9297012302285,517.2569432672552
360.5633802816901,489.21365906264094
361.1992945326279,457.92337753076725
361.8374558303887,431.69133823631586
362.4778761061947,416.735954641188
363.1205673758865,416.003728496809
363.76554174067496,428.8620975545477
364.4128113879003,451.64064255439536
365.0623885918003,478.7944673046177
365.7142857142857,504.34686847906835
366.3685152057245,523.2456443114305
367.02508960573476,532.3431853851971
367.68402154398564,530.8390926407625
368.3453237410072,520.1547937075028
369.009009009009,503.34089307821387
369.67509025270755,484.21891147115247
370.3435804701627,466.4824106852453
371.0144927536232,452.9517780865577
371.68784029038113,445.12098101938443
372.3636363636364,443.048823722571
373.0418943533697,445.5622084225395
373.7226277372263,450.6833652406222
374.4058500914077,456.15706826334537
375.09157509157507,459.9494386556392
375.77981651376143,460.62352764363317
376.47058823529414,457.53631482585484
377.1639042357274,450.8430598470572
377.8597785977859,441.34270464021927
378.5582255083179,430.2228408188962
379.25925925925924,418.76773014476646
379.96289424860856,408.09755241590926
380.6691449814126,398.98817427341424
381.37802607076355,391.78502516839757
382.089552238806,386.41109143877713
382.803738317757,382.4583053637204
383.5205992509363,379.3261725079609
384.24015009380867,376.36768763262995
384.96240601503763,373.01873283076105
385.6873822975518,368.8912719839991
386.4150943396226,363.8154926001277
387.14555765595463,357.8325309847016
387.8787878787879,351.1499674478874
388.6148007590133,344.0757127270292
389.35361216730035,336.9464982012786
390.09523809523813,330.06318627305023
390.8396946564886,323.64366301138926
391.5869980879541,317.8011533489355
392.3371647509578,312.54534810178154
393.0902111324376,307.79992399505755
393.84615384615387,303.4324961854077
394.6050096339113,299.2890330865083
395.3667953667953,295.2243677029964
396.1315280464217,291.1261055293754
396.8992248062015,286.9282994469178
397.6699029126213,282.61289386331043
398.4435797665369,278.2041536085762
399.22027290448347,273.75796939139093
400.0,269.3449443463475
400.7827788649706,265.0346358499565
401.56862745098044,260.88606347717564
402.35756385068765,256.93965620890015
403.1496062992126,253.2123488792233
403.9447731755424,249.7013292050894
404.7430830039526,246.3892930080091
405.54455445544556,243.24655434505445
406.3492063492063,240.2382555795478
407.1570576540755,237.3345617608808
407.9681274900399,234.51300256263832
408.7824351297405,231.7580001504652
409.59999999999997,229.06426818234073
410.4208416833667,226.43625786755467
411.24497991967877,223.88339998791167
412.07243460764585,221.4187710145314
412.9032258064516,219.05675828460954
413.7373737373737,216.8085292245096
414.57489878542515,214.68284575409868
415.4158215010142,212.68638669929322
416.260162601626,210.8193045574268
417.10794297352334,209.07726280279894
417.9591836734694,207.45668041887947
418.81390593047036,205.95184272328552
419.67213114754094,204.55396019417012
420.53388090349074,203.25678347711104
421.3991769547325,202.05632359050864
422.2680412371134,200.9485765930977
423.1404958677686,199.93250916138192
424.0165631469979,199.00907599047085
424.896265560166,198.17840302335478
425.77962577962575,197.44273933912586
426.6666666666667,196.80586681315418
427.5574112734864,196.26920135268693
428.45188284518827,195.83463624025413
429.3501048218029,195.50598727489734
430.25210084033614,195.28495612058813
431.1578947368421,195.17222307453767
432.06751054852316,195.16999617150805
432.98097251585625,195.2796679266751
433.8983050847458,195.50209644164784
434.81953290870484,195.83975942063236
435.74468085106383,196.2952584739408
436.67377398720674,196.87103466012073
437.60683760683764,197.57048918628254
438.54389721627405,198.3967330487807
439.48497854077254,199.3526550942871
440.4301075268817,200.4422287573783
441.37931034482756,201.6693898850939
442.3326133909287,203.03704676084695
443.2900432900433,204.54777950820332
444.2516268980477,206.20463136380314
445.2173913043478,208.01144499657678
446.1873638344227,209.9717653021027
447.1615720524017,212.08796377533488
448.14004376367615,214.36255010435886
449.12280701754383,216.7988100335594
450.1098901098901,219.4003006532213
451.10132158590307,222.1710271626747
452.0971302428256,225.11507926654463
453.0973451327433,228.2368662532863
454.1019955654102,231.54236101144096
455.1111111111111,235.0378919691464
456.1247216035635,238.72900116530036
457.1428571428571,242.62243781883953
458.165548098434,246.72662731840245
459.19282511210764,251.04988903366046
460.2247191011236,255.60059407439235
461.2612612612612,260.3883035779985
462.3024830699774,265.423448926987
463.3484162895927,270.7164393616729
464.39909297052156,276.27815097028684
465.4545454545454,282.1209549704377
466.5148063781321,288.25731623434757
467.57990867579906,294.69878091658495
468.64988558352405,301.4580499811363
469.7247706422018,308.5484672765092
470.8045977011494,315.98204213783845
471.889400921659,323.771860898494
472.97921478060044,331.9325779315841
474.07407407407413,340.47742467199805
475.17401392111367,349.41961566523486
476.27906976744185,358.77399337317723
477.3892773892773,368.55514543754606
478.5046728971963,378.777750320954
479.62529274004686,389.4569303345028
480.75117370892025,400.60712696190234
481.88235294117646,412.2434962713621
483.0188679245283,424.38187306237836
484.160756501182,437.0374490112481
485.3080568720379,450.22661836042397
486.46080760095015,463.96689206088695
487.61904761904765,478.27534732744766
488.7828162291169,493.1699884169463
489.95215311004785,508.6690395545303
491.1270983213429,524.7900342211375
492.3076923076923,541.5515823661965
493.4939759036144,558.971191214041
494.68599033816423,577.0644008564548
495.8837772397094,595.8489084864281
497.08737864077665,615.3417031743795
498.29683698296833,635.5549631026158
499.51219512195115,656.5011692145745
500.7334963325183,678.1933276737616
501.9607843137255,700.6389546297934
503.1941031941032,723.8427168198049
504.43349753694577,747.8094027360748
505.679012345679,772.5391028499215
506.9306930693069,798.0270543406627
508.18858560794047,824.2674505068344
509.452736318408,851.2508392294069
510.72319201995015,878.9617288509545
511.99999999999994,907.3822338164085
513.2832080200501,936.4932846991569
514.572864321608,966.2709659353842
515.8690176322418,996.6854914838476
517.1717171717172,1027.7037014228958
518.4810126582279,1059.2896919647233
519.7969543147208,1091.4029168698728
521.1195928753181,1123.9970243716361
522.4489795918367,1157.0210356778493
523.7851662404091,1190.4205156174553
525.1282051282051,1224.1355585286435
526.478149100257,1258.099471478686
527.8350515463917,1292.2417624746986
529.1989664082687,1326.4878448806892
530.5699481865284,1360.7543648770722
531.948051948052,1394.9508362938282
533.3333333333333,1428.98350850147
534.7258485639686,1462.7516983077644
536.1256544502618,1496.1456830789373
537.5328083989501,1529.0508568736166
538.9473684210527,1561.348008218395
540.3693931398416,1592.9108753430173
541.7989417989418,1623.6076245871618
543.236074270557,1653.3032268143845
544.6808510638298,1681.8606486496847
546.1333333333333,1709.140367192745
547.5935828877006,1734.9992659153856
549.0616621983914,1759.2939315711237
550.5376344086021,1781.883370441654
552.021563342318,1802.6267069263752
553.5135135135134,1821.3851328759852
555.0135501355013,1838.0251726124354
556.5217391304348,1852.4159437319192
558.0381471389645,1864.431591460408
559.5628415300547,1873.9571978301128
561.0958904109589,1880.8868154701004
562.6373626373627,1885.1235820183344
564.1873278236914,1886.583292321154
565.7458563535912,1885.1935427871206
567.3130193905816,1880.8974784462948
568.8888888888889,1873.656759965231
570.4735376044569,1863.446118605572
572.0670391061452,1850.2575073910598
573.6694677871149,1834.1073691698905
575.2808988764044,1815.0310331293315
576.9014084507043,1793.0841538263273
578.5310734463276,1768.3504026385474
580.1699716713881,1740.9375540353856
581.8181818181818,1710.9785419928955
583.4757834757835,1678.6383877568608
585.1428571428571,1644.1107859784017
586.8194842406876,1607.6175390970664
588.5057471264367,1569.411703358556
590.2017291066282,1529.7742729975625
591.907514450867,1489.0148358089382
593.6231884057971,1447.46963776302
595.3488372093024,1405.493492917903
597.0845481049563,1363.463193445639
598.8304093567251,1321.776562105686
600.5865102639297,1280.8376873956486
602.3529411764705,1241.0568325779382
604.1297935103245,1202.8540060931703
605.9171597633135,1166.6445706332663
607.7151335311573,1132.831426958472
609.5238095238094,1101.8056912700833
611.3432835820896,1073.936133026993
613.1736526946107,1049.5603542292795
615.015015015015,1028.9809350998014
616.867469879518,1012.4546159112871
618.7311178247734,1000.1848914250982
620.6060606060606,992.3189650311341
622.4924012158054,988.9388539872417
624.390243902439,990.0561200052521
626.2996941896024,995.6124344934051
628.2208588957055,1005.4761749823065
630.1538461538462,1019.4393918603496
632.0987654320987,1037.218572495918
634.0557275541796,1058.4564242639967
636.0248447204968,1082.7253701586078
638.006230529595,1109.5278216695863
640.0,1138.2947927876705
642.0062695924764,1168.3925618236947
644.0251572327044,1199.131056434747
646.0567823343847,1229.7695872366073
648.1012658227849,1259.5303090149541
650.1587301587301,1287.6198134670155
652.2292993630573,1313.2555484907089
654.3130990415335,1335.6960832910652
656.4102564102564,1354.268225516954
658.5209003215434,1368.3930807908903
660.6451612903226,1377.6088613567374
662.7831715210356,1381.575742130536
664.9350649350649,1380.070950912541
667.100977198697,1372.9851423316084
669.281045751634,1360.3112393093631
671.4754098360655,1342.137402593859
673.6842105263158,1318.6615725420472
675.9075907590759,1290.2195262784771
678.1456953642385,1257.3211730370756
680.3986710963455,1220.6900881644135
682.6666666666666,1181.2912958856361
684.9498327759198,1140.3367137462244
687.248322147651,1099.2518904097715
689.5622895622896,1059.600895971699
691.8918918918919,1022.9914586749122
694.2372881355933,990.9642215580297
696.5986394557823,964.8746520535402
698.976109215017,945.8032458863161
701.3698630136986,934.4898956138153
703.7800687285223,931.2768596670412
706.2068965517241,936.0997419985313
708.6505190311418,948.5353565097419
711.1111111111111,967.8655808834282
713.588850174216,993.1857306466925
716.0839160839159,1023.6051983991008
718.5964912280701,1058.4747948014979
721.1267605633802,1097.534099034298
723.6749116607774,1140.9106381454392
726.241134751773,1188.8840014129964
728.8256227758006,1241.3556633616715
731.4285714285714,1297.116442794813
734.0501792114695,1353.1524725316708
736.6906474820144,1404.3208691561886
739.3501805054151,1443.72657945857
742.0289855072464,1463.9607414123634
744.7272727272727,1459.0483718229364
747.4452554744526,1426.5947090924794
750.1831501831501,1369.3592795700915
752.9411764705883,1295.5342060111798
755.7195571955718,1217.4030643760532
758.5185185185185,1148.6561965685585
761.3382899628252,1101.2063197729108
764.179104477612,1082.5661740052235
767.0411985018726,1094.534783207473
769.9248120300753,1133.2779568217472
772.8301886792452,1190.295066899946
775.7575757575758,1253.6312544403709
778.7072243346007,1309.147085120595
781.6793893129772,1342.3317547452366
784.6743295019156,1341.3552847995832
787.6923076923077,1301.3654074461106
790.7335907335906,1228.708037868541
793.798449612403,1142.680808045521
796.8871595330738,1072.6258402293122
800.0,1049.9786938559928
803.1372549019609,1097.5291301122618
806.2992125984252,1220.0848958396402
809.4861660079052,1400.6622933738277
812.6984126984127,1604.0981982748976
815.9362549800798,1786.7579447205362
819.1999999999999,1908.5209911406378
822.4899598393575,1942.6884591073115
825.8064516129032,1880.948192781348
829.1497975708503,1732.9710980599646
832.520325203252,1522.1953858462325
835.9183673469388,1280.0916706353157
839.3442622950819,1040.7266820096909
842.798353909465,836.3846428612031
846.2809917355372,694.152632673429
849.792531120332,633.1405231991574
853.3333333333334,662.2611568235059
856.9037656903765,778.8793641512895
860.5042016806723,968.8233311600114
864.1350210970463,1208.086587368507
867.7966101694916,1466.1318260241558
871.4893617021277,1710.2605563610284
875.2136752136753,1910.2206131618686
878.9699570815451,2042.200571114606
882.7586206896551,2091.568946936118
886.5800865800866,2054.0292759644076
890.4347826086956,1935.2144769918661
894.3231441048034,1749.0332376694332
898.2456140350877,1515.2094396426023
902.2026431718061,1256.4941777989782
906.1946902654867,996.0039232948734
910.2222222222222,754.9947281464915
914.2857142857142,551.2326026893811
918.3856502242153,398.0292697169685
922.5225225225224,303.88859207411525
926.6968325791854,272.6078241751155
930.9090909090908,303.68786082823635
935.1598173515981,392.93471222389417
939.4495412844036,533.1396363223835
943.778801843318,714.7701473035071
948.1481481481483,926.6637821254039
952.5581395348837,1156.7329922962087
957.0093457943926,1392.6779321972529
961.5023474178405,1622.6967256455246
966.0377358490566,1836.1658851347847
970.6161137440758,2024.2282770186573
975.2380952380953,2180.2214994268406
979.9043062200957,2299.9083960595813
984.6153846153846,2381.480501647672
989.3719806763285,2425.328644015108
994.1747572815533,2433.63715917078
999.0243902439023,2409.88017715063
1003.921568627451,2358.286436614437
1008.8669950738915,2283.3524197506686
1013.8613861386139,2189.471025951068
1018.905472636816,2080.693791559938
1023.9999999999999,1960.6242606058981
1029.145728643216,1832.4249079065687
1034.3434343434344,1698.8898438063557
1039.5939086294416,1562.5373955714408
1044.8979591836735,1425.6917412109096
1050.2564102564102,1290.5241790403666
1055.6701030927834,1159.0450693533755
1061.139896373057,1033.0610318986985
1066.6666666666665,914.1104053478105
1072.2513089005236,803.3941666667139
1077.8947368421054,701.7279852369102
1083.5978835978835,609.5278327117678
1089.3617021276596,526.8295970373657
1095.1871657754011,453.3425531838511
1101.0752688172042,388.5276329332533
1107.0270270270269,331.68455110504306
1113.0434782608695,282.036502920772
1119.1256830601094,238.80269061296522
1125.2747252747254,201.24977394065795
1131.4917127071824,168.720897121263
1137.7777777777778,140.6454451685026
1144.1340782122904,116.53301410628656
1150.5617977528088,95.95778214293074
1157.0621468926552,78.54030883524861
1163.6363636363635,63.93100273274777
1170.2857142857142,51.79806433019444
1177.0114942528735,41.82174532913482
1183.815028901734,33.69433936424423
1190.6976744186047,27.12400522319017
1197.6608187134502,21.84067061872384
1204.705882352941,17.60215637210809
1211.834319526627,14.198747131797777
1219.0476190476188,11.455302849603886
1226.3473053892214,9.23083665590631
1233.734939759036,7.415761348661473
1241.2121212121212,5.92728253609309
1248.780487804878,4.703950083242351
1256.441717791411,3.7003165117896177
1264.1975308641975,2.8820496802580866
1272.0496894409937,2.2218448102074877
1280.0,1.6965932102220396
1288.0503144654087,1.2856950079837575
1296.2025316455697,0.9701343156594321
1304.4585987261146,0.7322165978536469
1312.8205128205127,0.5557767382881709
1321.2903225806451,0.4264877382854454
1329.8701298701299,0.3321164878674714
1338.562091503268,0.26269770122102654
1347.3684210526317,0.21053840105084418
1356.291390728477,0.17003324486375493
1365.3333333333333,0.13735914511026842
1374.496644295302,0.11011267695784129
1383.7837837837837,0.08693225004148165
1393.1972789115646,0.06713821052670861
1402.7397260273972,0.050428512286270454
1412.4137931034481,0.036657222191686566
1422.2222222222222,0.025690915019387774
1432.1678321678319,0.01732946154504133
1442.2535211267605,0.01128184337701139
1452.482269503546,0.0071801681445888
1462.857142857143,0.004614002044946449
1473.3812949640287,0.0031708114022367113
1484.0579710144928,0.002472035816547062
1494.890510948905,0.002200795830236986
1505.8823529411766,0.0021175239173835706
1517.037037037037,0.002061987175638473
1528.358208955224,0.0019462482788019046
1539.8496240601505,0.0017408111016768695
1551.5151515151515,0.0014564812907762168
1563.3587786259543,0.0011277751996247474
1575.3846153846155,0.0007980288088760802
1587.596899224806,0.0005061263588815244
1600.0,0.00027951542613112055
1612.5984251968505,0.00013222646766609337
1625.3968253968253,6.417458917240674e-05
1638.3999999999999,6.33758275327252e-05
1651.6129032258063,0.0001105165047664791
1665.040650406504,0.0001832512235658589
1678.6885245901638,0.00026036905379521176
1692.5619834710744,0.00032468451488362824
1706.6666666666667,0.0003643164853921545
1721.0084033613446,0.00037407472900430783
1735.5932203389832,0.00035511850816979116
1750.4273504273506,0.0003126188627945074
1765.5172413793102,0.00025471890040486815
1780.8695652173913,0.0001913526721435426
1796.4912280701753,0.00013165091947880386
1812.3893805309733,8.289458739100939e-05
1828.5714285714284,5.027423794814735e-05
1845.0450450450448,3.608600148755046e-05
1861.8181818181815,3.989587673628266e-05
1878.8990825688072,5.900222043774647e-05
1896.2962962962965,8.914003155094287e-05
1914.0186915887853,0.0001257006168574429
1932.0754716981132,0.00016361580343430003
1950.4761904761906,0.00019790482952743857
1969.2307692307693,0.00022553957740806984
1988.3495145631066,0.00024457171763043767
2007.843137254902,0.0002532154656376606
2027.7227722772277,0.0002518183345624779
2047.9999999999998,0.00024236739784204946
2068.686868686869,0.00022613377714884658
2089.795918367347,0.00020472756832713032
2111.340206185567,0.00018111021798401523
2133.333333333333,0.00015752371439085075
2155.789473684211,0.00013481179256665551
2178.723404255319,0.00011418631012212875
2202.1505376344085,9.708435995238945e-05
2226.086956521739,8.337875173388306e-05
2250.5494505494507,7.223457818886533e-05
2275.5555555555557,6.38473819739435e-05
2301.1235955056177,5.8098227230688325e-05
2327.272727272727,5.3577373499298586e-05
2354.022988505747,4.9539114742342995e-05
2381.3953488372094,4.6373340492619164e-05
2409.411764705882,4.374968886850579e-05
2438.0952380952376,4.067399565072147e-05
2467.469879518072,3.731424527763355e-05
2497.560975609756,3.454795161754334e-05
2528.395061728395,3.197754509881562e-05
2560.0,2.8961764734414197e-05
2592.4050632911394,2.6426820219089436e-05
2625.6410256410254,2.489906939896642e-05
2659.7402597402597,2.3337402988062856e-05
2694.7368421052633,2.1703870355630647e-05
2730.6666666666665,2.1087862784681928e-05
2767.5675675675675,2.1087846538300345e-05
2805.4794520547944,2.064433623070849e-05
2844.4444444444443,2.041674628237947e-05
2884.507042253521,2.1189292179055154e-05
2925.714285714286,2.1808956322192255e-05
2968.1159420289855,2.1585800745451172e-05
3011.764705882353,2.1857112294939184e-05
3056.716417910448,2.272698165059543e-05
3103.030303030303,2.244991816969395e-05
3150.769230769231,2.138702023873012e-05
3200.0,2.1338971471497608e-05
3250.7936507936506,2.1311102995223288e-05
3303.2258064516127,1.9627995080173327e-05
3357.3770491803275,1.8069266100144336e-05
3413.3333333333335,1.807767756889633e-05
3471.1864406779664,1.726003204256038e-05
3531.0344827586205,1.4970512890182387e-05
3592.9824561403507,1.4110151099359352e-05
3657.142857142857,1.4288569560425613e-05
3723.636363636363,1.2608236536634353e-05
3792.592592592593,1.055347831727601e-05
3864.1509433962265,1.0807847917783309e-05
3938.4615384615386,1.1174291070678373e-05
4015.686274509804,9.522343766470822e-06
4095.9999999999995,9.510767212017888e-06
4179.591836734694,1.2933132997154637e-05
4266.666666666666,1.282173654643047e-05
4357.446808510638,6.967284773195657e-06
4452.173913043478,2.1498390507362806e-06
4551.111111111111,3.824514314939434e-07
4654.545454545454,4.4196249043470496e-08
4762.790697674419,2.1451452360919263e-08
4876.190476190475,1.1959900823885968e-08
4995.121951219512,2.5112425897278475e-09
5120.0,1.094307130658058e-09
5251.282051282051,9.145379906132193e-10
5389.473684210527,2.4586109480093897e-10
5535.135135135135,5.374073725658266e-11
5688.888888888889,6.156866030375471e-11
5851.428571428572,2.2246843571577868e-11
6023.529411764706,1.397361128698429e-12
6206.060606060606,1.7166354414835225e-12
6400.0,1.1442676110873108e-12
6606.451612903225,1.5275007596755623e-13
6826.666666666667,6.075443923149638e-14
7062.068965517241,5.1071004937464654e-14
7314.285714285714,2.8687512275878096e-14
7585.185185185186,1.7112434798802928e-14
7876.923076923077,9.860859853516434e-15
