"Wavelength, nm",Intensity
136.44237175216523,2.504457172965234e-22
136.53333333333333,2.917484797659292e-22
136.62441627751835,3.412820282275873e-22
136.71562082777035,4.007583951695351e-22
136.80694722778892,4.687925666029242e-22
136.89839572192514,5.691425838235621e-22
136.98996655518394,8.283137711302564e-22
137.08165997322624,2.015805459443355e-20
137.17347622237108,1.4670445618689233e-18
137.26541554959786,3.3013696948140803e-17
137.35747820254863,4.1825152261995593e-16
137.4496644295302,3.4834672148188613e-15
137.54197447951645,2.069152317065634e-14
137.63440860215053,9.348969041174111e-14
137.72696704774717,3.361555519035987e-13
137.81965006729476,9.87311926744216e-13
137.9124579124579,2.3935713485203e-12
138.0053908355795,4.759736480836849e-12
138.09844908968307,7.499606845819871e-12
138.19163292847506,8.44456497363707e-12
138.28494260634707,4.665750250287073e-12
138.37837837837836,1.0965282270528493e-13
138.47194050033806,3.160523837690038e-11
138.5656292286874,2.348613263897512e-10
138.65944482058225,9.85789023770862e-10
138.75338753387533,3.1690414624094253e-09
138.84745762711862,8.643567746869262e-09
138.94165535956583,2.0991179645390256e-08
139.03598099117448,4.664615312354876e-08
139.1304347826087,9.651116988417008e-08
139.22501699524133,1.881636638749628e-07
139.31972789115645,3.487451076931538e-07
139.4145677331518,6.186117261507125e-07
139.50953678474113,1.0558041344224294e-06
139.60463531015677,1.741352872932738e-06
139.69986357435198,2.785399098445388e-06
139.79522184300342,4.334081328371674e-06
139.89071038251367,6.577068891728732e-06
139.98632946001365,9.75554496679683e-06
140.08207934336525,1.4170437410898624e-05
140.17796030116358,2.0190647795515754e-05
140.27397260273972,2.826089923253295e-05
140.37011651816314,3.8908874109481406e-05
140.46639231824417,5.275142497574207e-05
140.56280027453673,7.049944380301673e-05
140.65934065934067,9.296094341056446e-05
140.75601374570448,0.00012104231191548287
140.85281980742778,0.00015574752459449864
140.949759119064,0.00019817461537570527
141.04683195592284,0.0002495094314107356
141.14403859407307,0.0003110171228470405
141.24137931034483,0.00038403059692914494
141.33885438233264,0.0004699356891415937
141.4364640883978,0.0005701549009307661
141.53420870767104,0.0006861299283833632
141.6320885200553,0.0008193017026227007
141.73010380622836,0.0009710908218658767
141.8282548476454,0.0011428811920161136
141.92654192654192,0.0013360034498700272
142.0249653259362,0.0015517187572796427
142.1235253296322,0.0017912096892399735
142.22222222222223,0.0020555738569343063
142.32105628908963,0.0023458131025553713
142.42002781641168,0.0026628285821551118
142.51913709116212,0.003007424165136341
142.6183844011142,0.0033803002845696744
142.7177700348432,0.003782045665697129
142.81729428172943,0.004213148619934515
142.91695743196092,0.004674006350855994
143.0167597765363,0.0051649181110244
143.11670160726763,0.005686105258790793
143.21678321678323,0.0062377601493937285
143.31700489853043,0.0068200645086852465
143.4173669467787,0.00743320375329346
143.5178696566223,0.008077457017020439
143.61851332398317,0.00875327497568942
143.71929824561403,0.009461237082011043
143.8202247191011,0.010202102355719873
143.92129304286718,0.010976999564955769
144.0225035161744,0.011787277116940826
144.12385643912737,0.012634301736488475
144.22535211267606,0.01351987682541484
144.32699083861874,0.014446082012524755
144.42877291960508,0.015414419385214052
144.530698659139,0.01642666191717982
144.6327683615819,0.01748518095252539
144.73498233215545,0.018590723469973692
144.83734087694484,0.01974385351974696
144.9398443029016,0.020947028016299628
145.04249291784703,0.022199715469124998
145.14528703047483,0.023500147107048067
145.24822695035462,0.024851709674821258
145.35131298793468,0.026253205432487173
145.45454545454544,0.02769939606128257
145.55792466240226,0.02919650716063652
145.66145092460883,0.030744287493837986
145.76512455516016,0.032331351032926725
145.86894586894587,0.03396834072974215
145.9729151817534,0.03565746720192527
146.07703281027102,0.03737432865769438
146.18129907209135,0.039133310950597154
146.28571428571428,0.040940108749119505
146.39027877055037,0.04274456212075109
146.49499284692416,0.04456181732813697
146.59985683607732,0.04640448360088421
146.7048710601719,0.0481795581512118
146.8100358422939,0.04990141715678051
146.91535150645623,0.05160195933679194
147.0208183776023,0.053127526544441944
147.1264367816092,0.05449942350155172
147.23220704529115,0.05579242896392004
147.33812949640287,0.056770145056625684
147.4442044636429,0.05752151141964167
147.55043227665706,0.05818662636616957
147.6568132660418,0.05821932592104105
147.76334776334778,0.05800509508614877
147.87003610108303,0.05844059729876008
147.97687861271675,0.057840398275777756
148.08387563268258,0.055375469703539855
148.19102749638205,0.05474815305122902
148.29833454018825,0.0560388797632458
148.40579710144928,0.053312324020174405
148.51341551849166,0.04824323071727005
148.6211901306241,0.04899084773494856
148.72912127814087,0.051550826098956046
148.8372093023256,0.046261059230539636
148.94545454545454,0.040157539161476255
149.0538573508006,0.04396055959548518
149.16241806263656,0.04744665343387213
149.27113702623907,0.03951186499258649
149.38001458789202,0.03405989367731666
149.4890510948905,0.042398870586469864
149.59824689554418,0.046566740712800675
149.70760233918128,0.03538048643666302
149.81711777615214,0.03167965075634756
149.9267935578331,0.04633771409818272
150.03663003663004,0.050706408432517565
150.1466275659824,0.03446638478224246
150.25678650036684,0.03315738865986426
150.36710719530103,0.05637187063841045
150.47759000734754,0.06040967965181813
150.58823529411762,0.036161110720264046
150.69904341427517,0.03667876364953976
150.8100147275405,0.0710830350468484
150.92114959469419,0.07550413736392866
151.03244837758112,0.03958754911078489
151.1439114391144,0.039316689611693094
151.25553914327915,0.08795838150895341
151.3673318551367,0.0961104995567755
151.47928994082838,0.04505091666142306
151.59141376757958,0.03832444068263133
151.7037037037037,0.10323555198072533
151.81616011860638,0.12197561771412901
151.92878338278933,0.05474898038935704
152.04157386785448,0.03260406594218798
152.15453194650817,0.11213211141103835
152.26765799256503,0.1513463012192605
152.38095238095235,0.07234512167719111
152.4944154877141,0.024057474802162197
152.6080476900149,0.10976047265584868
152.72184936614468,0.17926153045945942
152.8358208955224,0.10074987639314391
152.9499626587005,0.018166338359840266
153.0642750373692,0.09314588132749446
153.1787584143605,0.19674502724303153
153.29341317365268,0.13851125764895028
153.40823970037454,0.022784632828350998
153.5232383808096,0.06460769972477036
153.6384096024006,0.19333632857407576
153.75375375375376,0.17673335607315196
153.86927122464311,0.044132031922775664
153.98496240601503,0.03427248460685546
154.10082768999246,0.16359810330576527
154.2168674698795,0.19980608332868594
154.33308214016577,0.08034400614410235
154.4494720965309,0.017134421181051702
154.56603773584905,0.11420626003977528
154.68277945619334,0.1930360661855315
154.79969765684052,0.11780996058710601
154.91679273827532,0.02390887354360695
155.0340651021953,0.0654474252262587
155.15151515151516,0.15518665722312994
155.2691432903715,0.13660565283450843
155.38694992412746,0.05025977859192113
155.50493545937738,0.04002588070749012
155.62310030395136,0.10488505828907994
155.74144486692012,0.12578289721088717
155.8599695585997,0.0763856216369146
155.97867479055597,0.044553024016633094
156.09756097560975,0.06994231264724284
156.21662852784135,0.09608542292577206
156.33587786259542,0.08332640976277099
156.45530939648586,0.06247083432086034
156.5749235474006,0.06356831171608278
156.69472073450652,0.07200083837767329
156.8147013782542,0.07148851513487559
156.93486590038313,0.07066108408311013
157.05521472392638,0.07327969352380002
157.17574827321565,0.06846763834653104
157.29646697388634,0.05955109068487639
157.4173712528824,0.06367246288968804
157.53846153846155,0.07717962716853144
157.65973826020013,0.0770495902739306
157.78120184899845,0.06164065838315883
157.9028527370856,0.055979152551015925
158.02469135802468,0.06943046955606197
158.14671814671814,0.08006627437282222
158.26893353941267,0.07197993717654355
158.39133797370457,0.06003201389275156
158.5139318885449,0.06295539364313689
158.63671572424477,0.0743136538928538
158.7596899224806,0.0769607939069797
158.88285492629947,0.0705047947168846
159.0062111801242,0.06743013386185996
159.12975912975912,0.07154041029790989
159.25349922239502,0.07567223773993025
159.37743190661476,0.07605680771101171
159.50155763239874,0.07604664734869998
159.62587685113016,0.07736769602245365
159.7503900156006,0.07796187529774343
159.87509758001562,0.07808593646591006
160.0,0.0804237116898317
160.12509773260362,0.08414571579679395
160.2503912363067,0.08541854337486232
160.37588097102582,0.08404621204178955
160.5015673981191,0.08417369239066214
160.62745098039213,0.08768263384195503
160.7535321821036,0.09137999555713326
160.87981146897093,0.0921868045582023
161.0062893081761,0.0915564009734823
161.13296616837135,0.09259202709539133
161.25984251968504,0.0953701781858555
161.38691883372735,0.09766381611814215
161.51419558359618,0.09866325924114061
161.64167324388316,0.09948125359779661
161.7693522906793,0.10079890186162153
161.89723320158103,0.10214628810902694
162.0253164556962,0.10327477851335633
162.15360253365006,0.10458024279021005
162.28209191759112,0.10605783405815776
162.41078509119745,0.10709509040722402
162.53968253968253,0.10756995377371896
162.66878474980143,0.10815866633602979
162.79809220985692,0.10924293105268072
162.92760540970565,0.11035388979893435
163.05732484076432,0.11099369904408132
163.18725099601593,0.11130561901089778
163.31738437001593,0.11169370379741397
163.44772545889865,0.11227464934122784
163.57827476038338,0.11286035596334479
163.709032773781,0.11325732740660921
163.84,0.11348172979548925
163.97117694155327,0.11364445199709776
164.1025641025641,0.11374394791927711
164.23416198877305,0.11374214178662234
164.3659711075441,0.11365326770406117
164.49799196787149,0.11344397771042064
164.63022508038586,0.1130822223569906
164.76267095736122,0.11261571416853214
164.89533011272144,0.11204126486470325
165.02820306204674,0.11133170493460554
165.16129032258064,0.11056704796043049
165.29459241323647,0.10978874154556408
165.4281098546042,0.10893146061871793
165.56184316895713,0.10800738515454829
165.6957928802589,0.10709128677380272
165.82995951417004,0.10619275925612316
165.9643435980551,0.10532474388477919
166.09894566098947,0.10453432457719514
166.23376623376623,0.10381322105584966
166.36880584890332,0.10312133744993233
166.5040650406504,0.1024740614384851
166.63954434499593,0.10191692702898578
166.77524429967426,0.10143987537289591
166.9111654441728,0.10098870639011148
167.047308319739,0.10055197397619828
167.18367346938777,0.10015291615869568
167.3202614379085,0.09977737583455526
167.45707277187245,0.09938267700806636
167.59410801963992,0.0989560159615488
167.7313677313677,0.09854239588596793
167.86885245901638,0.09816737550327614
168.00656275635768,0.09774250495092035
168.14449917898193,0.09721756052692135
168.28266228430567,0.09671116614674712
168.42105263157896,0.09627640899873442
168.559670781893,0.09584120659233564
168.6985172981878,0.0954529870078651
168.83759274525966,0.09518265451291175
168.97689768976898,0.094996577309857
169.11643270024774,0.09496274075169184
169.25619834710741,0.09514486508800299
169.39619520264682,0.095427290525864
169.53642384105962,0.09584574430684736
169.67688483844242,0.09658581386956677
169.81757877280262,0.09757491667735964
169.95850622406635,0.09869528231175975
170.09966777408638,0.10005564105864814
170.24106400665005,0.10165758873469881
170.3826955074875,0.10338314376714737
170.52456286427974,0.1052640840852103
170.66666666666666,0.10726618049686035
170.8090075062552,0.10924999889005853
170.9515859766277,0.1112650402274188
171.09440267335003,0.11333275190816097
171.23745819397996,0.11525953983199462
171.3807531380753,0.11699414395353619
171.52428810720266,0.1186147807384972
171.66806370494552,0.12001662998753829
171.81208053691276,0.12109701221707887
171.95633921074725,0.12193163596660357
172.10084033613444,0.12255438862364944
172.24558452481077,0.12288329580916163
172.3905723905724,0.12286557780914027
172.5358045492839,0.1225671717819801
172.681281618887,0.12210859394274275
172.82700421940928,0.12148977977087849
172.97297297297297,0.12067013660596228
173.11918850380385,0.11979354685681458
173.26565143824024,0.11899247297347218
173.41236240474177,0.11819601273523617
173.55932203389833,0.11742043004150728
173.70653095843934,0.11684857522394453
173.85398981324278,0.11654094306940734
174.0016992353441,0.11645976695933186
174.14965986394557,0.116652545442048
174.2978723404255,0.11718003911892665
174.44633730834755,0.11803870927139781
174.59505541346974,0.11920278892102604
174.74402730375425,0.1206554658378474
174.8932536293766,0.12239325740977042
175.04273504273505,0.12438208706042964
175.1924721984602,0.126569314940821
175.34246575342465,0.12894656990646644
175.49271636675235,0.13143501498542948
175.6432246998285,0.1338626205034945
175.79399141630904,0.13621041099076397
175.94501718213058,0.1385228562599619
176.0963026655202,0.1406420088655228
176.24784853700515,0.14248264025190496
176.3996554694229,0.14416101473307769
176.55172413793102,0.1455619525885569
176.70405522001724,0.14645665263435287
176.85664939550952,0.14694789826890997
177.00950734658602,0.14713849506725263
177.16262975778545,0.14688085360414146
177.3160173160173,0.1461677021931556
177.46967071057193,0.14508992115760075
177.62359063313096,0.14358091883182128
177.77777777777777,0.14164635751778043
177.93223284100782,0.13938923345973497
178.08695652173913,0.13681723667331844
178.24194952132288,0.13394864635483658
178.397212543554,0.1308056750971147
178.55274629468178,0.12737230607380803
178.70855148342056,0.1237392137359843
178.86462882096066,0.11996938803086735
179.02097902097898,0.1160190427362335
179.17760279965006,0.11195068895656717
179.33450087565674,0.10780589002437778
179.4916739702016,0.10351432772406689
179.64912280701753,0.09915486428534233
179.80684811237927,0.09483706406241867
179.96485061511424,0.09051814402049743
180.12313104661388,0.08621366726119195
180.28169014084506,0.08196766485661966
180.44052863436124,0.07773850886297184
180.59964726631395,0.07356659598887215
180.75904677846424,0.06951392389928461
180.91872791519435,0.06554598725868714
181.07869142351902,0.061680995065325483
181.23893805309734,0.05795621262094524
181.39946855624444,0.0543321830789365
181.56028368794324,0.05082205607117764
181.72138420585628,0.04747528880570986
181.88277087033748,0.0442730087795169
182.04444444444445,0.04120133806413418
182.20640569395016,0.03827344880147425
182.3686553873553,0.03547799033089577
182.53119429590015,0.032802115502436266
182.69402319357712,0.030246399211681867
182.85714285714286,0.027822064152245245
183.0205540661305,0.02553023763510743
183.18425760286226,0.023335477058248812
183.34825425246197,0.02123599217444973
183.51254480286738,0.01927443561229706
183.67713004484304,0.017426278543071338
183.84201077199282,0.015649181776043526
184.00718778077265,0.013985648210200215
184.1726618705036,0.012457236794168368
184.33843384338437,0.011020295072779844
184.5045045045045,0.009683095147116981
184.67087466185754,0.00847946968622311
184.83754512635377,0.007383621018971384
185.0045167118338,0.006377725053558273
185.17179023508135,0.0054885252322033045
185.33936651583707,0.00471746236155855
185.5072463768116,0.00404156439223879
185.675430643699,0.0034594707769213156
185.84392014519057,0.0029695921015205004
186.01271571298818,0.002550387146318134
186.1818181818182,0.0021929130690743095
186.3512283894449,0.0019053733893217202
186.52094717668484,0.0016795178178897023
186.69097538742025,0.001493532406462699
186.86131386861314,0.0013379755934824695
187.03196347031962,0.0012090925589552854
187.20292504570384,0.001097033877981528
187.37419945105214,0.0009954721354773553
187.54578754578753,0.0009025976842463818
187.71769019248396,0.0008148162147033736
187.88990825688072,0.0007292568077099398
188.06244260789717,0.0006435300818097947
188.23529411764707,0.0005563849461906629
188.40846366145354,0.00047152143188821234
188.5819521178637,0.0003914025067127188
188.75576036866357,0.00031419607794234717
188.92988929889296,0.00024142916552805183
189.10433979686056,0.00017737883132053702
189.27911275415894,0.00012354805470157114
189.45420906567992,8.066762902019019e-05
189.62962962962962,5.011412315662505e-05
189.80537534754404,3.2525389168152156e-05
189.98144712430428,2.8201105945061907e-05
190.15784586815226,3.655918370841314e-05
190.3345724907063,5.6079342128783416e-05
190.51162790697674,8.533566102478009e-05
190.68901303538178,0.00012280691311031822
190.8667287977633,0.0001674079762184746
191.044776119403,0.00021731867832004183
191.22315592903828,0.0002683591550932824
191.4018691588785,0.00031915053136087693
191.5809167446211,0.00037259597192968905
191.76029962546815,0.00042666149559685007
191.94001874414244,0.0004752163387819208
192.12007504690433,0.0005194623714704144
192.3004694835681,0.0005639033051984793
192.48120300751881,0.000606313257667204
192.66227657572907,0.0006446388160047089
192.8436911487759,0.0006830643681976564
193.02544769085767,0.0007239780575405376
193.2075471698113,0.0007661181757890749
193.38999055712932,0.0008109924081615068
193.57277882797732,0.0008618081669525303
193.75591296121098,0.0009203139277076368
193.93939393939394,0.000988126305808285
194.12322274881518,0.0010659542415176516
194.30740037950665,0.0011544331055374855
194.49192782526114,0.0012573153786049763
194.67680608365018,0.0013760273078137588
194.86203615604185,0.0015066914323953369
195.04761904761907,0.00165115183975983
195.23355576739752,0.0018162539845066501
195.4198473282443,0.001998846010688389
195.6064947468959,0.002193956671537035
195.79349904397705,0.0024101060391444216
195.9808612440191,0.0026523933410575588
196.1685823754789,0.002912705193490393
196.35666347075744,0.00319396305352398
196.5451055662188,0.0035091885685293316
196.73390970220942,0.00385327774507491
196.92307692307693,0.004214672811218381
197.1126082771896,0.004602677767937078
197.30250481695566,0.005030830496425101
197.4927675988428,0.005496652919273373
197.68339768339766,0.005995354801204258
197.8743961352657,0.006530636442072284
198.06576402321085,0.0071117018853487516
198.25750242013552,0.007751965430008079
198.44961240310076,0.008458066977188549
198.64209505334625,0.00922091470156884
198.83495145631065,0.010032860669840774
199.02818270165207,0.010905342139603135
199.22178988326846,0.011861032108436455
199.4157740993184,0.012914069957795949
199.61013645224173,0.014058369389785637
199.8048780487805,0.015284905438284119
200.0,0.01660993426697219
200.19550342130987,0.018055074656859793
200.3913894324853,0.019614621210467427
200.58765915768853,0.02129172227750856
200.78431372549022,0.023126769715108426
200.9813542688911,0.02513742306156333
201.17878192534383,0.027297012238522964
201.37659783677483,0.02960741531482886
201.5748031496063,0.03210991342516798
201.77339901477833,0.034822468761903855
201.9723865877712,0.03774871733725978
202.1717670286278,0.04091360725571117
202.3715415019763,0.044332919041280595
202.57171117705244,0.04801441511903462
202.77227722772278,0.052007677960672904
202.97324083250743,0.056366048796508375
203.17460317460316,0.06107459829767595
203.37636544190661,0.0661030285842145
203.57852882703776,0.07149477094831296
203.78109452736314,0.07732613032460499
203.98406374501994,0.08361923405359162
204.1874376869392,0.09037117491592145
204.39121756487026,0.09763397817955531
204.5954045954046,0.10547622228899405
204.79999999999998,0.11389122753375026
205.005005005005,0.12285444128805274
205.21042084168334,0.13244345032338764
205.41624874623875,0.1427790833190982
205.62248995983938,0.15390560821892574
205.8291457286432,0.16584273369803917
206.03621730382292,0.17866000148509512
206.24370594159112,0.1924261172969262
206.4516129032258,0.20719707875480742
206.65993945509584,0.223054016752112
206.86868686868684,0.24006738758324062
207.07785642062692,0.25830182680085556
207.28744939271257,0.27785251430291963
207.49746707193518,0.29874631334790025
207.7079107505071,0.3209325563496557
207.9187817258883,0.34448020222687725
208.130081300813,0.36954249056298705
208.34181078331636,0.39613851446018583
208.55397148676167,0.4243051821493641
208.7665647298675,0.4543197717084964
208.9795918367347,0.4864688632828111
209.19305413687437,0.5208872901422684
209.40695296523518,0.5578001795901787
209.6212896622313,0.5975349250453512
209.83606557377047,0.6402518717863178
210.05128205128204,0.6859785429779262
210.26694045174537,0.7347427479535166
210.48304213771837,0.7864163554977646
210.69958847736626,0.8406629059119806
210.91658084449023,0.8972161093877553
211.1340206185567,0.9560626877103358
211.3519091847265,1.0173293972289552
211.5702479338843,1.0812186810478477
211.78903826266804,1.1482959906331323
212.00828157349895,1.2197502120305115
212.22797927461139,1.29698713590471
212.448132780083,1.3810249888108048
212.668743509865,1.4726204508339418
212.88981288981287,1.572437258679389
213.11134235171693,1.6803289066349407
213.33333333333334,1.7948694460595458
213.555787278415,1.9139712167160234
213.7787056367432,2.035314148909108
214.00208986415882,2.156239718581556
214.22594142259413,2.2743633217583894
214.4502617801047,2.3887383116156906
214.67505241090146,2.5005529235482067
214.900314795383,2.6134720974041583
215.12605042016807,2.733527065042875
215.35226077812828,2.8681879393303005
215.57894736842104,3.025421653129329
215.80611169652263,3.212765790259553
216.03375527426158,3.435079510706694
216.26187961985215,3.691816956801469
216.49048625792813,3.9761524937561394
216.7195767195767,4.275465709530535
216.9491525423729,4.571725560832789
217.17921527041358,4.843154367110897
217.40976645435242,5.06839811424781
217.64080765143464,5.2314036006846605
217.87234042553192,5.325656945148115
218.10436634717786,5.35835254357608
218.33688699360337,5.353412008924576
218.5699039487727,5.3508428282080835
218.80341880341882,5.402401142294367
219.0374331550802,5.565073201841326
219.27194860813702,5.892079299613329
219.5069667738478,6.421017416480984
219.74248927038627,7.161854486155943
219.97851772287862,8.088694203748773
220.21505376344086,9.136852960010469
220.45209903121636,10.205064784391089
220.68965517241378,11.164211899736145
220.92772384034518,11.874681825128373
221.16630669546436,12.210497410311884
221.4054054054054,12.084854695650494
221.64502164502164,11.473419585831223
221.88515709642468,10.432834131738527
222.12581344902384,9.10910758067504
222.36699239956567,7.731005590284346
222.6086956521739,6.588118235684317
222.85092491838955,5.995170764526563
223.09368191721134,6.244738507716676
223.3369683751363,7.554286546213992
223.58078602620085,10.016632935597537
223.82513661202185,13.562461343018718
224.07002188183807,17.9425372985277
224.31544359255204,22.73652980881572
224.56140350877192,27.391527013901143
224.80790340285398,31.287287722476954
225.05494505494505,33.821760616751206
225.30253025302528,34.50814848682192
225.55066079295153,33.06920654424319
225.79933847850054,29.51086021348406
226.0485651214128,24.16161907329005
226.29834254143645,17.669383059961476
226.54867256637166,10.94930382986653
226.79955703211516,5.083289451686777
227.0509977827051,1.1825042934701913
227.30299667036624,0.23026858493859087
227.55555555555554,2.925771865033413
227.80867630700777,9.55267540002064
228.06236080178175,19.896205268883328
228.31661092530658,33.22480056640207
228.57142857142856,48.34342738014515
228.82681564245812,63.718664044011106
229.082774049217,77.6643638395865
229.33930571108624,88.5618731161981
229.59641255605382,95.08361388353275
229.8540965207632,96.39122767491727
230.1123595505618,92.27745849349182
230.37120359955006,83.22417994372618
230.6306306306306,70.36464507361582
230.89064261555805,55.35233213703338
231.1512415349887,40.150741748532056
231.41242937853107,26.77287609609793
231.67420814479635,17.006189229868202
231.9365798414496,12.16107500927063
232.19954648526078,12.882866705261023
232.46311010215663,19.05711412483939
232.7272727272727,29.821297637673286
232.9920364050057,43.68392535432017
233.25740318906605,58.735077817495224
233.52337514253134,72.91619168945397
233.78995433789953,84.30981777667871
234.05714285714288,91.4041230994465
234.32494279176203,93.29196504849163
234.59335624284074,89.78073810490683
234.8623853211009,81.3943726076142
235.13203214695753,69.26238916535529
235.4022988505747,54.92427293359168
235.67318757192174,40.08653737668168
235.9447004608295,26.362156284886776
236.2168396770473,15.035667636929205
236.48960739030022,6.898594790224605
236.76300578034682,2.1746342872660964
237.03703703703707,0.5412173245062406
237.3117033603708,1.2434186219025607
237.58700696055683,3.2739343114719173
237.862950058072,5.584586007985298
238.13953488372093,7.292895222917529
238.41676367869616,7.843196956540712
238.69463869463866,7.09523863526087
238.97316219369893,5.329787714417708
239.25233644859816,3.1689479458454546
239.53216374269007,1.428106829085252
239.81264637002343,0.9333439278854678
240.0937866354044,2.337763966746093
240.37558685446012,5.970924191641943
240.65804935370153,11.752731214621889
240.94117647058823,19.186467652649807
241.2249705535924,27.431673167558607
241.50943396226415,35.4460907957083
241.79456906729635,42.16792162236713
242.080378250591,46.700953470598925
242.3668639053254,48.47124454094999
242.65402843601896,47.32895007465853
242.94187425860022,43.57230662560053
243.23040380047507,37.887494409037934
243.51961950059456,31.221740596127745
243.80952380952382,24.615616559841953
244.1001191895113,19.020062159345922
244.39140811455846,15.132208887286794
244.68339307048984,13.285906596995014
244.97607655502392,13.414741068815614
245.2694610778443,15.087981482028049
245.56354916067144,17.611965050806052
245.85834333733493,20.178553247673683
246.15384615384616,22.029768934735284
246.4500601684717,22.604148920099384
246.7469879518072,21.637722340110244
247.04463208685164,19.203308615920715
247.34299516908212,15.681484012242219
247.6420798065296,11.67043925937307
247.9418886198547,7.8565279197555435
248.24242424242422,4.8728410746208155
248.54368932038832,3.1737094705654454
248.8456865127582,2.950554866421687
249.14841849148416,4.10504412664701
249.45188794153472,6.283626373197036
249.75609756097558,8.963969182871647
250.06105006105005,11.571433876819546
250.36674816625916,13.601885291024054
250.6731946144431,14.727069948541722
250.98039215686276,14.857011849829057
251.2883435582822,14.146503564103313
251.5970515970516,12.950443971167296
251.90651906519062,11.738175195210928
252.21674876847288,10.98319809832837
252.52774352651045,11.05480606460305
252.8395061728395,12.1366772290206
253.15203955500616,14.187588656858944
253.46534653465346,16.95102180931105
253.7794299876084,20.011978271351982
254.09429280397023,22.888275639301938
254.40993788819875,25.133440717501202
254.726368159204,26.427788323070452
255.04358655043586,26.64080094054323
255.36159600997507,25.851081001307683
255.6803995006242,24.318356982783495
255.99999999999997,22.418555745177418
256.3204005006258,20.558994146331266
256.64160401002505,19.089409129112312
256.9636135508155,18.229994228831885
257.286432160804,18.03485704708231
257.61006289308176,18.39380921971669
257.9345088161209,19.068230294956553
258.2597730138714,19.75519694427645
258.5858585858586,20.163983900458714
258.91276864728195,20.083074084950468
259.24050632911394,19.423918637152422
259.5690747782003,18.235473824186247
259.8984771573604,16.68567739861432
260.22871664548916,15.014293292302378
260.55979643765903,13.472975742617741
260.89171974522293,12.269027217002435
261.2244897959184,11.523915530534108
261.5581098339719,11.255476602652134
261.89258312020456,11.387141030603326
262.2279129321382,11.778059145652964
262.56410256410254,12.264392612362418
262.9011553273428,12.701500958586712
263.2390745501285,12.995836255878892
263.5778635778636,13.120346620039703
263.91752577319585,13.113423544990274
264.258064516129,13.06165382104656
264.59948320413434,13.069969369568845
264.9417852522639,13.230205167110647
265.2849740932642,13.597134807308773
265.6290531776913,14.174985861543504
265.974025974026,14.91833411964984
266.3198959687906,15.748133344821929
266.66666666666663,16.574811260448286
267.01434159061273,17.320984355599677
267.3629242819843,17.939908151039006
267.7124183006536,18.42345261760565
268.0628272251309,18.797562799410485
268.41415465268676,19.11064579219925
268.76640419947506,19.418610521126524
269.119579500657,19.769429947058242
269.47368421052636,20.19237131401299
269.82872200263506,20.69216414113457
270.1846965699208,21.24669618816959
270.5416116248349,21.81181656775107
270.8994708994709,22.332185580073226
271.25827814569533,22.751401731986885
271.6180371352785,23.02117713180674
271.97875166002655,23.110528085094806
272.3404255319149,23.009877062528236
272.70306258322233,22.729328587350192
273.06666666666666,22.294816875762773
273.4312416555407,21.74225412155308
273.7967914438503,21.111405176921494
274.1633199464525,20.442091933259828
274.5308310991957,19.770771237785567
274.8993288590604,19.128281659050987
275.26881720430106,18.54121478122803
275.6393001345895,18.032677176152795
276.010781671159,17.620126166292472
276.3832658569501,17.314570571810947
276.7567567567567,17.121439658378534
277.1312584573748,17.04048916675726
277.50677506775065,17.066024038928806
277.88331071913166,17.187590863652908
278.2608695652174,17.389859086071763
278.6394557823129,17.653885096095145
279.01907356948226,17.959517620431747
279.39972714870396,18.285463096626877
279.78142076502735,18.609118130239835
280.1641586867305,18.908857654969832
280.54794520547944,19.16549058747533
280.93278463648835,19.362387233793037
281.31868131868134,19.486861196804735
281.70563961485556,19.53089354033648
282.0936639118457,19.490668774091304
282.48275862068965,19.367888457783202
282.8729281767956,19.171252449315897
283.2641770401106,18.915699713254227
283.6565096952908,18.62203148845844
284.0499306518724,18.31780740589201
284.44444444444446,18.036716280712387
284.84005563282335,17.816205964818185
285.2367688022284,17.695130468584868
285.63458856345886,17.711390447278127
286.0335195530726,17.89912919957237
286.43356643356645,18.285873825991317
286.8347338935574,18.889739436321243
287.23702664796633,19.717008145374255
287.6404494382022,20.76107443865508
288.0450070323488,22.002657930439867
288.4507042253521,23.410234249635227
288.85754583921016,24.941200746289653
289.2655367231638,26.544646594968533
289.6746817538897,28.164750023117005
290.08498583569406,29.74415579907433
290.49645390070924,31.22730952301483
290.9090909090909,32.563158955949476
291.32290184921766,33.70840078792114
291.73789173789174,34.63117759200015
292.15406562054204,35.31131059131418
292.57142857142856,35.73874913114105
292.9899856938483,35.91541992499347
293.4097421203438,35.855714637318144
293.83070301291247,35.58156761196248
294.2528735632184,35.1198035181944
294.67625899280574,34.502919951857166
295.1008645533141,33.76554970399039
295.52669552669556,32.93955132655826
295.9537572254335,32.05387255674245
296.3820549927641,31.13440646801606
296.81159420289856,30.201012192027598
297.2423802612482,29.2664604399761
297.6744186046512,28.337722848967637
298.1077147016012,27.416416462657537
298.54227405247815,26.499040277418263
298.978102189781,25.578549894653577
299.41520467836256,24.64618957241316
299.8535871156662,23.692326190167392
300.2932551319648,22.707151637912613
300.73421439060206,21.682429370671308
301.17647058823525,20.613079985433853
301.620029455081,19.497273598651233
302.06489675516224,18.336319791096408
302.5110782865583,17.1350525893395
302.95857988165676,15.901447018315332
303.4074074074074,14.645906473906273
303.85756676557867,13.381299702511694
304.30906389301634,12.122380292182793
304.7619047619047,10.884124138800209
305.2160953800298,9.681009017268233
305.6716417910448,8.527179655383973
306.1285500747384,7.435573318992417
306.58682634730536,6.4166404857582675
307.0464767616192,5.478299484453013
307.5075075075075,4.626414842301222
307.96992481203006,3.864569656522899
308.433734939759,3.193542322573999
308.8989441930618,2.6114831231733695
309.3655589123867,2.1147666724286855
309.83358547655064,1.6984465298842633
310.3030303030303,1.3560876084614684
310.7738998482549,1.0800933307385896
311.2462006079027,0.862508511044492
311.7199391171994,0.6952487489716627
312.1951219512195,0.5701697068852488
312.67175572519085,0.4795712064866469
313.1498470948012,0.4164039145792128
313.6294027565084,0.37418377341166037
314.11042944785277,0.3472639103708848
314.5929339477727,0.33096759438578344
315.0769230769231,0.3213528060902716
315.5624036979969,0.3152565242593032
316.04938271604937,0.31039283640855503
316.53786707882534,0.30509727322040664
317.0278637770898,0.2982213746568999
317.5193798449612,0.28921326862948704
318.0124223602484,0.2779111943568893
318.50699844479004,0.26432385393382524
319.0031152647975,0.24869453744590192
319.5007800312012,0.2314894064959902
320.0,0.21320259899630725
320.5007824726134,0.19428561577320497
321.0031347962382,0.17522334424100344
321.5070643642072,0.15652162606808717
322.0125786163522,0.1385754724790746
322.5196850393701,0.12162915527518517
323.02839116719235,0.10588232053028084
323.5387045813586,0.09152052236856296
324.0506329113924,0.07863314867486963
324.56418383518223,0.06722181039465813
325.07936507936506,0.057266455749452924
325.59618441971384,0.04870672167842967
326.11464968152865,0.04143280776123384
326.63476874003186,0.035333312200008904
327.15654952076676,0.030288105396037917
327.68,0.026146070070367834
328.2051282051282,0.02276861076988345
328.7319422150882,0.020048372746398892
329.2604501607717,0.017872304846894223
329.7906602254429,0.01612484048152387
330.3225806451613,0.014718401335673693
330.8562197092084,0.013581178791925608
331.3915857605178,0.012642196178314588
331.9286871961102,0.011848257228452133
332.46753246753246,0.011162854291219127
333.0081300813008,0.010547340387932216
333.5504885993485,0.009972285216701265
334.094616639478,0.009429529183479095
334.640522875817,0.008910039664833048
335.18821603927984,0.008397720777538201
335.73770491803276,0.007891746680098856
336.28899835796386,0.007399602431870935
336.8421052631579,0.006915323757155962
337.3970345963756,0.0064336150349298135
337.95379537953795,0.0059637811973873005
338.51239669421483,0.005511771791936104
339.07284768211923,0.005074440514184171
339.63515754560524,0.004654068648076367
340.19933554817277,0.004255515298925854
340.765391014975,0.003877501404496839
341.3333333333333,0.003520564459679547
341.9031719532554,0.003189404725433683
342.4749163879599,0.002882749700508963
343.04857621440533,0.00259530987242477
343.6241610738255,0.0023284141825741147
344.2016806722689,0.0020867350765148966
344.7811447811448,0.0018685025766374027
345.362563237774,0.001668495829734731
345.94594594594594,0.0014862183323510287
346.5313028764805,0.0013234101699715452
347.11864406779665,0.0011780615640974202
347.70797962648555,0.0010466859948278905
348.29931972789115,0.0009279108169652186
348.8926746166951,0.0008210458380130094
349.4880546075085,0.0007255607864127471
350.0854700854701,0.0006415004537756864
350.6849315068493,0.0005674107608703527
351.286449399657,0.0005008581589620653
351.89003436426117,0.0004414656006748759
352.4956970740103,0.00038970542742612716
353.10344827586204,0.0003445668056588745
353.71329879101904,0.00030477215509563146
354.3252595155709,0.0002694896017542832
354.93934142114387,0.00023794514941047134
355.55555555555554,0.00021017925525270705
356.17391304347825,0.00018614061000944476
356.794425087108,0.00016448953404719774
357.4171029668411,0.00014476570528923133
358.04195804195797,0.00012805281236976794
358.6690017513135,0.00011414592005549972
359.29824561403507,0.0001015418431130483
359.9297012302285,8.981020198856404e-05
360.5633802816901,7.942680328729306e-05
361.1992945326279,7.068029639930722e-05
361.8374558303887,6.336101344531113e-05
362.4778761061947,5.648993180122483e-05
363.1205673758865,4.9621532615158396e-05
363.76554174067496,4.3823071631701e-05
364.4128113879003,3.944272673844976e-05
365.0623885918003,3.524946137248477e-05
365.7142857142857,3.092067461020706e-05
366.3685152057245,2.722048339298824e-05
367.02508960573476,2.4025592712424058e-05
367.68402154398564,2.096484299168987e-05
368.3453237410072,1.8351214579108918e-05
369.009009009009,1.6139912384390003e-05
369.67509025270755,1.3959451924085271e-05
370.3435804701627,1.200428453244944e-05
371.0144927536232,1.0466277277703832e-05
371.68784029038113,9.076813346966521e-06
372.3636363636364,7.733735853519196e-06
373.0418943533697,6.609083327967195e-06
373.7226277372263,5.7277758100064186e-06
374.4058500914077,4.951565803250551e-06
375.09157509157507,4.205173568377211e-06
375.77981651376143,3.5759635444076626e-06
376.47058823529414,3.1284464602504917e-06
377.1639042357274,2.7882928252750788e-06
377.8597785977859,2.5360953935040806e-06
378.5582255083179,2.3861985166865734e-06
379.25925925925924,2.235433282161189e-06
379.96289424860856,2.0967358983908237e-06
380.6691449814126,2.086415747663686e-06
381.37802607076355,2.1353351687506387e-06
382.089552238806,2.143923671577174e-06
382.803738317757,2.174810937782197e-06
383.5205992509363,2.2805126639061316e-06
384.24015009380867,2.4507083316137596e-06
384.96240601503763,2.622582675640525e-06
385.6873822975518,2.719475292280862e-06
386.4150943396226,2.7946675510216275e-06
387.14555765595463,2.875844765241949e-06
387.8787878787879,2.901088916996735e-06
388.6148007590133,2.945324618459063e-06
389.35361216730035,3.0575624947065473e-06
390.09523809523813,3.105053418837471e-06
390.8396946564886,3.086502317649715e-06
391.5869980879541,3.071103002947012e-06
392.3371647509578,3.0269554641774392e-06
393.0902111324376,3.0170098301771272e-06
393.84615384615387,3.034662039863063e-06
394.6050096339113,2.951217646714837e-06
395.3667953667953,2.881879890192112e-06
396.1315280464217,2.9141657071564446e-06
396.8992248062015,2.888788744276319e-06
397.6699029126213,2.833364822349476e-06
398.4435797665369,2.82312466026817e-06
399.22027290448347,2.7468616974892587e-06
400.0,2.696618527210613e-06
400.7827788649706,2.7752977610528415e-06
401.56862745098044,2.8548274833741934e-06
402.35756385068765,2.981602344169954e-06
403.1496062992126,3.23940729230042e-06
403.9447731755424,3.498837568441854e-06
404.7430830039526,3.7966964450848957e-06
405.54455445544556,4.24365250875245e-06
406.3492063492063,4.772617960831368e-06
407.1570576540755,5.38250129211155e-06
407.9681274900399,6.1476085650347875e-06
408.7824351297405,7.182233851351124e-06
409.59999999999997,8.542967191376213e-06
410.4208416833667,9.999085195459117e-06
411.24497991967877,1.1579900717293877e-05
412.07243460764585,1.3637277550799455e-05
412.9032258064516,1.5932770072448136e-05
413.7373737373737,1.8277252018296292e-05
414.57489878542515,2.126532385624126e-05
415.4158215010142,2.494372952522228e-05
416.260162601626,2.878064246615392e-05
417.10794297352334,3.300240472931529e-05
417.9591836734694,3.7930477748349586e-05
418.81390593047036,4.3342481604148826e-05
419.67213114754094,4.925873982338059e-05
420.53388090349074,5.595903770741213e-05
421.3991769547325,6.367864174239208e-05
422.2680412371134,7.233118157890204e-05
423.1404958677686,8.139129366986944e-05
424.0165631469979,9.126100592503442e-05
424.896265560166,0.00010286051359606505
425.77962577962575,0.00011533777452905906
426.6666666666667,0.00012806646975731421
427.5574112734864,0.00014282129606137876
428.45188284518827,0.00016006887745014423
429.3501048218029,0.0001781239768301852
430.25210084033614,0.00019723730790766788
431.1578947368421,0.00021862496491759003
432.06751054852316,0.0002418043940105308
432.98097251585625,0.0002667757120461831
433.8983050847458,0.0002944900737059897
434.81953290870484,0.000324987398945545
435.74468085106383,0.00035818558588673644
436.67377398720674,0.0003939510451909287
437.60683760683764,0.000431835585217128
438.54389721627405,0.00047298757239932874
439.48497854077254,0.0005187633323553551
440.4301075268817,0.000568683823284715
441.37931034482756,0.0006232996450290335
442.3326133909287,0.0006835772669072535
443.2900432900433,0.0007477396871675985
444.2516268980477,0.0008160350783281674
445.2173913043478,0.0008925557140185734
446.1873638344227,0.0009776613740703597
447.1615720524017,0.0010689608888413893
448.14004376367615,0.0011685449711584736
449.12280701754383,0.0012790389324219783
450.1098901098901,0.001399597718863548
451.10132158590307,0.0015312799175618388
452.0971302428256,0.0016769503749391075
453.0973451327433,0.0018369342250081635
454.1019955654102,0.002012468523634981
455.1111111111111,0.002208101285953269
456.1247216035635,0.002426560875605463
457.1428571428571,0.0026670097596565396
458.165548098434,0.0029305958770819863
459.19282511210764,0.0032240269430706225
460.2247191011236,0.0035541519535924387
461.2612612612612,0.00392172624849444
462.3024830699774,0.004327187002530423
463.3484162895927,0.004777980555317135
464.39909297052156,0.005281474060730912
465.4545454545454,0.005839525192446282
466.5148063781321,0.00645815232134129
467.57990867579906,0.007149194294690078
468.64988558352405,0.007917717871239375
469.7247706422018,0.008765163847832068
470.8045977011494,0.009704702315473391
471.889400921659,0.010752772108477358
472.97921478060044,0.01191343606017145
474.07407407407413,0.013194292021297668
475.17401392111367,0.014618661062570927
476.27906976744185,0.016201074793958162
477.3892773892773,0.017943740214308525
478.5046728971963,0.019868117500556743
479.62529274004686,0.022008070133748458
480.75117370892025,0.024379759815881023
481.88235294117646,0.026998129455137396
483.0188679245283,0.029898337879947775
484.160756501182,0.033117628354816166
485.3080568720379,0.03668522400683715
486.46080760095015,0.04063410524725378
487.61904761904765,0.04500816407854534
488.7828162291169,0.04986236295226958
489.95215311004785,0.05525153145408401
491.1270983213429,0.06122827922048011
492.3076923076923,0.06786369124814728
493.4939759036144,0.07524095839543005
494.68599033816423,0.08343613392136941
495.8837772397094,0.09254009640660876
497.08737864077665,0.10266483588307278
498.29683698296833,0.11392103855244685
499.51219512195115,0.12643659818869127
500.7334963325183,0.1403656528584281
501.9607843137255,0.15585900316206527
503.1941031941032,0.17308221780345953
504.43349753694577,0.1922470352954879
505.679012345679,0.2135863074271338
506.9306930693069,0.23733231985857023
508.18858560794047,0.2637317950937502
509.452736318408,0.2930789721033305
510.72319201995015,0.32573165430792894
511.99999999999994,0.36206603720158725
513.2832080200501,0.4024607825387886
514.572864321608,0.44736066157892357
515.8690176322418,0.49727627988681145
517.1717171717172,0.5527452640338417
518.4810126582279,0.6143816523922827
519.7969543147208,0.6828949823127131
521.1195928753181,0.7590332183656399
522.4489795918367,0.8435966138484412
523.7851662404091,0.9375045136014644
525.1282051282051,1.041797896321771
526.478149100257,1.1575907576320301
527.8350515463917,1.2861007567851974
529.1989664082687,1.428759955692343
530.5699481865284,1.5871618971988426
531.948051948052,1.7629396587702455
533.3333333333333,1.9579229648623186
534.7258485639686,2.1742581258127696
536.1256544502618,2.4142424662546795
537.5328083989501,2.6803742357102243
538.9473684210527,2.975529906938503
540.3693931398416,3.3028380789910767
541.7989417989418,3.6656715723524482
543.236074270557,4.06784785657069
544.6808510638298,4.5135968793982775
546.1333333333333,5.007540093851416
547.5935828877006,5.554793838990586
549.0616621983914,6.160961721505247
550.5376344086021,6.832239490273018
552.021563342318,7.575505992517641
553.5135135135134,8.398243485854556
555.0135501355013,9.308738807413182
556.5217391304348,10.316217986007587
558.0381471389645,11.430617508879003
559.5628415300547,12.662835686351098
561.0958904109589,14.02511542321992
562.6373626373627,15.53078772635124
564.1873278236914,17.19435844960063
565.7458563535912,19.031930681775236
567.3130193905816,21.0609742255179
568.8888888888889,23.30047560593671
570.4735376044569,25.771654624993705
572.0670391061452,28.497679072230312
573.6694677871149,31.503381436781677
575.2808988764044,34.81614857790915
576.9014084507043,38.466165913749414
578.5310734463276,42.485984359387324
580.1699716713881,46.91105948835852
581.8181818181818,51.780144920628224
583.4757834757835,57.135095401550664
585.1428571428571,63.02153370314549
586.8194842406876,69.48919452922793
588.5057471264367,76.5913339559909
590.2017291066282,84.3854871815577
591.907514450867,92.93458783743569
593.6231884057971,102.30625377729064
595.3488372093024,112.57256115804978
597.0845481049563,123.8114423308403
598.8304093567251,136.1071254078665
600.5865102639297,149.54951929887036
602.3529411764705,164.23439549115736
604.1297935103245,180.26417652714207
605.9171597633135,197.74816739757998
607.7151335311573,216.8022293679653
609.5238095238094,237.54920556006803
611.3432835820896,260.11965877770615
613.1736526946107,284.6510801511297
615.015015015015,311.2875139652032
616.867469879518,340.180789741996
618.7311178247734,371.4898966759114
620.6060606060606,405.3798674603488
622.4924012158054,442.02295208440074
624.390243902439,481.5972286319547
626.2996941896024,524.2835158488244
628.2208588957055,570.2671087792697
630.1538461538462,619.7380843852911
632.0987654320987,672.8853183519303
634.0557275541796,729.8945676302948
636.0248447204968,790.9511769200584
638.006230529595,856.2365271810713
640.0,925.9223322399149
642.0062695924764,1000.1709063846927
644.0251572327044,1079.1348099825998
646.0567823343847,1162.9517850415723
648.1012658227849,1251.740573754468
650.1587301587301,1345.59815422822
652.2292993630573,1444.595159896545
654.3130990415335,1548.7683388211196
656.4102564102564,1658.109988932237
658.5209003215434,1772.5586118120443
660.6451612903226,1891.9908705391028
662.7831715210356,2016.2076684407307
664.9350649350649,2144.920741315166
667.100977198697,2277.750013257002
669.281045751634,2414.222875379929
671.4754098360655,2553.7730121647523
673.6842105263158,2695.748616227392
675.9075907590759,2839.4244376321344
678.1456953642385,2984.0129544112156
680.3986710963455,3128.674668673065
682.6666666666666,3272.513767765163
684.9498327759198,3414.5578709214146
687.248322147651,3553.7251892296586
689.5622895622896,3688.767663802751
691.8918918918919,3818.2060862138796
694.2372881355933,3940.27335501312
696.5986394557823,4052.8613760582007
698.976109215017,4153.523277058777
701.3698630136986,4239.562663421285
703.7800687285223,4308.158158720033
706.2068965517241,4356.5615394433
708.6505190311418,4382.423967590548
711.1111111111111,4384.105255997135
713.588850174216,4360.852377110228
716.0839160839159,4312.897482257927
718.5964912280701,4241.404919276461
721.1267605633802,4148.134114358152
723.6749116607774,4034.880142402705
726.241134751773,3902.826873180123
728.8256227758006,3751.942755031086
731.4285714285714,3580.646114703441
734.0501792114695,3385.976952867847
736.6906474820144,3164.410110603984
739.3501805054151,2913.295970312349
742.0289855072464,2632.66958682326
744.7272727272727,2326.936767742692
747.4452554744526,2005.827267500776
750.1831501831501,1684.0447824289236
752.9411764705883,1379.3896674642933
755.7195571955718,1109.735565247968
758.5185185185185,889.8466596716565
761.3382899628252,729.3849059287033
764.179104477612,633.2500629673983
767.0411985018726,604.420187577054
769.9248120300753,647.999592291653
772.8301886792452,773.9175453020445
775.7575757575758,995.4947240800344
778.7072243346007,1322.5047020481904
781.6793893129772,1750.2026666623804
784.6743295019156,2248.84816376899
787.6923076923077,2759.733368924082
790.7335907335906,3202.3004780482647
793.798449612403,3492.5945368008774
796.8871595330738,3567.7994652225657
800.0,3407.807651670954
803.1372549019609,3044.930560542218
806.2992125984252,2557.2391355951463
809.4861660079052,2047.724836230713
812.6984126984127,1617.2078419835746
815.9362549800798,1340.8762737909947
819.1999999999999,1255.8778529528329
822.4899598393575,1362.091758141276
825.8064516129032,1632.838614647489
829.1497975708503,2029.2872752114122
832.520325203252,2512.5493121765544
835.9183673469388,3050.0633100045575
839.3442622950819,3616.1498145604123
842.798353909465,4188.989580186278
846.2809917355372,4746.987147334558
849.792531120332,5266.745131959392
853.3333333333334,5723.483495543679
856.9037656903765,6093.448299377691
860.5042016806723,6357.118233461724
864.1350210970463,6501.9792717864675
867.7966101694916,6524.064190706954
871.4893617021277,6427.982400042126
875.2136752136753,6225.640437485139
878.9699570815451,5934.153995894373
882.7586206896551,5573.485827614102
886.5800865800866,5164.244568648814
890.4347826086956,4725.941540071712
894.3231441048034,4275.812475327733
898.2456140350877,3828.1802669770173
902.2026431718061,3394.281020761969
906.1946902654867,2982.4069472344268
910.2222222222222,2598.223046294113
914.2857142857142,2245.190484783308
918.3856502242153,1925.017621529899
922.5225225225224,1638.0479437497124
926.6968325791854,1383.5875741960065
930.9090909090908,1160.2031454258151
935.1598173515981,965.9621316272451
939.4495412844036,798.6053300058409
943.778801843318,655.6861167875451
948.1481481481483,534.6876078647437
952.5581395348837,433.110249078222
957.0093457943926,348.53757666553327
961.5023474178405,278.6871329925225
966.0377358490566,221.4460057340751
970.6161137440758,174.89309245246108
975.2380952380953,137.31017483231412
979.9043062200957,107.18344169534113
984.6153846153846,83.19817954518443
989.3719806763285,64.22774020445534
994.1747572815533,49.31829497716861
999.0243902439023,37.67177828243417
1003.921568627451,28.627641166256513
1008.8669950738915,21.644293473011114
1013.8613861386139,16.281889660086343
1018.905472636816,12.186465165476747
1023.9999999999999,9.075291858141657
1029.145728643216,6.724207775153185
1034.3434343434344,4.956815582974474
1039.5939086294416,3.6351443277914126
1044.8979591836735,2.651945078903499
1050.2564102564102,1.9244150298107574
1055.6701030927834,1.3889646029488014
1061.139896373057,0.99702512189837
1066.6666666666665,0.7117375522422271
1072.2513089005236,0.5052608830670325
1077.8947368421054,0.3566793429480347
1083.5978835978835,0.25039643559214303
1089.3617021276596,0.17483134940680425
1095.1871657754011,0.12142147037678243
1101.0752688172042,0.08389797712040813
1107.0270270270269,0.05770117170742511
1113.0434782608695,0.039519415400033384
1119.1256830601094,0.02697003358383169
1125.2747252747254,0.018357893044516536
1131.4917127071824,0.012478013336828424
1137.7777777777778,0.00847852352216444
1144.1340782122904,0.005767126648855184
1150.5617977528088,0.00393445097336787
1157.0621468926552,0.0026966172252222377
1163.6363636363635,0.0018591293516745633
1170.2857142857142,0.0012911170405298018
1177.0114942528735,0.0009044102016247562
1183.815028901734,0.0006392441628857723
1190.6976744186047,0.00045568647651129967
1197.6608187134502,0.0003274255794168727
1204.705882352941,0.0002369691797770054
1211.834319526627,0.00017261133938756572
1219.0476190476188,0.00012647584244263686
1226.3473053892214,9.315493036171178e-05
1233.734939759036,6.900703913863158e-05
1241.2121212121212,5.159972139800045e-05
1248.780487804878,3.910251775738342e-05
1256.441717791411,3.009821383080257e-05
1264.1975308641975,2.3650647303197932e-05
1272.0496894409937,1.9140572886802633e-05
1280.0,1.6032224435904054e-05
1288.0503144654087,1.3869870813211817e-05
1296.2025316455697,1.23655699301853e-05
1304.4585987261146,1.1348841643463335e-05
1312.8205128205127,1.0656820959556447e-05
1321.2903225806451,1.0153490808717002e-05
1329.8701298701299,9.771175515672192e-06
1338.562091503268,9.453732448494786e-06
1347.3684210526317,9.155068205224949e-06
1356.291390728477,8.871779962739197e-06
1365.3333333333333,8.575828255290084e-06
1374.496644295302,8.219739540219411e-06
1383.7837837837837,7.828385481757207e-06
1393.1972789115646,7.437864062320916e-06
1402.7397260273972,7.022278715068615e-06
1412.4137931034481,6.575822037824363e-06
1422.2222222222222,6.125788716222446e-06
1432.1678321678319,5.664336491034778e-06
1442.2535211267605,5.188076670041711e-06
1452.482269503546,4.722260441070878e-06
1462.857142857143,4.262800809771417e-06
1473.3812949640287,3.7984288947981036e-06
1484.0579710144928,3.3520369392831823e-06
1494.890510948905,2.93253409910857e-06
1505.8823529411766,2.5258183637920586e-06
1517.037037037037,2.1433293699669724e-06
1528.358208955224,1.8033099262393691e-06
1539.8496240601505,1.4928458630123791e-06
1551.5151515151515,1.1982684904737615e-06
1563.3587786259543,9.329191792041448e-07
1575.3846153846155,7.093860596154798e-07
1587.596899224806,5.205470780339525e-07
1600.0,3.6001758523279646e-07
1612.5984251968505,2.3238893803690368e-07
1625.3968253968253,1.3791006137010732e-07
1638.3999999999999,7.054711993597985e-08
1651.6129032258063,2.9130025153297305e-08
1665.040650406504,1.4171761619158927e-08
1678.6885245901638,2.324510985931003e-08
1692.5619834710744,5.4686116982433144e-08
1706.6666666666667,1.052244595788391e-07
1721.0084033613446,1.7128910505709452e-07
1735.5932203389832,2.543373916148816e-07
1750.4273504273506,3.513885092999999e-07
1765.5172413793102,4.529356422830757e-07
1780.8695652173913,5.593643712281211e-07
1796.4912280701753,6.764429464314031e-07
1812.3893805309733,7.977596881439907e-07
1828.5714285714284,9.13958685897867e-07
1845.0450450450448,1.0257283223317504e-06
1861.8181818181815,1.1351541118270684e-06
1878.8990825688072,1.240521079520657e-06
1896.2962962962965,1.339491611546289e-06
1914.0186915887853,1.4290865155223965e-06
1932.0754716981132,1.5100798295276998e-06
1950.4761904761906,1.5868370629833313e-06
1969.2307692307693,1.6559860078697833e-06
1988.3495145631066,1.7098473013303863e-06
2007.843137254902,1.750103016538416e-06
2027.7227722772277,1.7812135261610232e-06
2047.9999999999998,1.8004305512791307e-06
2068.686868686869,1.8063962176667531e-06
2089.795918367347,1.8037294253866258e-06
2111.340206185567,1.795286838735122e-06
2133.333333333333,1.7798312934008007e-06
2155.789473684211,1.75433916732039e-06
2178.723404255319,1.7170381023929576e-06
2202.1505376344085,1.6724515024931194e-06
2226.086956521739,1.6265926445766283e-06
2250.5494505494507,1.5774657031525607e-06
2275.5555555555557,1.5213606432531168e-06
2301.1235955056177,1.460957535183876e-06
2327.272727272727,1.3976890268312487e-06
2354.022988505747,1.3299833457640006e-06
2381.3953488372094,1.2618592779872693e-06
2409.411764705882,1.1969943731829582e-06
2438.0952380952376,1.1304496302129562e-06
2467.469879518072,1.0600115559307578e-06
2497.560975609756,9.921648902821968e-07
2528.395061728395,9.288387050400466e-07
2560.0,8.650926476925973e-07
2592.4050632911394,8.009726902831282e-07
2625.6410256410254,7.403570471325486e-07
2659.7402597402597,6.825889423446609e-07
2694.7368421052633,6.259632946224954e-07
2730.6666666666665,5.722641918393218e-07
2767.5675675675675,5.227099113233898e-07
2805.4794520547944,4.762275152354113e-07
2844.4444444444443,4.3230350355723865e-07
2884.507042253521,3.911746201375133e-07
2925.714285714286,3.5279363961554074e-07
2968.1159420289855,3.170462515243309e-07
3011.764705882353,2.8366839640921634e-07
3056.716417910448,2.5272756293896785e-07
3103.030303030303,2.2494944281176374e-07
3150.769230769231,2.001977490751017e-07
3200.0,1.7734863265498183e-07
3250.7936507936506,1.5620467917272726e-07
3303.2258064516127,1.3726846903037697e-07
3357.3770491803275,1.2031498408833542e-07
3413.3333333333335,1.0494635966524512e-07
3471.1864406779664,9.123432811991704e-08
3531.0344827586205,7.912008999673892e-08
3592.9824561403507,6.835469585796106e-08
3657.142857142857,5.888560350885529e-08
3723.636363636363,5.0657038048002006e-08
3792.592592592593,4.343749554254815e-08
3864.1509433962265,3.7054076747330505e-08
3938.4615384615386,3.1511904063125296e-08
4015.686274509804,2.6791315211404358e-08
4095.9999999999995,2.2725056733401553e-08
4179.591836734694,1.9177037259874382e-08
4266.666666666666,1.6025772590787062e-08
4357.446808510638,1.30662556379967e-08
4452.173913043478,1.0198823607050116e-08
4551.111111111111,7.42718029749929e-09
4654.545454545454,4.853901623149659e-09
4762.790697674419,2.7708387345275833e-09
4876.190476190475,1.3866277536351293e-09
4995.121951219512,6.225490082998858e-10
5120.0,2.5671417173160547e-10
5251.282051282051,9.838279635951132e-11
5389.473684210527,3.491220148797891e-11
5535.135135135135,1.1271025216113696e-11
5688.888888888889,3.2159191790029603e-12
5851.428571428572,7.735709166088472e-13
6023.529411764706,1.4626596493810583e-13
6206.060606060606,1.980427129347597e-14
6400.0,1.6396769821392279e-15
6606.451612903225,6.360109365584709e-17
6826.666666666667,1.0890575311043778e-18
7062.068965517241,1.0931331547281448e-20
7314.285714285714,3.2779927503127877e-21
7585.185185185186,1.2057610245406041e-21
7876.923076923077,3.389494569206688e-22
