"Wavelength, nm",Intensity
136.44237175216523,1.0069057431578926e-25
136.53333333333333,1.0810293544366054e-25
136.62441627751835,1.2223746301354246e-25
136.71562082777035,1.454222547909111e-25
136.80694722778892,1.5415471789606185e-25
136.89839572192514,2.0238099871908501e-25
136.98996655518394,2.1699838233000952e-25
137.08165997322624,2.320434211579484e-23
137.17347622237108,1.066432510544745e-21
137.26541554959786,5.465521705264406e-20
137.35747820254863,1.544113576237803e-18
137.4496644295302,2.5131993539535198e-17
137.54197447951645,2.660871130669475e-16
137.63440860215053,2.0185586852599463e-15
137.72696704774717,1.1785223554920859e-14
137.81965006729476,5.5799900399493474e-14
137.9124579124579,2.2272510544234523e-13
138.0053908355795,7.718435821701756e-13
138.09844908968307,2.3758959077554322e-12
138.19163292847506,6.614133079447752e-12
138.28494260634707,1.6892890388415394e-11
138.37837837837836,4.004720451840243e-11
138.47194050033806,8.896461706055847e-11
138.5656292286874,1.8666568987529476e-10
138.65944482058225,3.7236901264557254e-10
138.75338753387533,7.101552172954114e-10
138.84745762711862,1.3009140044690944e-09
138.94165535956583,2.298301885553807e-09
139.03598099117448,3.929457303835231e-09
139.1304347826087,6.521205360377139e-09
139.22501699524133,1.0532420379934433e-08
139.31972789115645,1.659312015556998e-08
139.4145677331518,2.555075528045293e-08
139.50953678474113,3.852398357182689e-08
139.60463531015677,5.696399437431951e-08
139.69986357435198,8.272326569494769e-08
139.79522184300342,1.181314268600743e-07
139.89071038251367,1.6607756057851345e-07
139.98632946001365,2.3009803617638572e-07
140.08207934336525,3.1446889794735273e-07
140.17796030116358,4.2430155799510674e-07
140.27397260273972,5.656402158679342e-07
140.37011651816314,7.455596348665309e-07
140.46639231824417,9.722621302792954e-07
140.56280027453673,1.2551721768507475e-06
140.65934065934067,1.6050271601653488e-06
140.75601374570448,2.0339639875412153e-06
140.85281980742778,2.555601224828703e-06
140.949759119064,3.185115528278778e-06
141.04683195592284,3.9393131800695665e-06
141.14403859407307,4.836699875374127e-06
141.24137931034483,5.897549891369039e-06
141.33885438233264,7.143976663226382e-06
141.4364640883978,8.600014082573255e-06
141.53420870767104,1.0291717944424108e-05
141.6320885200553,1.2247292498686536e-05
141.73010380622836,1.4497257608445045e-05
141.8282548476454,1.7074682153125083e-05
141.92654192654192,2.00154982741631e-05
142.0249653259362,2.335891302755981e-05
142.1235253296322,2.7147960627755306e-05
142.22222222222223,3.143023430138946e-05
142.32105628908963,3.625881191002689e-05
142.42002781641168,4.1693419357399916e-05
142.51913709116212,4.7801909595800256e-05
142.6183844011142,5.466208661985553e-05
142.7177700348432,6.236388718257026e-05
142.81729428172943,7.101202044932883e-05
142.91695743196092,8.072915740600771e-05
143.0167597765363,9.165964947750667e-05
143.11670160726763,0.00010397382187356247
143.21678321678323,0.0001178730079692223
143.31700489853043,0.00013359537449228297
143.4173669467787,0.00015142246482044696
143.5178696566223,0.00017168649198963173
143.61851332398317,0.0001947786502653293
143.71929824561403,0.00022115857197417915
143.8202247191011,0.0002513642536310519
143.92129304286718,0.0002860225141172499
144.0225035161744,0.000325861711381383
144.12385643912737,0.000371725043806041
144.22535211267606,0.0004245815183632707
144.32699083861874,0.00048554063201205187
144.42877291960508,0.0005558711906091203
144.530698659139,0.0006370102813809921
144.6327683615819,0.0007305737413093892
144.73498233215545,0.0008383850572577764
144.83734087694484,0.0009624827513707569
144.9398443029016,0.0011051094894012085
145.04249291784703,0.0012687561204344745
145.14528703047483,0.0014561819521698846
145.24822695035462,0.0016703465260675488
145.35131298793468,0.0019144625770186573
145.45454545454544,0.002192081214109579
145.55792466240226,0.0025069087170910315
145.66145092460883,0.0028628172143165256
145.76512455516016,0.0032641215727345404
145.86894586894587,0.003715220810476226
145.9729151817534,0.004220398931616727
146.07703281027102,0.0047845346351498745
146.18129907209135,0.005412575618823202
146.28571428571428,0.006108739741959087
146.39027877055037,0.006878059765358777
146.49499284692416,0.007726022666622446
146.59985683607732,0.008656652943255754
146.7048710601719,0.009675805389466099
146.8100358422939,0.010792306175976416
146.91535150645623,0.012014006011765591
147.0208183776023,0.013351993225270085
147.1264367816092,0.014820028401816947
147.23220704529115,0.016418731143548106
147.33812949640287,0.018133985874040515
147.4442044636429,0.019934236127621227
147.55043227665706,0.02174536949551905
147.6568132660418,0.023479531970556373
147.76334776334778,0.025105053698345585
147.87003610108303,0.026638094695246032
147.97687861271675,0.02814104069848018
148.08387563268258,0.029803930978788716
148.19102749638205,0.03189559507256324
148.29833454018825,0.03460213012657647
148.40579710144928,0.03803704537809174
148.51341551849166,0.04225945125002528
148.6211901306241,0.04709543972551008
148.72912127814087,0.05214160294558582
148.8372093023256,0.05699377002578722
148.94545454545454,0.061222978427178325
149.0538573508006,0.06431587188324786
149.16241806263656,0.065963526112062
149.27113702623907,0.06620044926259502
149.38001458789202,0.06523716334917615
149.4890510948905,0.0635721566672117
149.59824689554418,0.06216368259609857
149.70760233918128,0.06211641920979289
149.81711777615214,0.0643522225266486
149.9267935578331,0.06958419374879042
150.03663003663004,0.0781248008258854
150.1466275659824,0.08961717879962289
150.25678650036684,0.10307851236847881
150.36710719530103,0.11695762096650202
150.47759000734754,0.12919868765589182
150.58823529411762,0.13775641611387424
150.69904341427517,0.1411716834672308
150.8100147275405,0.13872488851189999
150.92114959469419,0.13063279902225314
151.03244837758112,0.1183540626640961
151.1439114391144,0.10442515012036266
151.25553914327915,0.09201403559685588
151.3673318551367,0.08449549477883343
151.47928994082838,0.08472846012282949
151.59141376757958,0.09429467270027773
151.7037037037037,0.11320239019250554
151.81616011860638,0.13973187261330908
151.92878338278933,0.17040526346839063
152.04157386785448,0.20058577855613519
152.15453194650817,0.225422411113265
152.26765799256503,0.24067437762634597
152.38095238095235,0.24352471299199188
152.4944154877141,0.23327468165129475
152.6080476900149,0.21164916342095216
152.72184936614468,0.1826308079853437
152.8358208955224,0.15169273772219463
152.9499626587005,0.12470366075123254
153.0642750373692,0.10694678545221915
153.1787584143605,0.10209387151400318
153.29341317365268,0.1112990380483289
153.40823970037454,0.13305960553731397
153.5232383808096,0.16362640816736954
153.6384096024006,0.19758849810508494
153.75375375375376,0.22894954191615055
153.86927122464311,0.25245793439877773
153.98496240601503,0.2645773998492409
154.10082768999246,0.26409000710542524
154.2168674698795,0.25218030457687507
154.33308214016577,0.23193288414714594
154.4494720965309,0.20775539585728434
154.56603773584905,0.18452355641174525
154.68277945619334,0.16622353296279102
154.79969765684052,0.15518204120043566
154.91679273827532,0.15211633704478905
155.0340651021953,0.15605214603856368
155.15151515151516,0.1645651572806493
155.2691432903715,0.174836164452518
155.38694992412746,0.18439156941021773
155.50493545937738,0.19136969443588128
155.62310030395136,0.19504847026904867
155.74144486692012,0.195969614856123
155.8599695585997,0.1953425331745846
155.97867479055597,0.19465232575301944
156.09756097560975,0.19533157969668213
156.21662852784135,0.1980706310748316
156.33587786259542,0.20260942174975918
156.45530939648586,0.20815001724787144
156.5749235474006,0.21352661554440117
156.69472073450652,0.21738027395414677
156.8147013782542,0.2187862554152654
156.93486590038313,0.2175530904991325
157.05521472392638,0.21397069356421733
157.17574827321565,0.20880647865859628
157.29646697388634,0.20334214151481395
157.4173712528824,0.19883383070255312
157.53846153846155,0.1960226847012521
157.65973826020013,0.19514495521130168
157.78120184899845,0.1959636037958342
157.9028527370856,0.1978720704609082
158.02469135802468,0.2001835474431932
158.14671814671814,0.20218559431358046
158.26893353941267,0.20325319383381862
158.39133797370457,0.2032533877489554
158.5139318885449,0.20247767187828197
158.63671572424477,0.20121892818707296
158.7596899224806,0.1997885815343812
158.88285492629947,0.19856344507496354
159.0062111801242,0.19772540113848805
159.12975912975912,0.1972245963761149
159.25349922239502,0.19688108354006922
159.37743190661476,0.19638182104469276
159.50155763239874,0.19543934892847445
159.62587685113016,0.19393729011817254
159.7503900156006,0.19186123960238793
159.87509758001562,0.1893110916995489
160.0,0.1865255499699095
160.12509773260362,0.18373314518114117
160.2503912363067,0.18106194431641587
160.37588097102582,0.17856399925960229
160.5015673981191,0.17622531165574723
160.62745098039213,0.17396759023698719
160.7535321821036,0.1716589251012322
160.87981146897093,0.16918875106588419
161.0062893081761,0.1665227305220653
161.13296616837135,0.16362041878957825
161.25984251968504,0.1604741815598654
161.38691883372735,0.15723756851558707
161.51419558359618,0.15404270159266573
161.64167324388316,0.1508370865848612
161.7693522906793,0.14760077666251298
161.89723320158103,0.14441266452462062
162.0253164556962,0.1412533316252201
162.15360253365006,0.13805987920527102
162.28209191759112,0.13486881361956926
162.41078509119745,0.13172096540557512
162.53968253968253,0.1286100461237443
162.66878474980143,0.12556672018947101
162.79809220985692,0.12264285320806631
162.92760540970565,0.11984996696331414
163.05732484076432,0.11717966524430769
163.18725099601593,0.11463688649088628
163.31738437001593,0.1122473770738925
163.44772545889865,0.11003352350192358
163.57827476038338,0.10794989760045255
163.709032773781,0.1059124982046825
163.84,0.10393793482171272
163.97117694155327,0.10209497032532887
164.1025641025641,0.10030755089550691
164.23416198877305,0.09846163799173153
164.3659711075441,0.09662743649081369
164.49799196787149,0.09488767978671794
164.63022508038586,0.09315891368455113
164.76267095736122,0.09138083661827155
164.89533011272144,0.08958431898252768
165.02820306204674,0.08776841665598664
165.16129032258064,0.08596016860085158
165.29459241323647,0.08421523040381328
165.4281098546042,0.08248381129383354
165.56184316895713,0.0807091099421104
165.6957928802589,0.0789565373847125
165.82995951417004,0.07728967531780419
165.9643435980551,0.07568283404459983
166.09894566098947,0.07411844908192321
166.23376623376623,0.07263724180908986
166.36880584890332,0.07125646921299394
166.5040650406504,0.06995834998056376
166.63954434499593,0.06876518774903133
166.77524429967426,0.06766930971280276
166.9111654441728,0.06660608170620308
167.047308319739,0.06561903772388467
167.18367346938777,0.06477763631952037
167.3202614379085,0.06400249977304077
167.45707277187245,0.06323988991336879
167.59410801963992,0.06251825891317457
167.7313677313677,0.06179530693901122
167.86885245901638,0.06105305636442754
168.00656275635768,0.06033608613044451
168.14449917898193,0.059624627694354275
168.28266228430567,0.05888414937783454
168.42105263157896,0.058089498996713
168.559670781893,0.05720577453766265
168.6985172981878,0.05626373884265568
168.83759274525966,0.05527534520121388
168.97689768976898,0.054181974836913095
169.11643270024774,0.05300046826949922
169.25619834710741,0.05176893238441309
169.39619520264682,0.0504429890765602
169.53642384105962,0.04902101686121475
169.67688483844242,0.04755591626771502
169.81757877280262,0.04604368653944512
169.95850622406635,0.0444598517918566
170.09966777408638,0.042806240436035106
170.24106400665005,0.04109607519802718
170.3826955074875,0.03937561604601629
170.52456286427974,0.03768128269534688
170.66666666666666,0.03596071124850827
170.8090075062552,0.0341769598831236
170.9515859766277,0.032415401693348465
171.09440267335003,0.030719044692651958
171.23745819397996,0.029008829232138628
171.3807531380753,0.027285857333372604
171.52428810720266,0.025636661376142914
171.66806370494552,0.02405959723477906
171.81208053691276,0.022524248761126433
171.95633921074725,0.021041404881972873
172.10084033613444,0.019596198812949092
172.24558452481077,0.018184475699496647
172.3905723905724,0.016842589724091465
172.5358045492839,0.015586680196744135
172.681281618887,0.014408792334490016
172.82700421940928,0.013283411567904682
172.97297297297297,0.012195287149509645
173.11918850380385,0.011180980888079894
173.26565143824024,0.010250243439884496
173.41236240474177,0.009364723197016223
173.55932203389833,0.008534588932000875
173.70653095843934,0.007776678717375553
173.85398981324278,0.007062611912391685
174.0016992353441,0.006399226442783773
174.14965986394557,0.005808533698567635
174.2978723404255,0.005263475253494731
174.44633730834755,0.004744739533443282
174.59505541346974,0.004264822944028699
174.74402730375425,0.003831302002504937
174.8932536293766,0.0034429028253778987
175.04273504273505,0.003086743224883243
175.1924721984602,0.0027559325829652763
175.34246575342465,0.0024643150565039637
175.49271636675235,0.0022054937847602197
175.6432246998285,0.001958623367771142
175.79399141630904,0.0017321724275283527
175.94501718213058,0.0015361653180298303
176.0963026655202,0.0013618310771250453
176.24784853700515,0.0012065749903886292
176.3996554694229,0.0010674588851037128
176.55172413793102,0.0009389853729872085
176.70405522001724,0.0008264092456776393
176.85664939550952,0.0007275931400176156
177.00950734658602,0.0006341825940959022
177.16262975778545,0.000552717431616196
177.3160173160173,0.0004858386049235875
177.46967071057193,0.00042347514034756916
177.62359063313096,0.0003661516417198137
177.77777777777777,0.00031955213139380303
177.93223284100782,0.0002795392727651662
178.08695652173913,0.00024289070350130894
178.24194952132288,0.00021021010695652467
178.397212543554,0.00018019590490417798
178.55274629468178,0.00015440273900336175
178.70855148342056,0.00013431006849144456
178.86462882096066,0.00011543809375209146
179.02097902097898,9.681470680261269e-05
179.17760279965006,8.27723363800765e-05
179.33450087565674,7.187473598707998e-05
179.4916739702016,6.045816739687683e-05
179.64912280701753,5.0927024139321044e-05
179.80684811237927,4.4442609065831114e-05
179.96485061511424,3.786608096077947e-05
180.12313104661388,3.1390711509822566e-05
180.28169014084506,2.670476024435703e-05
180.44052863436124,2.2360172189109724e-05
180.59964726631395,1.8334881696800904e-05
180.75904677846424,1.5726985195948214e-05
180.91872791519435,1.3188648516787526e-05
181.07869142351902,1.0364826921302176e-05
181.23893805309734,8.647473690962012e-06
181.39946855624444,7.495072805664918e-06
181.56028368794324,6.122845782464056e-06
181.72138420585628,5.1175090094323355e-06
181.88277087033748,4.33882175688421e-06
182.04444444444445,3.3836935187780674e-06
182.20640569395016,2.6852153644180743e-06
182.3686553873553,2.2560337321219177e-06
182.53119429590015,1.8255303498455166e-06
182.69402319357712,1.4331990147165237e-06
182.85714285714286,1.0737135989587614e-06
183.0205540661305,7.699673842960744e-07
183.18425760286226,6.889851487262544e-07
183.34825425246197,6.794996722752081e-07
183.51254480286738,5.287430855178239e-07
183.67713004484304,3.871252377497319e-07
183.84201077199282,3.2995581800100865e-07
184.00718778077265,2.7895078546314214e-07
184.1726618705036,1.8226277957043292e-07
184.33843384338437,9.259130627411448e-08
184.5045045045045,5.5369835262181614e-08
184.67087466185754,6.721341022821491e-08
184.83754512635377,7.954522602741893e-08
185.0045167118338,4.164640303523468e-08
185.17179023508135,1.4306243364432583e-08
185.33936651583707,7.852679332060231e-09
185.5072463768116,1.4323795063265815e-08
185.675430643699,2.024280872105146e-08
185.84392014519057,2.120641615602215e-08
186.01271571298818,1.1522414756237873e-08
186.1818181818182,1.1106232767088288e-09
186.3512283894449,4.540043446793534e-09
186.52094717668484,4.010264564013302e-10
186.69097538742025,6.896148191669812e-09
186.86131386861314,1.1062917605021484e-09
187.03196347031962,3.474685608790117e-09
187.20292504570384,1.0967468691487895e-09
187.37419945105214,2.7961624763615454e-09
187.54578754578753,3.002036461363435e-09
187.71769019248396,6.859455213889336e-10
187.88990825688072,7.070491403841029e-09
188.06244260789717,1.6051798686032504e-08
188.23529411764707,1.1125601752083464e-08
188.40846366145354,3.361634000198323e-11
188.5819521178637,4.117094099342355e-09
188.75576036866357,1.6610454180837522e-09
188.92988929889296,7.0671635737582374e-09
189.10433979686056,7.247633396995083e-09
189.27911275415894,2.700567770667055e-09
189.45420906567992,2.4639411703241015e-09
189.62962962962962,3.3319782270034435e-10
189.80537534754404,3.5213722241217965e-09
189.98144712430428,1.9489828190517824e-10
190.15784586815226,3.916911055354716e-09
190.3345724907063,4.1078179093972894e-10
190.51162790697674,2.94975818933134e-10
190.68901303538178,4.1045973138734576e-09
190.8667287977633,1.5164109309851658e-09
191.044776119403,4.577801495009239e-09
191.22315592903828,3.6475812527863624e-09
191.4018691588785,4.6826326135107024e-09
191.5809167446211,3.610142923654426e-09
191.76029962546815,7.239007575744692e-10
191.94001874414244,1.8330757375419224e-10
192.12007504690433,3.608690207547847e-10
192.3004694835681,7.020573380012276e-10
192.48120300751881,4.494612202993477e-09
192.66227657572907,3.6280159372984845e-09
192.8436911487759,1.0725617457636226e-09
193.02544769085767,1.621564990814774e-09
193.2075471698113,5.965940942804617e-09
193.38999055712932,5.638945533902109e-09
193.57277882797732,6.846206244056671e-10
193.75591296121098,3.0007312564822313e-09
193.93939393939394,6.095424465205338e-09
194.12322274881518,1.296838633970034e-09
194.30740037950665,2.794370619474975e-09
194.49192782526114,1.875298577888614e-10
194.67680608365018,2.7096023972255905e-09
194.86203615604185,1.9523792487736965e-10
195.04761904761907,4.8750296412075426e-09
195.23355576739752,1.9345918084340557e-09
195.4198473282443,3.0661783618156126e-09
195.6064947468959,2.6028905102841054e-09
195.79349904397705,1.567010101919972e-09
195.9808612440191,2.1418894112338644e-09
196.1685823754789,2.0019009709769887e-09
196.35666347075744,4.044540794337344e-10
196.5451055662188,4.842955616076582e-10
196.73390970220942,5.368505098812276e-09
196.92307692307693,2.472267571802522e-10
197.1126082771896,6.264596000233474e-09
197.30250481695566,2.7408278120141395e-10
197.4927675988428,6.841856299112096e-09
197.68339768339766,6.161856906988244e-09
197.8743961352657,4.194492615964773e-09
198.06576402321085,2.3959695414629868e-09
198.25750242013552,4.075201377464983e-09
198.44961240310076,5.562186638065702e-09
198.64209505334625,4.5965474622039426e-09
198.83495145631065,3.240864807788903e-09
199.02818270165207,3.72370081440175e-10
199.22178988326846,2.1983261846426014e-09
199.4157740993184,7.514744065194891e-09
199.61013645224173,1.1125011755097433e-08
199.8048780487805,5.4702640728184995e-09
200.0,2.4932789419018207e-09
200.19550342130987,1.432286263463212e-09
200.3913894324853,9.551654169574552e-09
200.58765915768853,2.993676776333702e-09
200.78431372549022,6.606134670276593e-10
200.9813542688911,6.114519568242568e-10
201.17878192534383,1.6714551616775658e-09
201.37659783677483,1.7264421775477514e-09
201.5748031496063,5.961306846020138e-09
201.77339901477833,1.1116183135151092e-09
201.9723865877712,4.98603281698071e-09
202.1717670286278,2.662547966451981e-09
202.3715415019763,7.155011503835565e-10
202.57171117705244,5.235411540744319e-09
202.77227722772278,3.250877675761648e-09
202.97324083250743,1.5870064517550072e-10
203.17460317460316,5.8829159354808306e-09
203.37636544190661,1.0003970050747602e-08
203.57852882703776,5.632537747548657e-10
203.78109452736314,1.2292851985705768e-09
203.98406374501994,6.484013058231305e-09
204.1874376869392,5.039649853697833e-09
204.39121756487026,3.332637786993235e-09
204.5954045954046,1.0030468293072375e-08
204.79999999999998,1.4976903038206706e-08
205.005005005005,2.1602799292740427e-08
205.21042084168334,3.967575679104957e-08
205.41624874623875,4.515886037344768e-08
205.62248995983938,2.052269633888352e-08
205.8291457286432,1.8214598578566214e-08
206.03621730382292,5.5985508615079795e-08
206.24370594159112,7.106072777545356e-08
206.4516129032258,5.397998748414238e-08
206.65993945509584,7.316643219221377e-08
206.86868686868684,1.2077651431153158e-07
207.07785642062692,1.0719625724564895e-07
207.28744939271257,9.590475013244916e-08
207.49746707193518,1.5533274567908707e-07
207.7079107505071,2.541485114499782e-07
207.9187817258883,3.3136089927892483e-07
208.130081300813,3.967112493936798e-07
208.34181078331636,4.2106675775706337e-07
208.55397148676167,4.6918597562008216e-07
208.7665647298675,6.733795537759089e-07
208.9795918367347,8.792416011659062e-07
209.19305413687437,9.241419494836415e-07
209.40695296523518,1.0521161696232197e-06
209.6212896622313,1.4040249705232751e-06
209.83606557377047,1.6719077868403493e-06
210.05128205128204,1.8212128993116862e-06
210.26694045174537,2.256388731265004e-06
210.48304213771837,2.888630203150496e-06
210.69958847736626,3.397434076305629e-06
210.91658084449023,4.040655296033346e-06
211.1340206185567,5.009527748818529e-06
211.3519091847265,5.949996918873675e-06
211.5702479338843,7.0916911372960284e-06
211.78903826266804,8.788614752851178e-06
212.00828157349895,1.0467189739543264e-05
212.22797927461139,1.225996590977946e-05
212.448132780083,1.5120117222474069e-05
212.668743509865,1.827694803620434e-05
212.88981288981287,2.10681234895868e-05
213.11134235171693,2.5361587071410304e-05
213.33333333333334,3.139663199759576e-05
213.555787278415,3.709309857841735e-05
213.7787056367432,4.3566976473609344e-05
214.00208986415882,5.288141790608381e-05
214.22594142259413,6.342007594004174e-05
214.4502617801047,7.42924232529176e-05
214.67505241090146,8.739493842381807e-05
214.900314795383,0.00010325757304560575
215.12605042016807,0.00012216669640443325
215.35226077812828,0.0001454627116779759
215.57894736842104,0.00017285363058209963
215.80611169652263,0.00020416212062461354
216.03375527426158,0.00024132016667112902
216.26187961985215,0.00028572533846062413
216.49048625792813,0.0003376817618968312
216.7195767195767,0.0003972875163891012
216.9491525423729,0.00046691117244565756
217.17921527041358,0.0005525481212579633
217.40976645435242,0.0006554725510865754
217.64080765143464,0.0007710596790002059
217.87234042553192,0.0009028263795694654
218.10436634717786,0.001059204781051262
218.33688699360337,0.0012410697294131755
218.5699039487727,0.0014530097465309593
218.80341880341882,0.001705909696174555
219.0374331550802,0.001999396042503484
219.27194860813702,0.0023323254816530114
219.5069667738478,0.0027198588803367917
219.74248927038627,0.0031743336599340866
219.97851772287862,0.003695214530025878
220.21505376344086,0.004289677231352489
220.45209903121636,0.0049789137607878465
220.68965517241378,0.0057828497185229595
220.92772384034518,0.006708263058284741
221.16630669546436,0.007756633729700748
221.4054054054054,0.008950233450312315
221.64502164502164,0.010330987355660253
221.88515709642468,0.011922867520375682
222.12581344902384,0.013729688839833892
222.36699239956567,0.015775208543568262
222.6086956521739,0.018104759857512375
222.85092491838955,0.02075266988019619
223.09368191721134,0.023750262457447064
223.3369683751363,0.027150436920899343
223.58078602620085,0.031002263044263848
223.82513661202185,0.03533227891434215
224.07002188183807,0.040188654854811406
224.31544359255204,0.045652793670117035
224.56140350877192,0.05178724351157306
224.80790340285398,0.05863772500949421
225.05494505494505,0.06628378522799268
225.30253025302528,0.0748272108931876
225.55066079295153,0.08433689797955468
225.79933847850054,0.09485198133046953
226.0485651214128,0.106468920713321
226.29834254143645,0.11936192986738169
226.54867256637166,0.13363715703878168
226.79955703211516,0.14930320378793763
227.0509977827051,0.16646959308086284
227.30299667036624,0.18534390274932253
227.55555555555554,0.20602447686476708
227.80867630700777,0.22854046713854453
228.06236080178175,0.25299817390183094
228.31661092530658,0.27956639895966506
228.57142857142856,0.30842608234382235
228.82681564245812,0.3396611667537234
229.082774049217,0.37325867783669003
229.33930571108624,0.4093842596316471
229.59641255605382,0.4483237283556987
229.8540965207632,0.49010887934089087
230.1123595505618,0.5346984498516905
230.37120359955006,0.5822976125202627
230.6306306306306,0.6331060951234877
230.89064261555805,0.6871616766705156
231.1512415349887,0.7445174922886645
231.41242937853107,0.8052811028371522
231.67420814479635,0.8696343704532801
231.9365798414496,0.9377513179564108
232.19954648526078,1.0096218638811525
232.46311010215663,1.0853417273625365
232.7272727272727,1.1652985541178507
232.9920364050057,1.2496984344830602
233.25740318906605,1.3385225907336078
233.52337514253134,1.4320074815071506
233.78995433789953,1.5305839503176244
234.05714285714288,1.6346464051703864
234.32494279176203,1.7445785003102154
234.59335624284074,1.860700870698998
234.8623853211009,1.983505742356717
235.13203214695753,2.1138663958841506
235.4022988505747,2.2525129124338608
235.67318757192174,2.39994159357197
235.9447004608295,2.557110210710832
236.2168396770473,2.7252851392197717
236.48960739030022,2.9054492508781964
236.76300578034682,3.0986327919941776
237.03703703703707,3.3061664431900994
237.3117033603708,3.529351868236836
237.58700696055683,3.7695614767419845
237.862950058072,4.028354134603757
238.13953488372093,4.307143111310043
238.41676367869616,4.607261374633842
238.69463869463866,4.930139979166743
238.97316219369893,5.277024178333429
239.25233644859816,5.649014330821367
239.53216374269007,6.047225568511887
239.81264637002343,6.472340187506342
240.0937866354044,6.9246468393605625
240.37558685446012,7.404593308273263
240.65804935370153,7.912175851786086
240.94117647058823,8.446290345516388
241.2249705535924,9.005732690311374
241.50943396226415,9.589599769985531
241.79456906729635,10.196075297944823
242.080378250591,10.822386332404633
242.3668639053254,11.465818686442104
242.65402843601896,12.123404316244342
242.94187425860022,12.791417500651916
243.23040380047507,13.465980014035111
243.51961950059456,14.143400085170322
243.80952380952382,14.820027494969299
244.1001191895113,15.492305835625142
244.39140811455846,16.15681919132641
244.68339307048984,16.810600554753506
244.97607655502392,17.45161018905631
245.2694610778443,18.078815873651696
245.56354916067144,18.69223250927659
245.85834333733493,19.29292324660572
246.15384615384616,19.883207043120787
246.4500601684717,20.467591147955428
246.7469879518072,21.05255826553789
247.04463208685164,21.645235572451956
247.34299516908212,22.254250901110037
247.6420798065296,22.89077598681667
247.9418886198547,23.56665093515543
248.24242424242422,24.29397617357078
248.54368932038832,25.086834452649846
248.8456865127582,25.959488497503173
249.14841849148416,26.924074536142296
249.45188794153472,27.992496245135303
249.75609756097558,29.176411270504722
250.06105006105005,30.483694630133595
250.36674816625916,31.918622325337047
250.6731946144431,33.483517780076824
250.98039215686276,35.17594233332376
251.2883435582822,36.98706518569683
251.5970515970516,38.904394173929816
251.90651906519062,40.911668293798904
252.21674876847288,42.98593165866718
252.52774352651045,45.09880504945845
252.8395061728395,47.219461131548464
253.15203955500616,49.31388003433793
253.46534653465346,51.344312659988525
253.7794299876084,53.27217375553403
254.09429280397023,55.06008161724348
254.40993788819875,56.67172981977099
254.726368159204,58.07273386291495
255.04358655043586,59.232410767589045
255.36159600997507,60.1255090149176
255.6803995006242,60.733722765856385
255.99999999999997,61.0453551940269
256.3204005006258,61.0553381156728
256.64160401002505,60.76864389879234
256.9636135508155,60.201213288979964
257.286432160804,59.37597609765734
257.61006289308176,58.32290770683499
257.9345088161209,57.08244900256868
258.2597730138714,55.70238071555795
258.5858585858586,54.23258644398598
258.91276864728195,52.72553825555008
259.24050632911394,51.235478098993575
259.5690747782003,49.81269078948974
259.8984771573604,48.500789040751755
260.22871664548916,47.33722224780488
260.55979643765903,46.351021261024584
260.89171974522293,45.56006448369753
261.2244897959184,44.97145272097173
261.5581098339719,44.58217217352075
261.89258312020456,44.378559872102784
262.2279129321382,44.33699637038597
262.56410256410254,44.42614937473759
262.9011553273428,44.60849895923899
263.2390745501285,44.841306021877664
263.5778635778636,45.07989019072046
263.91752577319585,45.28214406531143
264.258064516129,45.41014278937207
264.59948320413434,45.431261168888106
264.9417852522639,45.322685927704555
265.2849740932642,45.074296837058405
265.6290531776913,44.687165919177616
265.974025974026,44.17340345632072
266.3198959687906,43.556942842290034
266.66666666666663,42.87068156444825
267.01434159061273,42.15285468783097
267.3629242819843,41.44442883396775
267.7124183006536,40.785393301158685
268.0628272251309,40.2120364578243
268.41415465268676,39.755132256542936
268.76640419947506,39.43625286787532
269.119579500657,39.265836483299545
269.47368421052636,39.24399610309064
269.82872200263506,39.35948066557104
270.1846965699208,39.59006020955753
270.5416116248349,39.906665931987256
270.8994708994709,40.27436548722484
271.25827814569533,40.6524069488042
271.6180371352785,40.999774009135905
271.97875166002655,41.27842106547457
272.3404255319149,41.45129503682427
272.70306258322233,41.48478947018548
273.06666666666666,41.353085200375894
273.4312416555407,41.037324672796714
273.7967914438503,40.52515184590411
274.1633199464525,39.81231563478468
274.5308310991957,38.90190768295755
274.8993288590604,37.80352700381972
275.26881720430106,36.533588366449266
275.6393001345895,35.114281294641366
276.010781671159,33.57190001487578
276.3832658569501,31.93544821690574
276.7567567567567,30.23582160980774
277.1312584573748,28.504961652567026
277.50677506775065,26.77313127397526
277.88331071913166,25.067087571096067
278.2608695652174,23.410729882178675
278.6394557823129,21.824129501526535
279.01907356948226,20.32227089762373
279.39972714870396,18.91609751506371
279.78142076502735,17.612115790090176
280.1641586867305,16.4116662374044
280.54794520547944,15.313132534233004
280.93278463648835,14.313041109831989
281.31868131868134,13.405156458350381
281.70563961485556,12.581382582378577
282.0936639118457,11.83327884034146
282.48275862068965,11.1522928031712
282.8729281767956,10.529748084773619
283.2641770401106,9.95708353779295
283.6565096952908,9.426564541331844
284.0499306518724,8.931617378415313
284.44444444444446,8.466142881657568
284.84005563282335,8.024791044256151
285.2367688022284,7.603743649897704
285.63458856345886,7.1997953003067385
286.0335195530726,6.80989048578519
286.43356643356645,6.432257985343515
286.8347338935574,6.066145357326094
287.23702664796633,5.71060455383501
287.6404494382022,5.36495703894534
288.0450070323488,5.029482411793243
288.4507042253521,4.704675738803751
288.85754583921016,4.390676888712307
289.2655367231638,4.0877704799456485
289.6746817538897,3.7966729535308614
290.08498583569406,3.518030111149512
290.49645390070924,3.2521026683815744
290.9090909090909,2.9990750059421076
291.32290184921766,2.7592176407660034
291.73789173789174,2.5327040039613378
292.15406562054204,2.319591339141941
292.57142857142856,2.119838239565077
292.9899856938483,1.933183687192358
293.4097421203438,1.7592237127376804
293.83070301291247,1.5975981867212183
294.2528735632184,1.4479601792682613
294.67625899280574,1.3098544535232701
295.1008645533141,1.1827024672529949
295.52669552669556,1.065900717513517
295.9537572254335,0.9589024441167716
296.3820549927641,0.8611450901611685
296.81159420289856,0.7719974573340673
297.2423802612482,0.6908578903409076
297.6744186046512,0.617183547099718
298.1077147016012,0.550437426528253
298.54227405247815,0.49010132937405126
298.978102189781,0.4356674323623023
299.41520467836256,0.38662947654955493
299.8535871156662,0.34254103630192007
300.2932551319648,0.30299178750611516
300.73421439060206,0.26756152138900924
301.17647058823525,0.2358805729767323
301.620029455081,0.20761851616803959
302.06489675516224,0.18242417085725296
302.5110782865583,0.15999940341737662
302.95857988165676,0.14011576616604757
303.4074074074074,0.12250641328576532
303.85756676557867,0.10690154080740756
304.30906389301634,0.0931239664774883
304.7619047619047,0.0810110755427173
305.2160953800298,0.07034605809040384
305.6716417910448,0.0609472230331333
306.1285500747384,0.05271329573222555
306.58682634730536,0.045540261052552954
307.0464767616192,0.03927904249555729
307.5075075075075,0.033797768139779485
307.96992481203006,0.029022344086555123
308.433734939759,0.024890782700926
308.8989441930618,0.02131574371008385
309.3655589123867,0.01821428237819998
309.83358547655064,0.015534059432859963
310.3030303030303,0.013231923146811339
310.7738998482549,0.011253716472333634
311.2462006079027,0.00954795311477053
311.7199391171994,0.008082120481956716
312.1951219512195,0.006831450387946865
312.67175572519085,0.005764858614910896
313.1498470948012,0.004854795089551504
313.6294027565084,0.004082669191510783
314.11042944785277,0.0034278237694870418
314.5929339477727,0.00287120755614704
315.0769230769231,0.0024021437348781234
315.5624036979969,0.0020072961393263235
316.04938271604937,0.00167181895543866
316.53786707882534,0.0013905517975720608
317.0278637770898,0.001157832369721476
317.5193798449612,0.0009609947655145125
318.0124223602484,0.0007939825731753074
318.50699844479004,0.0006565083614594063
319.0031152647975,0.0005426274444721901
319.5007800312012,0.0004461158427546469
320.0,0.0003660864751901175
320.5007824726134,0.00030084133219152184
321.0031347962382,0.00024688863955008396
321.5070643642072,0.00020228433237988976
322.0125786163522,0.00016541666239567357
322.5196850393701,0.00013473174764028195
323.02839116719235,0.00010971162808570527
323.5387045813586,8.944972326811951e-05
324.0506329113924,7.264895356382064e-05
324.56418383518223,5.884753745840314e-05
325.07936507936506,4.7608505623946435e-05
325.59618441971384,3.8224064904773916e-05
326.11464968152865,3.061680855799203e-05
326.63476874003186,2.4760602301758947e-05
327.15654952076676,2.0016673985839178e-05
327.68,1.595654659300218e-05
328.2051282051282,1.2684125253962154e-05
328.7319422150882,1.0172867557276686e-05
329.2604501607717,8.172698532348767e-06
329.7906602254429,6.553949726709463e-06
330.3225806451613,5.248905723031518e-06
330.8562197092084,4.184363593090492e-06
331.3915857605178,3.3453507612916967e-06
331.9286871961102,2.6851227805315195e-06
332.46753246753246,2.0903525046390224e-06
333.0081300813008,1.5638125783218707e-06
333.5504885993485,1.198299136140391e-06
334.094616639478,9.852589533977074e-07
334.640522875817,8.289243597811543e-07
335.18821603927984,6.68575297828127e-07
335.73770491803276,5.062232378463832e-07
336.28899835796386,3.861802021287766e-07
336.8421052631579,3.1995958104033087e-07
337.3970345963756,2.7029996144461437e-07
337.95379537953795,2.107947681879e-07
338.51239669421483,1.583804544925965e-07
339.07284768211923,1.20130613428399e-07
339.63515754560524,9.486837164774929e-08
340.19933554817277,8.486364149517727e-08
340.765391014975,7.095610730429147e-08
341.3333333333333,4.694618586916615e-08
341.9031719532554,3.783720978122277e-08
342.4749163879599,4.199466333283388e-08
343.04857621440533,3.732227517829477e-08
343.6241610738255,2.2097536543120998e-08
344.2016806722689,1.2340726064316608e-08
344.7811447811448,7.811246914797013e-09
345.362563237774,6.815397912496729e-09
345.94594594594594,9.659506648005283e-09
346.5313028764805,8.757899091462182e-09
347.11864406779665,3.5283727186065485e-09
347.70797962648555,1.86306299525262e-09
348.29931972789115,1.9482129214387442e-09
348.8926746166951,1.7167753740290894e-09
349.4880546075085,2.9923893283356584e-09
350.0854700854701,1.2204763092246377e-09
350.6849315068493,5.014337493126498e-10
351.286449399657,2.216607552382759e-10
351.89003436426117,5.450845938783668e-10
352.4956970740103,1.362411070960998e-10
353.10344827586204,3.252581278889818e-10
353.71329879101904,1.000434257659193e-09
354.3252595155709,3.3629355535261345e-10
354.93934142114387,1.795080637546944e-09
355.55555555555554,8.721951413913196e-10
356.17391304347825,1.7638474770991708e-10
356.794425087108,5.534907451445439e-10
357.4171029668411,1.3601275275235965e-09
358.04195804195797,1.2207261898052182e-09
358.6690017513135,2.1684769648690027e-10
359.29824561403507,1.0264652058788746e-09
359.9297012302285,5.908832862280688e-10
360.5633802816901,4.0279221983258984e-10
361.1992945326279,6.947624473096708e-10
361.8374558303887,3.690302883978499e-10
362.4778761061947,7.808200618736259e-10
363.1205673758865,3.440551665675159e-10
363.76554174067496,2.68411660890845e-10
364.4128113879003,8.472256825194705e-11
365.0623885918003,1.0878383479245287e-09
365.7142857142857,1.0137820897907551e-09
366.3685152057245,6.032063185932964e-10
367.02508960573476,4.1365122527420535e-10
367.68402154398564,3.544025834645354e-10
368.3453237410072,1.0096992703896318e-09
369.009009009009,1.1794686658372333e-09
369.67509025270755,4.243854166646801e-10
370.3435804701627,1.6756043615281602e-10
371.0144927536232,2.3498824112760403e-10
371.68784029038113,7.738901938195974e-10
372.3636363636364,1.0205030306573807e-09
373.0418943533697,2.945637459832339e-10
373.7226277372263,1.0694360942216148e-10
374.4058500914077,1.6973350497374226e-10
375.09157509157507,8.039462746880372e-11
375.77981651376143,5.630638758731864e-10
376.47058823529414,1.7588738327868832e-09
377.1639042357274,2.961741932861042e-10
377.8597785977859,1.2508324548135088e-10
378.5582255083179,5.902848945016635e-10
379.25925925925924,2.3232142782807253e-10
379.96289424860856,1.3229517194102678e-10
380.6691449814126,4.760239927580098e-10
381.37802607076355,3.9427333947481856e-11
382.089552238806,3.07262723603435e-10
382.803738317757,1.3917857194555074e-10
383.5205992509363,5.689937931552776e-10
384.24015009380867,1.3409403405692423e-10
384.96240601503763,1.63281082699381e-10
385.6873822975518,5.879525762543965e-11
386.4150943396226,3.1696715216744044e-10
387.14555765595463,4.6110565335280445e-11
387.8787878787879,6.664937877504608e-11
388.6148007590133,5.672858006889333e-10
389.35361216730035,7.575312537803786e-11
390.09523809523813,9.219438785861389e-10
390.8396946564886,2.986283437932214e-10
391.5869980879541,3.8583255721545346e-10
392.3371647509578,1.9360682633855883e-10
393.0902111324376,1.1247499257382707e-09
393.84615384615387,1.0951900539523243e-10
394.6050096339113,6.355392951189494e-10
395.3667953667953,3.830071314336635e-10
396.1315280464217,5.943830860143177e-10
396.8992248062015,5.773393315952706e-10
397.6699029126213,1.1084311127616639e-10
398.4435797665369,1.5021841391479378e-10
399.22027290448347,3.1137627012484775e-11
400.0,8.606587982542197e-11
400.7827788649706,6.088328178004408e-10
401.56862745098044,1.2358965253250364e-10
402.35756385068765,5.7705675802576e-10
403.1496062992126,2.8821786604375636e-10
403.9447731755424,6.580036671317924e-10
404.7430830039526,1.134329453799138e-09
405.54455445544556,4.779445664089598e-10
406.3492063492063,2.686610061185395e-10
407.1570576540755,5.153332295688844e-10
407.9681274900399,1.3391024419370858e-10
408.7824351297405,1.3544773204391656e-10
409.59999999999997,6.227017065914043e-11
410.4208416833667,5.515747290671839e-10
411.24497991967877,7.705394262277443e-10
412.07243460764585,5.302371559530361e-12
412.9032258064516,3.0061060095631575e-10
413.7373737373737,1.0134840588982243e-10
414.57489878542515,2.815640158601644e-10
415.4158215010142,4.4628042939067114e-10
416.260162601626,3.84818114502317e-10
417.10794297352334,1.250649000711675e-09
417.9591836734694,2.1682184638508455e-10
418.81390593047036,1.7173245378255892e-10
419.67213114754094,5.211258003155235e-10
420.53388090349074,3.1571864985524293e-10
421.3991769547325,7.877192097898649e-11
422.2680412371134,2.618638398600861e-10
423.1404958677686,2.2199619425119606e-10
424.0165631469979,2.4680421787297996e-10
424.896265560166,3.2110547426618677e-10
425.77962577962575,1.1121005186885216e-09
426.6666666666667,3.93339020746382e-10
427.5574112734864,1.9058541314702204e-10
428.45188284518827,1.037281022593602e-10
429.3501048218029,1.1629524310612628e-11
430.25210084033614,1.8800008066043733e-10
431.1578947368421,2.650970854960513e-10
432.06751054852316,6.855871828913206e-11
432.98097251585625,4.0571696656225055e-11
433.8983050847458,9.081978555565379e-10
434.81953290870484,1.066166310832086e-09
435.74468085106383,9.525443556918058e-11
436.67377398720674,3.542531010609352e-10
437.60683760683764,9.219210656448222e-10
438.54389721627405,6.343542769783453e-10
439.48497854077254,3.46140174951549e-10
440.4301075268817,1.6664973894539646e-10
441.37931034482756,1.7887818980479759e-10
442.3326133909287,4.479053680743704e-12
443.2900432900433,3.053745822084917e-10
444.2516268980477,8.211542799768559e-10
445.2173913043478,1.1218534315519203e-09
446.1873638344227,8.384938386316367e-10
447.1615720524017,2.645240796196848e-10
448.14004376367615,6.632723661482601e-12
449.12280701754383,3.9689965190112594e-10
450.1098901098901,2.5698336455167025e-10
451.10132158590307,2.0891773297603706e-10
452.0971302428256,8.987876191957178e-10
453.0973451327433,2.3170009209099254e-10
454.1019955654102,7.848682149309911e-11
455.1111111111111,1.0894547402654418e-10
456.1247216035635,1.3692585669707216e-10
457.1428571428571,6.19139416002278e-10
458.165548098434,5.86164529449466e-10
459.19282511210764,1.1856420512741073e-12
460.2247191011236,4.854707617596023e-11
461.2612612612612,7.010246031829727e-10
462.3024830699774,1.5310886744804538e-09
463.3484162895927,4.576678473297832e-10
464.39909297052156,5.786651379325844e-10
465.4545454545454,1.4494784461441852e-09
466.5148063781321,1.5156482425734632e-09
467.57990867579906,6.49502111612417e-10
468.64988558352405,6.073014021633026e-10
469.7247706422018,9.492502234083842e-10
470.8045977011494,8.890733074363814e-10
471.889400921659,1.6584547262361123e-09
472.97921478060044,1.8546758038541492e-09
474.07407407407413,2.0217361892901705e-09
475.17401392111367,2.6597577521149156e-09
476.27906976744185,2.8697861508843168e-09
477.3892773892773,2.1776108578077857e-09
478.5046728971963,2.543939986434823e-09
479.62529274004686,4.087010958769528e-09
480.75117370892025,6.039597055673055e-09
481.88235294117646,8.744880233348519e-09
483.0188679245283,8.063894616973799e-09
484.160756501182,4.818273912646156e-09
485.3080568720379,6.641601302712895e-09
486.46080760095015,1.3191607585329602e-08
487.61904761904765,1.526652537888486e-08
488.7828162291169,1.5438742477216242e-08
489.95215311004785,1.9782939712985275e-08
491.1270983213429,2.2930066366772944e-08
492.3076923076923,2.295024172138995e-08
493.4939759036144,2.718091677824063e-08
494.68599033816423,3.720833477797637e-08
495.8837772397094,4.321266436678164e-08
497.08737864077665,4.410258944532269e-08
498.29683698296833,5.0824772956389765e-08
499.51219512195115,6.127217867586324e-08
500.7334963325183,6.713931976273206e-08
501.9607843137255,7.643579519517546e-08
503.1941031941032,8.924727049191915e-08
504.43349753694577,9.310301946237325e-08
505.679012345679,9.722256450261398e-08
506.9306930693069,1.1402788608750988e-07
508.18858560794047,1.3699884451591415e-07
509.452736318408,1.5747271175795836e-07
510.72319201995015,1.6927591900322914e-07
511.99999999999994,1.7204738669971404e-07
513.2832080200501,1.8006075672790976e-07
514.572864321608,2.009134376079874e-07
515.8690176322418,2.1950834305805943e-07
517.1717171717172,2.186596668781761e-07
518.4810126582279,2.0647250683378904e-07
519.7969543147208,2.1131684944580132e-07
521.1195928753181,2.2855235499242907e-07
522.4489795918367,2.1931222579675103e-07
523.7851662404091,1.9310870289385168e-07
525.1282051282051,1.796022149112317e-07
526.478149100257,1.6150460322786616e-07
527.8350515463917,1.299307121714207e-07
529.1989664082687,1.0440631839624273e-07
530.5699481865284,8.255995162266068e-08
531.948051948052,5.5803426234691406e-08
533.3333333333333,3.6434363932335e-08
534.7258485639686,4.1054921847728154e-08
536.1256544502618,8.354419512640121e-08
537.5328083989501,1.7701639726135184e-07
538.9473684210527,3.384514235320997e-07
540.3693931398416,5.920926093602958e-07
541.7989417989418,9.955961474256312e-07
543.236074270557,1.6201667303539539e-06
544.6808510638298,2.4810239822377647e-06
546.1333333333333,3.649006495789725e-06
547.5935828877006,5.313227247187426e-06
549.0616621983914,7.587995019210753e-06
550.5376344086021,1.056643382562145e-05
552.021563342318,1.450666207665961e-05
553.5135135135134,1.9704918913980843e-05
555.0135501355013,2.642587326734772e-05
556.5217391304348,3.498944730785377e-05
558.0381471389645,4.592933491023934e-05
559.5628415300547,6.0012655080173504e-05
561.0958904109589,7.77566890724123e-05
562.6373626373627,9.984607848031516e-05
564.1873278236914,0.0001280340025108711
565.7458563535912,0.00016382909804662406
567.3130193905816,0.00020797752488880547
568.8888888888889,0.00026269102445343224
570.4735376044569,0.0003310481714915736
572.0670391061452,0.0004154469707248546
573.6694677871149,0.0005197789182283196
575.2808988764044,0.0006492127523123875
576.9014084507043,0.0008084561540882343
578.5310734463276,0.0010044512258421112
580.1699716713881,0.0012464191347248198
581.8181818181818,0.0015436266760364783
583.4757834757835,0.0019083550999609714
585.1428571428571,0.0023564348979509433
586.8194842406876,0.002905807038691576
588.5057471264367,0.003580180373410991
590.2017291066282,0.004407748183921803
591.907514450867,0.005419925470359214
593.6231884057971,0.006660291530707147
595.3488372093024,0.008183908683291729
597.0845481049563,0.010051246420871547
598.8304093567251,0.012339328521140742
600.5865102639297,0.01514737112414161
602.3529411764705,0.01859186447040326
604.1297935103245,0.02281790056634003
605.9171597633135,0.028006484604307373
607.7151335311573,0.034373639323452214
609.5238095238094,0.04219087694833124
611.3432835820896,0.051797229096190084
613.1736526946107,0.06359886328982099
615.015015015015,0.07809932836316073
616.867469879518,0.09592216751522578
618.7311178247734,0.11782343698810414
620.6060606060606,0.14474987028427028
622.4924012158054,0.17787042894330657
624.390243902439,0.21858539045585376
626.2996941896024,0.2686342872684594
628.2208588957055,0.33017600056191637
630.1538461538462,0.40579090628252296
632.0987654320987,0.4986507751503002
634.0557275541796,0.6127210343443708
636.0248447204968,0.7527805135574328
638.006230529595,0.9246090662620616
640.0,1.135355763060394
642.0062695924764,1.3937291259090616
644.0251572327044,1.7103138131713846
646.0567823343847,2.098134704433925
648.1012658227849,2.573050002500113
650.1587301587301,3.15426834144429
652.2292993630573,3.865248824289949
654.3130990415335,4.734534954652096
656.4102564102564,5.796633083395326
658.5209003215434,7.093195201475145
660.6451612903226,8.674366934222308
662.7831715210356,10.600408058296956
664.9350649350649,12.943361186797384
667.100977198697,15.7889015687916
669.281045751634,19.239064253823372
671.4754098360655,23.41513476327459
673.6842105263158,28.460960618791066
675.9075907590759,34.54811681775777
678.1456953642385,41.88133420187129
680.3986710963455,50.704816010724954
682.6666666666666,61.31248686735295
684.9498327759198,74.05842448228144
687.248322147651,89.36694742559638
689.5622895622896,107.74782678408862
691.8918918918919,129.80989680689876
694.2372881355933,156.269210303018
696.5986394557823,187.96024077985214
698.976109215017,225.83964883201537
701.3698630136986,270.9741990621799
703.7800687285223,324.5317935481266
706.2068965517241,387.76783778130425
708.6505190311418,461.98857315728543
711.1111111111111,548.5277037922303
713.588850174216,648.762753643118
716.0839160839159,764.1558238475591
718.5964912280701,896.3447153518865
721.1267605633802,1047.3251978373532
723.6749116607774,1219.7186235195277
726.241134751773,1417.108529848858
728.8256227758006,1644.398915901032
731.4285714285714,1908.0810173882728
734.0501792114695,2216.256470495485
736.6906474820144,2578.2019912170163
739.3501805054151,3003.233118592663
742.0289855072464,3498.7190225873437
744.7272727272727,4067.2448899913234
747.4452554744526,4703.201444422962
750.1831501831501,5389.557591370471
752.9411764705883,6095.980845020773
755.7195571955718,6779.696316124178
758.5185185185185,7390.399743353299
761.3382899628252,7879.728619216996
764.179104477612,8214.205123236763
767.0411985018726,8388.666757376926
769.9248120300753,8435.554906513034
772.8301886792452,8424.980898817195
775.7575757575758,8452.22557720413
778.7072243346007,8613.309471618928
781.6793893129772,8974.424447458228
784.6743295019156,9545.2610735789
787.6923076923077,10267.116405929946
790.7335907335906,11022.785272867035
793.798449612403,11667.472845744673
796.8871595330738,12071.266692057223
800.0,12158.13599740998
803.1372549019609,11927.055000479198
806.2992125984252,11447.723719714882
809.4861660079052,10833.424997651815
812.6984126984127,10202.29057278942
815.9362549800798,9641.781006267418
819.1999999999999,9188.290549000983
822.4899598393575,8826.510807216591
825.8064516129032,8505.27824290191
829.1497975708503,8161.406299295341
832.520325203252,7742.060828418364
835.9183673469388,7219.013239698042
839.3442622950819,6592.517545257307
842.798353909465,5886.474295714154
846.2809917355372,5138.73758649032
849.792531120332,4390.6482616981275
853.3333333333334,3678.7123757510653
856.9037656903765,3029.7348205774997
860.5042016806723,2459.348495287383
864.1350210970463,1973.0397443558222
867.7966101694916,1568.5260296413962
871.4893617021277,1238.5124400661857
875.2136752136753,973.1677539942126
878.9699570815451,761.99437138468
882.7586206896551,595.0417954255694
886.5800865800866,463.5550678773607
890.4347826086956,360.20287930408824
894.3231441048034,279.0465980555827
898.2456140350877,215.37706940274302
902.2026431718061,165.49859066611623
906.1946902654867,126.51665023746038
910.2222222222222,96.1585647792283
914.2857142857142,72.62838111265712
918.3856502242153,54.49497915337688
922.5225225225224,40.612016424995424
926.6968325791854,30.059638446436995
930.9090909090908,22.099588490125882
935.1598173515981,16.141252962023167
939.4495412844036,11.715388893786484
943.778801843318,8.452351216256979
948.1481481481483,6.063803600947095
952.5581395348837,4.327197055019934
957.0093457943926,3.0725448362470598
961.5023474178405,2.171393408157644
966.0377358490566,1.527645577762881
970.6161137440758,1.0700604294208116
975.2380952380953,0.746317696058183
979.9043062200957,0.51829118342243
984.6153846153846,0.3583568007578742
989.3719806763285,0.24663960410970928
994.1747572815533,0.16893198500529344
999.0243902439023,0.11511570083414584
1003.921568627451,0.0780152691668604
1008.8669950738915,0.05256038502054288
1013.8613861386139,0.035182105631428616
1018.905472636816,0.023386051403855933
1023.9999999999999,0.015430036556386488
1029.145728643216,0.010095535543535835
1034.3434343434344,0.006542564726613974
1039.5939086294416,0.004197062479266291
1044.8979591836735,0.00266203510415925
1050.2564102564102,0.0016656286404369053
1055.6701030927834,0.001026132269344792
1061.139896373057,0.0006210517689966008
1066.6666666666665,0.0003677040857100603
1072.2513089005236,0.0002119339601638453
1077.8947368421054,0.0001182478052903013
1083.5978835978835,6.318268527008397e-05
1089.3617021276596,3.182373322610066e-05
1095.1871657754011,1.4867943798811858e-05
1101.0752688172042,6.360341177710612e-06
1107.0270270270269,2.562508853005701e-06
1113.0434782608695,1.2755968554119795e-06
1119.1256830601094,1.2283079238394418e-06
1125.2747252747254,1.6725088492467298e-06
1131.4917127071824,2.2319803251293805e-06
1137.7777777777778,2.7442388702152477e-06
1144.1340782122904,3.105365718700421e-06
1150.5617977528088,3.294817534539304e-06
1157.0621468926552,3.3538602293146772e-06
1163.6363636363635,3.2790395186363655e-06
1170.2857142857142,3.092806702799796e-06
1177.0114942528735,2.8788761836308475e-06
1183.815028901734,2.645827951790422e-06
1190.6976744186047,2.3620677478809035e-06
1197.6608187134502,2.077061161653097e-06
1204.705882352941,1.8287965992958964e-06
1211.834319526627,1.5854690758075437e-06
1219.0476190476188,1.349105908181246e-06
1226.3473053892214,1.1493267842589243e-06
1233.734939759036,9.708332226752745e-07
1241.2121212121212,7.994352018624135e-07
1248.780487804878,6.534639578333688e-07
1256.441717791411,5.354934238357248e-07
1264.1975308641975,4.3213472210002815e-07
1272.0496894409937,3.4381675963349945e-07
1280.0,2.7313403755956933e-07
1288.0503144654087,2.1472194305070867e-07
1296.2025316455697,1.663568260335827e-07
1304.4585987261146,1.2854957049411196e-07
1312.8205128205127,9.858666551371043e-08
1321.2903225806451,7.377624491230955e-08
1329.8701298701299,5.422328709707957e-08
1338.562091503268,4.024415022193328e-08
1347.3684210526317,2.9673784953471017e-08
1356.291390728477,2.0448929458025344e-08
1365.3333333333333,1.3512772696841441e-08
1374.496644295302,9.339241453076654e-09
1383.7837837837837,6.257214954415178e-09
1393.1972789115646,3.759207781826268e-09
1402.7397260273972,2.40685592954453e-09
1412.4137931034481,1.6494468821767805e-09
1422.2222222222222,9.497964130047347e-10
1432.1678321678319,5.363357198050507e-10
1442.2535211267605,3.423546856795236e-10
1452.482269503546,2.0704357437073589e-10
1462.857142857143,1.8265964498199638e-10
1473.3812949640287,1.7296787635821115e-10
1484.0579710144928,1.2794202360999487e-10
1494.890510948905,1.506943911604957e-10
1505.8823529411766,1.8795265832826397e-10
1517.037037037037,1.4847150137385546e-10
1528.358208955224,1.1165971853317871e-10
1539.8496240601505,7.196435393061422e-11
1551.5151515151515,4.356449750600123e-11
1563.3587786259543,5.89016317990077e-11
1575.3846153846155,6.808234281541262e-11
1587.596899224806,4.882327219859016e-11
1600.0,4.559512624338159e-11
1612.5984251968505,3.992556122091255e-11
1625.3968253968253,4.61883280320525e-11
1638.3999999999999,5.168805401185489e-11
1651.6129032258063,4.363268747229467e-11
1665.040650406504,5.529735594321811e-11
1678.6885245901638,9.751692927723198e-11
1692.5619834710744,1.0274380096328929e-10
1706.6666666666667,8.501207266364845e-11
1721.0084033613446,1.10649254256103e-10
1735.5932203389832,1.4915104150327889e-10
1750.4273504273506,1.5109734566870776e-10
1765.5172413793102,1.5516828093068922e-10
1780.8695652173913,1.6532146290886383e-10
1796.4912280701753,1.5901074347062213e-10
1812.3893805309733,1.7538278701973312e-10
1828.5714285714284,2.0703244428867342e-10
1845.0450450450448,1.7325597089138928e-10
1861.8181818181815,1.1489697544457754e-10
1878.8990825688072,1.0472528247683881e-10
1896.2962962962965,1.224612081278371e-10
1914.0186915887853,1.332143740755392e-10
1932.0754716981132,1.2589319907139945e-10
1950.4761904761906,9.711240523859183e-11
1969.2307692307693,6.325482808480639e-11
1988.3495145631066,5.797429957011557e-11
2007.843137254902,7.031355592514198e-11
2027.7227722772277,6.130567997527312e-11
2047.9999999999998,4.506954651948786e-11
2068.686868686869,2.758060952904237e-11
2089.795918367347,1.8845106529171187e-11
2111.340206185567,1.3183428031292402e-11
2133.333333333333,1.1087503873929691e-11
2155.789473684211,8.500077600197235e-12
2178.723404255319,1.3102579033262142e-11
2202.1505376344085,1.7348343251807527e-11
2226.086956521739,5.384231346797114e-12
2250.5494505494507,8.055325781597804e-13
2275.5555555555557,3.3051202476089744e-12
2301.1235955056177,4.161876403498053e-12
2327.272727272727,1.4583580666274585e-12
2354.022988505747,2.770905352656132e-13
2381.3953488372094,5.483475468474413e-14
2409.411764705882,1.7919143364302015e-12
2438.0952380952376,2.8133496549245537e-12
2467.469879518072,8.705065119718386e-13
2497.560975609756,1.0155759995480382e-12
2528.395061728395,3.34216963353415e-13
2560.0,2.1995077041119925e-13
2592.4050632911394,5.967912530193101e-13
2625.6410256410254,4.599003997409097e-13
2659.7402597402597,1.6732083584255724e-13
2694.7368421052633,4.146599227983506e-13
2730.6666666666665,1.1540544608856319e-12
2767.5675675675675,1.3599457360653106e-12
2805.4794520547944,9.266650788391402e-13
2844.4444444444443,7.850122699861463e-13
2884.507042253521,1.5843575936346278e-12
2925.714285714286,3.1657669280070733e-12
2968.1159420289855,1.470420868298022e-12
3011.764705882353,9.676798983271848e-13
3056.716417910448,3.190894214463929e-13
3103.030303030303,2.9575210983118514e-13
3150.769230769231,1.4553524181940368e-13
3200.0,6.527007236345709e-14
3250.7936507936506,2.995563202235951e-13
3303.2258064516127,2.5115618209358955e-13
3357.3770491803275,5.100430047806658e-14
3413.3333333333335,1.6239931500714238e-13
3471.1864406779664,2.306316739643626e-14
3531.0344827586205,2.8990010105042665e-13
3592.9824561403507,3.4205866888241473e-13
3657.142857142857,2.8843870004317817e-13
3723.636363636363,2.2215806430059688e-13
3792.592592592593,4.9082233640750667e-14
3864.1509433962265,3.724277481393374e-13
3938.4615384615386,7.77072633569357e-13
4015.686274509804,4.852891676508249e-13
4095.9999999999995,1.1195840283553621e-13
4179.591836734694,5.087389473445968e-14
4266.666666666666,1.1224155114030761e-13
4357.446808510638,4.792045312101218e-14
4452.173913043478,1.1308401863857579e-14
4551.111111111111,7.485716855581845e-15
4654.545454545454,4.03459564733482e-15
4762.790697674419,2.7008498697535012e-15
4876.190476190475,8.713732631192485e-16
4995.121951219512,1.9500201414117248e-16
5120.0,1.3554869627416603e-16
5251.282051282051,4.466579187224751e-17
5389.473684210527,1.1096822293483e-17
5535.135135135135,1.2666548453446235e-17
5688.888888888889,5.834532968616561e-18
5851.428571428572,1.4871230622141798e-18
6023.529411764706,1.914802070043272e-18
6206.060606060606,5.391044857621096e-19
6400.0,8.409627301619351e-20
6606.451612903225,5.881572096730108e-20
6826.666666666667,9.550730250944956e-21
7062.068965517241,1.9107374684255817e-21
7314.285714285714,1.6481177321149751e-21
7585.185185185186,1.0338542618761754e-21
7876.923076923077,6.022346859569347e-22
