"Wavelength, nm",Intensity
136.44237175216523,1.5664116781900272e-21
136.53333333333333,1.8315207969907975e-21
136.62441627751835,2.142202544346123e-21
136.71562082777035,2.5066069287225687e-21
136.80694722778892,2.909465599824842e-21
136.89839572192514,4.463566657094273e-21
136.98996655518394,8.236263040808973e-19
137.08165997322624,1.146879231197635e-16
137.17347622237108,5.93967335970808e-15
137.26541554959786,1.3875936761292816e-13
137.35747820254863,1.8226936634320684e-12
137.4496644295302,1.5601608797797138e-11
137.54197447951645,9.616630719153053e-11
137.63440860215053,4.5822716954458003e-10
137.72696704774717,1.7779029503297245e-09
137.81965006729476,5.839330097610422e-09
137.9124579124579,1.672107526799421e-08
138.0053908355795,4.271044996383005e-08
138.09844908968307,9.907706129671156e-08
138.19163292847506,2.1173280680147268e-07
138.28494260634707,4.216728861392775e-07
138.37837837837836,7.89959544645512e-07
138.47194050033806,1.402890611112209e-06
138.5656292286874,2.3769070592513117e-06
138.65944482058225,3.862776163008075e-06
138.75338753387533,6.048623045573419e-06
138.84745762711862,9.161436235156316e-06
138.94165535956583,1.3466801600863515e-05
139.03598099117448,1.926681039651771e-05
139.1304347826087,2.6896186253561624e-05
139.22501699524133,3.671677067931057e-05
139.31972789115645,4.9110749615937346e-05
139.4145677331518,6.447308407517501e-05
139.50953678474113,8.320347266505507e-05
139.60463531015677,0.00010569836870002196
139.69986357435198,0.00013234378309788885
139.79522184300342,0.00016350916395118536
139.89071038251367,0.0001995425211560145
139.98632946001365,0.00024076751331772887
140.08207934336525,0.00028748268394531546
140.17796030116358,0.0003399621096408784
140.27397260273972,0.0003984576306058255
140.37011651816314,0.00046320307144199997
140.46639231824417,0.0005344188869254838
140.56280027453673,0.0006123163262774357
140.65934065934067,0.0006971025398125161
140.75601374570448,0.0007889856547354221
140.85281980742778,0.0008881774435838802
140.949759119064,0.000994896124927117
141.04683195592284,0.0011093711158259767
141.14403859407307,0.00123184551300173
141.24137931034483,0.0013625774671002747
141.33885438233264,0.0015018465519013142
141.4364640883978,0.0016499599224251008
141.53420870767104,0.0018072531131568268
141.6320885200553,0.0019740954773676627
141.73010380622836,0.0021508991599919576
141.8282548476454,0.002338116274406886
141.92654192654192,0.002536234206277622
142.0249653259362,0.002745782108224333
142.1235253296322,0.002967325188163334
142.22222222222223,0.0032014454827142933
142.32105628908963,0.0034487450302145596
142.42002781641168,0.003709852642239874
142.51913709116212,0.003985402491253845
142.6183844011142,0.004276037124847044
142.7177700348432,0.004582447633958678
142.81729428172943,0.004905373876494383
142.91695743196092,0.005245597698059862
143.0167597765363,0.0056040100872550135
143.11670160726763,0.005981653612252034
143.21678321678323,0.006379677992218252
143.31700489853043,0.006799369267892722
143.4173669467787,0.007242249235579085
143.5178696566223,0.007709992279195973
143.61851332398317,0.008204285294176633
143.71929824561403,0.008726993338773203
143.8202247191011,0.009280172065999548
143.92129304286718,0.00986557250498305
144.0225035161744,0.010484818731959413
144.12385643912737,0.01113994765007312
144.22535211267606,0.011832344585245918
144.32699083861874,0.012562600968659597
144.42877291960508,0.013332517004055357
144.530698659139,0.014143306422308129
144.6327683615819,0.014994027483895793
144.73498233215545,0.015886738301541272
144.83734087694484,0.016824118031371953
144.9398443029016,0.017803666253545763
145.04249291784703,0.01882876301455456
145.14528703047483,0.019906854732956232
145.24822695035462,0.02103343473021895
145.35131298793468,0.02221322263942164
145.45454545454544,0.023462639154907046
145.55792466240226,0.024772207854571127
145.66145092460883,0.026143970819364787
145.76512455516016,0.027607618888206776
145.86894586894587,0.029141401527111147
145.9729151817534,0.030733810750292197
146.07703281027102,0.032433624084810646
146.18129907209135,0.034196272066914384
146.28571428571428,0.03597814221182317
146.39027877055037,0.03785979613956766
146.49499284692416,0.03976550861449563
146.59985683607732,0.04159429525682634
146.7048710601719,0.04348586325931487
146.8100358422939,0.045334119219060456
146.91535150645623,0.04694890720840554
147.0208183776023,0.048577813092326554
147.1264367816092,0.05009224842839457
147.23220704529115,0.05117876780960521
147.33812949640287,0.05227780444889484
147.4442044636429,0.05315719993224665
147.55043227665706,0.053354025032644053
147.6568132660418,0.05407991555906177
147.76334776334778,0.05459698948021314
147.87003610108303,0.052611605385206775
147.97687861271675,0.05183721787149196
148.08387563268258,0.0549608373271899
148.19102749638205,0.05361410466344125
148.29833454018825,0.04629043906844673
148.40579710144928,0.047059777073912054
148.51341551849166,0.05450502837562977
148.6211901306241,0.04919023690234144
148.72912127814087,0.037276466097165326
148.8372093023256,0.04261439371760707
148.94545454545454,0.05332745251913129
149.0538573508006,0.04263985129467161
149.16241806263656,0.028814552106349204
149.27113702623907,0.04063323641849048
149.38001458789202,0.053236640461494636
149.4890510948905,0.03640666932080039
149.59824689554418,0.022154577195180925
149.70760233918128,0.042148999145971505
149.81711777615214,0.05645346771393848
149.9267935578331,0.03194030522110498
150.03663003663004,0.017703390087675713
150.1466275659824,0.048438876499353495
150.25678650036684,0.06460188656515697
150.36710719530103,0.02975463629806143
150.47759000734754,0.015109445242265328
150.58823529411762,0.05931860610424884
150.69904341427517,0.07843181160146158
150.8100147275405,0.030553804183847955
150.92114959469419,0.013243505564255431
151.03244837758112,0.07330477169060907
151.1439114391144,0.09889293598591165
151.25553914327915,0.03590091642909715
151.3673318551367,0.01070627809041682
151.47928994082838,0.08772347854215398
151.59141376757958,0.1263964142015612
151.7037037037037,0.048326896339601425
151.81616011860638,0.006791749716059242
151.92878338278933,0.09818667450457207
152.04157386785448,0.15917708967183367
152.15453194650817,0.07101645145576205
152.26765799256503,0.002622340609275544
152.38095238095235,0.09894054470876577
152.4944154877141,0.19149917636921873
152.6080476900149,0.10596555104078145
152.72184936614468,0.0021868580265763595
152.8358208955224,0.08492927862244828
152.9499626587005,0.21231464236943054
153.0642750373692,0.15039406912182912
153.1787584143605,0.012543560295724286
153.29341317365268,0.05686618197718274
153.40823970037454,0.20831998313308644
153.5232383808096,0.19316756619912132
153.6384096024006,0.039938759921900956
153.75375375375376,0.025721306102634577
153.86927122464311,0.1729864470962666
153.98496240601503,0.2161632956337162
154.10082768999246,0.08238803624682822
154.2168674698795,0.010061252925930369
154.33308214016577,0.11597674924470108
154.4494720965309,0.20320006435340904
154.56603773584905,0.12367827387371635
154.68277945619334,0.023327234873100722
154.79969765684052,0.06489863595426519
154.91679273827532,0.15697350028016904
155.0340651021953,0.14079621799881917
155.15151515151516,0.05800721296537418
155.2691432903715,0.04709462821135998
155.38694992412746,0.10491816832674117
155.50493545937738,0.12459250430601347
155.62310030395136,0.08690809683772921
155.74144486692012,0.0636681963330519
155.8599695585997,0.0796417972295146
155.97867479055597,0.09363881188863502
156.09756097560975,0.08875409003908304
156.21662852784135,0.0859956967720504
156.33587786259542,0.08720514646398976
156.45530939648586,0.07840908406982093
156.5749235474006,0.07218467183562881
156.69472073450652,0.0864654294544714
156.8147013782542,0.10073516890248614
156.93486590038313,0.0870245611628392
157.05521472392638,0.06430573107634159
157.17574827321565,0.07001536095263014
157.29646697388634,0.09476790055795078
157.4173712528824,0.09733420215221555
157.53846153846155,0.07387110285263251
157.65973826020013,0.061714702777269606
157.78120184899845,0.07626843256687442
157.9028527370856,0.09030695214707186
158.02469135802468,0.08258233519082439
158.14671814671814,0.06813889580341513
158.26893353941267,0.06753701230670975
158.39133797370457,0.07583526940583606
158.5139318885449,0.07790585412460936
158.63671572424477,0.07341935267794343
158.7596899224806,0.07089139478528515
158.88285492629947,0.07109902588579137
159.0062111801242,0.07020347390739487
159.12975912975912,0.06973791897772118
159.25349922239502,0.07220123555382346
159.37743190661476,0.07378890914458018
159.50155763239874,0.07072786701175736
159.62587685113016,0.06719415671738284
159.7503900156006,0.06896651858310356
159.87509758001562,0.07365739040648893
160.0,0.07458436020988808
160.12509773260362,0.0713658375058876
160.2503912363067,0.06979043799400741
160.37588097102582,0.07243777935349814
160.5015673981191,0.07566176584651452
160.62745098039213,0.07619500192949241
160.7535321821036,0.07548202369698753
160.87981146897093,0.07606538069136969
161.0062893081761,0.07776514404499706
161.13296616837135,0.07927751277500532
161.25984251968504,0.0806363471141633
161.38691883372735,0.08232556169739479
161.51419558359618,0.08388701620089258
161.64167324388316,0.08486659734866561
161.7693522906793,0.085952806881083
161.89723320158103,0.0879988313341203
162.0253164556962,0.09056596366794958
162.15360253365006,0.09249090009886216
162.28209191759112,0.09363224540381604
162.41078509119745,0.0949997508623524
162.53968253968253,0.0971531362575138
162.66878474980143,0.09952819318655004
162.79809220985692,0.10149960128657823
162.92760540970565,0.10317092879312784
163.05732484076432,0.10490290532494342
163.18725099601593,0.10674347209873968
163.31738437001593,0.10854676140047556
163.44772545889865,0.11028683398523194
163.57827476038338,0.11201761029153343
163.709032773781,0.1136560384282655
163.84,0.11508320726105697
163.97117694155327,0.11641082721934821
164.1025641025641,0.11783272116910062
164.23416198877305,0.1193075811763376
164.3659711075441,0.1206802629875463
164.49799196787149,0.12192438276422733
164.63022508038586,0.12306861670312925
164.76267095736122,0.12413802948402003
164.89533011272144,0.12521829334781875
165.02820306204674,0.12632298101203632
165.16129032258064,0.12730440384612082
165.29459241323647,0.12810627597541963
165.4281098546042,0.1288515798545497
165.56184316895713,0.12953204727069456
165.6957928802589,0.129984551980711
165.82995951417004,0.13023452138209626
165.9643435980551,0.13042228163879077
166.09894566098947,0.13048050481411455
166.23376623376623,0.13030463347234988
166.36880584890332,0.1299671560780516
166.5040650406504,0.12949903120759168
166.63954434499593,0.12887200442164146
166.77524429967426,0.12819004937773754
166.9111654441728,0.1275016910349531
167.047308319739,0.12671196337388385
167.18367346938777,0.12587365074209575
167.3202614379085,0.12512523508876863
167.45707277187245,0.12442921538336803
167.59410801963992,0.12373517785880349
167.7313677313677,0.12310345938993758
167.86885245901638,0.12253459457155236
168.00656275635768,0.12198352261373777
168.14449917898193,0.121456366638336
168.28266228430567,0.12095098792666285
168.42105263157896,0.12044449991210149
168.559670781893,0.11990673381913708
168.6985172981878,0.11931091275209303
168.83759274525966,0.11869062727077251
168.97689768976898,0.1180347927866865
169.11643270024774,0.11722462504769057
169.25619834710741,0.11626868209420317
169.39619520264682,0.11530489124807615
169.53642384105962,0.11431688439045877
169.67688483844242,0.11321615813594332
169.81757877280262,0.11206737698864792
169.95850622406635,0.11097437537184052
170.09966777408638,0.10995007870164367
170.24106400665005,0.10897888233479211
170.3826955074875,0.1080992871125308
170.52456286427974,0.10741898349011365
170.66666666666666,0.1069896848955573
170.8090075062552,0.10675389185151835
170.9515859766277,0.10674533781133064
171.09440267335003,0.10709493732685267
171.23745819397996,0.10778575360779102
171.3807531380753,0.10873784821100711
171.52428810720266,0.11001309876932769
171.66806370494552,0.11164694205122491
171.81208053691276,0.11354192678683786
171.95633921074725,0.11565734968091694
172.10084033613444,0.11800812312680507
172.24558452481077,0.12051855011526297
172.3905723905724,0.12309993564560992
172.5358045492839,0.125748458074693
172.681281618887,0.12845125686430198
172.82700421940928,0.13109013776978093
172.97297297297297,0.13351289365476693
173.11918850380385,0.13569263394655287
173.26565143824024,0.13768959848780127
173.41236240474177,0.13944177128417212
173.55932203389833,0.1408271319809834
173.70653095843934,0.14186777006071818
173.85398981324278,0.14261056315017726
174.0016992353441,0.1430068377052112
174.14965986394557,0.14306437377551176
174.2978723404255,0.14285384791220637
174.44633730834755,0.14240325702717124
174.59505541346974,0.14177748745336352
174.74402730375425,0.14108264358836578
174.8932536293766,0.14036095356278602
175.04273504273505,0.13966096376544485
175.1924721984602,0.13909207412613175
175.34246575342465,0.13871900413250365
175.49271636675235,0.13857283409336724
175.6432246998285,0.13875075546229929
175.79399141630904,0.1393472881508465
175.94501718213058,0.14035363140497384
176.0963026655202,0.14173455917547012
176.24784853700515,0.14350771661183018
176.3996554694229,0.14568543503374648
176.55172413793102,0.14825751206251567
176.70405522001724,0.15121625468265648
176.85664939550952,0.1544701092573108
177.00950734658602,0.15785358435056893
177.16262975778545,0.1613178085860092
177.3160173160173,0.16491089543959733
177.46967071057193,0.1685571423240995
177.62359063313096,0.1720736273728051
177.77777777777777,0.17537373176927684
177.93223284100782,0.17847451158292602
178.08695652173913,0.18130110791433413
178.24194952132288,0.183676122681971
178.397212543554,0.185554315733479
178.55274629468178,0.18697279900100652
178.70855148342056,0.18779877127685649
178.86462882096066,0.18791087274126636
179.02097902097898,0.18738386386165395
179.17760279965006,0.18623609984461464
179.33450087565674,0.18441028921689803
179.4916739702016,0.18193826360579324
179.64912280701753,0.17882784169147842
179.80684811237927,0.17508770090869186
179.96485061511424,0.17078684887672027
180.12313104661388,0.1659219708757676
180.28169014084506,0.16057372453967095
180.44052863436124,0.1549326637613365
180.59964726631395,0.14898532702322717
180.75904677846424,0.14274977244924206
180.91872791519435,0.13650655620053403
181.07869142351902,0.13036066335727656
181.23893805309734,0.12425557354576099
181.39946855624444,0.11833959766053517
181.56028368794324,0.11272342460031226
181.72138420585628,0.10736187151744374
181.88277087033748,0.10230853728649879
182.04444444444445,0.09761634068816329
182.20640569395016,0.09323952619427774
182.3686553873553,0.08915731443046013
182.53119429590015,0.08533465003488336
182.69402319357712,0.08173359769060688
182.85714285714286,0.07833955711865959
183.0205540661305,0.07503200551818358
183.18425760286226,0.07170306043812329
183.34825425246197,0.06838340039425973
183.51254480286738,0.06501669527082314
183.67713004484304,0.061477911040605134
183.84201077199282,0.05779660753467637
184.00718778077265,0.05400218904106484
184.1726618705036,0.05003841176370272
184.33843384338437,0.045967654879263464
184.5045045045045,0.04188908563482545
184.67087466185754,0.037792707309113424
184.83754512635377,0.03372185551006043
185.0045167118338,0.029789312366182964
185.17179023508135,0.02604037170869524
185.33936651583707,0.022531328481989445
185.5072463768116,0.019355532340729627
185.675430643699,0.01653683510114419
185.84392014519057,0.014087163384587691
186.01271571298818,0.012055289903674814
186.1818181818182,0.010440945771345259
186.3512283894449,0.009201293744653848
186.52094717668484,0.00830526790885744
186.69097538742025,0.00772234163953771
186.86131386861314,0.007411225754640243
187.03196347031962,0.007307180613492793
187.20292504570384,0.007335787251873327
187.37419945105214,0.007447469723695801
187.54578754578753,0.007586601013575552
187.71769019248396,0.007687650129700794
187.88990825688072,0.007723210737492393
188.06244260789717,0.007672839989648088
188.23529411764707,0.007500268882060735
188.40846366145354,0.007200627769809247
188.5819521178637,0.00678980033876532
188.75576036866357,0.0062790675086393565
188.92988929889296,0.005696742897737173
189.10433979686056,0.005075708115858965
189.27911275415894,0.004439468383848248
189.45420906567992,0.003822016303645934
189.62962962962962,0.0032572712595067546
189.80537534754404,0.002769426668558062
189.98144712430428,0.0023910440098065277
190.15784586815226,0.002150215190615775
190.3345724907063,0.0020490283241052123
190.51162790697674,0.00208232165744188
190.68901303538178,0.0022584832800813734
190.8667287977633,0.002581664169726313
191.044776119403,0.0030279169369046128
191.22315592903828,0.003565659637194517
191.4018691588785,0.004185409872263571
191.5809167446211,0.004879766130364183
191.76029962546815,0.005623324484941875
191.94001874414244,0.006390973060716927
192.12007504690433,0.007162589989951211
192.3004694835681,0.007922403903535704
192.48120300751881,0.008674046183676056
192.66227657572907,0.009421823118559053
192.8436911487759,0.010152227296346333
193.02544769085767,0.010869670258748744
193.2075471698113,0.01160224995036148
193.38999055712932,0.012358719322998346
193.57277882797732,0.013139990428981719
193.75591296121098,0.013971425763005951
193.93939393939394,0.014873249051702116
194.12322274881518,0.015848518703008355
194.30740037950665,0.016921650015346446
194.49192782526114,0.018125215692742017
194.67680608365018,0.019460045578711203
194.86203615604185,0.02092709381369791
195.04761904761907,0.022559367696763265
195.23355576739752,0.024380166975440584
195.4198473282443,0.0263812587073833
195.6064947468959,0.028559388650736407
195.79349904397705,0.030928086919394023
195.9808612440191,0.03349990339611799
196.1685823754789,0.03628543941622296
196.35666347075744,0.0392912887649613
196.5451055662188,0.04251580697184438
196.73390970220942,0.04596589457637404
196.92307692307693,0.04966258237656537
197.1126082771896,0.0536201844544298
197.30250481695566,0.05783989403505612
197.4927675988428,0.06232957979252453
197.68339768339766,0.06712114108950532
197.8743961352657,0.07225148646209327
198.06576402321085,0.07771883088744769
198.25750242013552,0.08350647561100463
198.44961240310076,0.08966528947186812
198.64209505334625,0.09628351749380808
198.83495145631065,0.1033762708254018
199.02818270165207,0.11092437376533591
199.22178988326846,0.1189804057642735
199.4157740993184,0.1276183592539566
199.61013645224173,0.13686943173760086
199.8048780487805,0.14677920707649364
200.0,0.15740521627055984
200.19550342130987,0.16876487005855897
200.3913894324853,0.18089224647918098
200.58765915768853,0.19385007872401155
200.78431372549022,0.2076468817990191
200.9813542688911,0.22230282773673674
201.17878192534383,0.2379431027918142
201.37659783677483,0.254659951755453
201.5748031496063,0.27242089063203057
201.77339901477833,0.2912345380758427
201.9723865877712,0.3112425500774842
202.1717670286278,0.3325919961687294
202.3715415019763,0.3553381451460096
202.57171117705244,0.3795038295720443
202.77227722772278,0.40520845503536274
202.97324083250743,0.43264849189937277
203.17460317460316,0.46188303703398
203.37636544190661,0.49285909021332674
203.57852882703776,0.5257252341663976
203.78109452736314,0.5607410798578908
203.98406374501994,0.5979054595642332
204.1874376869392,0.6371326367601958
204.39121756487026,0.6785494088708418
204.5954045954046,0.7222261807440187
204.79999999999998,0.7681067605387928
205.005005005005,0.8163787105358943
205.21042084168334,0.8673015332794738
205.41624874623875,0.9208606964099613
205.62248995983938,0.9771812000025312
205.8291457286432,1.036774274680871
206.03621730382292,1.1000146917424694
206.24370594159112,1.1670534465243705
206.4516129032258,1.2382572998457861
206.65993945509584,1.3140407255745221
206.86868686868684,1.3944362037544118
207.07785642062692,1.479191639772459
207.28744939271257,1.5679577365177777
207.49746707193518,1.660320282418905
207.7079107505071,1.7559437306085375
207.9187817258883,1.8546552677181225
208.130081300813,1.956473756787989
208.34181078331636,2.0617888868943353
208.55397148676167,2.1714601692427564
208.7665647298675,2.286812920847015
208.9795918367347,2.409524706505385
209.19305413687437,2.5410431022249353
209.40695296523518,2.682151482459544
209.6212896622313,2.833276671357857
209.83606557377047,2.994224494486143
210.05128205128204,3.1631664671052238
210.26694045174537,3.3370272750090817
210.48304213771837,3.512834908198338
210.69958847736626,3.687755946839567
210.91658084449023,3.8592505996479143
211.1340206185567,4.027021524471828
211.3519091847265,4.194033343232249
211.5702479338843,4.365368946588693
211.78903826266804,4.547711750723129
212.00828157349895,4.749483011383611
212.22797927461139,4.9790508680472305
212.448132780083,5.241818940946566
212.668743509865,5.538302148899359
212.88981288981287,5.862909280667313
213.11134235171693,6.203439655163493
213.33333333333334,6.542244394709605
213.555787278415,6.8586824167424885
213.7787056367432,7.132525917565041
214.00208986415882,7.348748061061292
214.22594142259413,7.502769417870561
214.4502617801047,7.604454255326067
214.67505241090146,7.679785482422885
214.900314795383,7.76906818779559
215.12605042016807,7.9215222926691675
215.35226077812828,8.187734198560591
215.57894736842104,8.609964384864083
215.80611169652263,9.209926863696285
216.03375527426158,9.978000710505283
216.26187961985215,10.868614883443433
216.49048625792813,11.801465272278035
216.7195767195767,12.667948966195794
216.9491525423729,13.345861787430872
217.17921527041358,13.721904577943365
217.40976645435242,13.715938444057096
217.64080765143464,13.303106325344999
217.87234042553192,12.531909528407436
218.10436634717786,11.532225424785237
218.33688699360337,10.507490055467194
218.5699039487727,9.711581767058071
218.80341880341882,9.413011131831148
219.0374331550802,9.848716463318976
219.27194860813702,11.174082632955994
219.5069667738478,13.419027534728231
219.74248927038627,16.45846267679475
219.97851772287862,20.004966938693784
220.21505376344086,23.630156660710995
220.45209903121636,26.814656078973304
220.68965517241378,29.021746791396573
220.92772384034518,29.787731113763005
221.16630669546436,28.815101319409276
221.4054054054054,26.04992651675171
221.64502164502164,21.730067741374686
221.88515709642468,16.39380410201858
222.12581344902384,10.83814973795251
222.36699239956567,6.026617731547361
222.6086956521739,2.958739078468207
222.85092491838955,2.516312335597675
223.09368191721134,5.3070272155333935
223.3369683751363,11.53430350660277
223.58078602620085,20.917213979655674
223.82513661202185,32.676114176036805
224.07002188183807,45.59650439872736
224.31544359255204,58.170467529847436
224.56140350877192,68.79654262491515
224.80790340285398,76.01236145628965
225.05494505494505,78.72993066374315
225.30253025302528,76.43435428058342
225.55066079295153,69.30853184057423
225.79933847850054,58.260254924969104
226.0485651214128,44.841759770250974
226.29834254143645,31.065366666501014
226.54867256637166,19.136242046218943
226.79955703211516,11.139198481328252
227.0509977827051,8.724882177533567
227.30299667036624,12.843094166774609
227.55555555555554,23.568246580758647
227.80867630700777,40.04844278635917
228.06236080178175,60.588744317363904
228.31661092530658,82.86201194895011
228.57142857142856,104.22180024981576
228.82681564245812,122.06861329809841
229.082774049217,134.21343673991663
229.33930571108624,139.18902063998866
229.59641255605382,136.4591922034808
229.8540965207632,126.4856775243037
230.1123595505618,110.64526519014245
230.37120359955006,91.01688939029678
230.6306306306306,70.06773902672326
230.89064261555805,50.28391729174185
231.1512415349887,33.80755591780583
231.41242937853107,22.139430479000158
231.67420814479635,15.952982790625965
231.9365798414496,15.046772514307747
232.19954648526078,18.436624324472646
232.46311010215663,24.56903347833174
232.7272727272727,31.620810598633874
232.9920364050057,37.82876930096009
233.25740318906605,41.78850049021217
233.52337514253134,42.67707540871736
233.78995433789953,40.36545716737376
234.05714285714288,35.398660484603205
234.32494279176203,28.852279245631703
234.59335624284074,22.100286265968666
234.8623853211009,16.5365693877076
235.13203214695753,13.299348778280597
235.4022988505747,13.052097171273294
235.67318757192174,15.861329596783225
235.9447004608295,21.18920052176193
236.2168396770473,27.999866830070943
236.48960739030022,34.95954628762571
236.76300578034682,40.69081398307483
237.03703703703707,44.030998083892314
237.3117033603708,44.246293865392154
237.58700696055683,41.16342491380132
237.862950058072,35.19609805351519
238.13953488372093,27.262365299960432
238.41676367869616,18.608913469981527
238.69463869463866,10.577191968660442
238.97316219369893,4.358330861624849
239.25233644859816,0.7828976233631632
239.53216374269007,0.18260354024314873
239.81264637002343,2.349182453861982
240.0937866354044,6.596900819391724
240.37558685446012,11.913365722070932
240.65804935370153,17.167532411255454
240.94117647058823,21.333682069967292
241.2249705535924,23.687249813365053
241.50943396226415,23.936057279159453
241.79456906729635,22.26271726475551
242.080378250591,19.269968195513226
242.3668639053254,15.843044839064296
242.65402843601896,12.96023137054385
242.94187425860022,11.48816839298906
243.23040380047507,12.001365404190295
243.51961950059456,14.663458146903034
243.80952380952382,19.193064621835266
244.1001191895113,24.918372521515675
244.39140811455846,30.909063770477424
244.68339307048984,36.158063202857875
244.97607655502392,39.774948479666996
245.2694610778443,41.15421739258163
245.56354916067144,40.08653877374714
245.85834333733493,36.78950416625479
246.15384615384616,31.854063135006207
246.4500601684717,26.122165499500177
246.7469879518072,20.519954666281212
247.04463208685164,15.879189515663805
247.34299516908212,12.785152261973492
247.6420798065296,11.480406360631159
247.9418886198547,11.839801427743174
248.24242424242422,13.42052676710068
248.54368932038832,15.574486523972631
248.8456865127582,17.595752746864598
249.14841849148416,18.8722391748374
249.45188794153472,19.01054979653772
249.75609756097558,17.907842371274675
250.06105006105005,15.759152776084102
250.36674816625916,13.001444130334752
250.6731946144431,10.206197924587142
250.98039215686276,7.947352477919439
251.2883435582822,6.676667278642997
251.5970515970516,6.630129541785785
251.90651906519062,7.783363112569976
252.21674876847288,9.86742664935217
252.52774352651045,12.439019120394256
252.8395061728395,14.984573326624021
253.15203955500616,17.03476482190147
253.46534653465346,18.265900220778835
253.7794299876084,18.565307458093276
254.09429280397023,18.04557225429176
254.40993788819875,17.007017916965093
254.726368159204,15.86036459719558
255.04358655043586,15.027725837943272
255.36159600997507,14.844129728886616
255.6803995006242,15.482652833493779
255.99999999999997,16.919839425622776
256.3204005006258,18.94743775901209
256.64160401002505,21.225934560572764
256.9636135508155,23.366421093142733
257.286432160804,25.02056051759832
257.61006289308176,25.95594901773495
257.9345088161209,26.100449721790746
258.2597730138714,25.54912715691899
258.5858585858586,24.53310269002653
258.91276864728195,23.35754712437217
259.24050632911394,22.326751875340502
259.5690747782003,21.675561563672684
259.8984771573604,21.521156001857825
260.22871664548916,21.844677297896457
260.55979643765903,22.50519352306901
260.89171974522293,23.28124804319655
261.2244897959184,23.929890157163054
261.5581098339719,24.246906283693367
261.89258312020456,24.112058739597
262.2279129321382,23.510886373133584
262.56410256410254,22.5297607045925
262.9011553273428,21.326277174574926
263.2390745501285,20.08605585673452
263.5778635778636,18.978633369746433
263.91752577319585,18.121540596866147
264.258064516129,17.561559241195017
264.59948320413434,17.276358823592233
264.9417852522639,17.19022284308183
265.2849740932642,17.198996107764415
265.6290531776913,17.200663030913443
265.974025974026,17.121135806060547
266.3198959687906,16.92824040512815
266.66666666666663,16.635692833128065
267.01434159061273,16.295765492353834
267.3629242819843,15.980170443794238
267.7124183006536,15.758573893268988
268.0628272251309,15.682028434026769
268.41415465268676,15.77222328878795
268.76640419947506,16.020450500635018
269.119579500657,16.39687921743009
269.47368421052636,16.862913494080374
269.82872200263506,17.383003123486553
270.1846965699208,17.934877472878952
270.5416116248349,18.513170248040694
270.8994708994709,19.125898662737995
271.25827814569533,19.78885144465409
271.6180371352785,20.518557186005907
271.97875166002655,21.323609703504466
272.3404255319149,22.198515608141165
272.70306258322233,23.121577781539834
273.06666666666666,24.055016374666735
273.4312416555407,24.948222220945055
273.7967914438503,25.74498717711053
274.1633199464525,26.392449412612834
274.5308310991957,26.849238670023812
274.8993288590604,27.091290440028402
275.26881720430106,27.115001669969438
275.6393001345895,26.9375949503789
276.010781671159,26.593500394037285
276.3832658569501,26.128338967373057
276.7567567567567,25.59408282185319
277.1312584573748,25.044361476859567
277.50677506775065,24.528440854648032
277.88331071913166,24.08715767148289
278.2608695652174,23.751259911403928
278.6394557823129,23.538838810253694
279.01907356948226,23.45339526784542
279.39972714870396,23.485476938610116
279.78142076502735,23.615402106859406
280.1641586867305,23.815026217039275
280.54794520547944,24.05033930466625
280.93278463648835,24.285181270378484
281.31868131868134,24.484848172580808
281.70563961485556,24.619127830272724
282.0936639118457,24.663847830822366
282.48275862068965,24.601611639222035
282.8729281767956,24.42328053030826
283.2641770401106,24.128027711951695
283.6565096952908,23.72125598068599
284.0499306518724,23.214203333310923
284.44444444444446,22.62441064742948
284.84005563282335,21.97348680366031
285.2367688022284,21.28510054284115
285.63458856345886,20.585734177760887
286.0335195530726,19.90504105865189
286.43356643356645,19.27492649748643
286.8347338935574,18.729181223978838
287.23702664796633,18.30341426455702
287.6404494382022,18.034777666369784
288.0450070323488,17.961052990823216
288.4507042253521,18.11823946329037
288.85754583921016,18.537903088409156
289.2655367231638,19.24549804776871
289.6746817538897,20.258000986500043
290.08498583569406,21.58043868137575
290.49645390070924,23.203682920175144
290.9090909090909,25.10408475953392
291.32290184921766,27.243550858624133
291.73789173789174,29.569995887558544
292.15406562054204,32.01863552532481
292.57142857142856,34.514556518924685
292.9899856938483,36.977262536024135
293.4097421203438,39.325501632513664
293.83070301291247,41.48064496632922
294.2528735632184,43.37079107885606
294.67625899280574,44.935632814895904
295.1008645533141,46.12886146431254
295.52669552669556,46.919714581322964
295.9537572254335,47.29551302804968
296.3820549927641,47.261502761493546
296.81159420289856,46.838267907077395
297.2423802612482,46.06055579566916
297.6744186046512,44.975172821707694
298.1077147016012,43.63628815307821
298.54227405247815,42.10205501854292
298.978102189781,40.43214327035422
299.41520467836256,38.68342640272911
299.8535871156662,36.90653408444886
300.2932551319648,35.144640652908414
300.73421439060206,33.432035318784216
301.17647058823525,31.79301798466381
301.620029455081,30.24199246495512
302.06489675516224,28.783547578179228
302.5110782865583,27.413718671704768
302.95857988165676,26.122772834458583
303.4074074074074,24.8968234236696
303.85756676557867,23.71880484307488
304.30906389301634,22.57067986907562
304.7619047619047,21.435400333841525
305.2160953800298,20.298124184187333
305.6716417910448,19.147604228579873
306.1285500747384,17.976792923417843
306.58682634730536,16.78267393442671
307.0464767616192,15.56648920000077
307.5075075075075,14.333719193183681
307.96992481203006,13.09323799014687
308.433734939759,11.856320953241285
308.8989441930618,10.635937612114743
309.3655589123867,9.446136433212416
309.83358547655064,8.300869602126662
310.3030303030303,7.212753412787677
310.7738998482549,6.192983315604675
311.2462006079027,5.2511845545786455
311.7199391171994,4.394305028575544
312.1951219512195,3.6265305820169758
312.67175572519085,2.949968278058807
313.1498470948012,2.364195356791838
313.6294027565084,1.8661325248627834
314.11042944785277,1.4510810882518932
314.5929339477727,1.1130059576991482
315.0769230769231,0.8444367203881843
315.5624036979969,0.6372274173271941
316.04938271604937,0.48305408807456734
316.53786707882534,0.3734197891767256
317.0278637770898,0.3000921564340961
317.5193798449612,0.2554664300292203
318.0124223602484,0.23256803378258487
318.50699844479004,0.2252488108369088
319.0031152647975,0.22831717941796847
319.5007800312012,0.2374260115160621
320.0,0.24909980293851447
320.5007824726134,0.26073750448746946
321.0031347962382,0.27045953367383546
321.5070643642072,0.27705367319042784
322.0125786163522,0.2798853805176229
322.5196850393701,0.27870260036966055
323.02839116719235,0.27359748055379973
323.5387045813586,0.26498581185350184
324.0506329113924,0.25341539897433407
324.56418383518223,0.2394575273291079
325.07936507936506,0.22374186303161359
325.59618441971384,0.2069226157525475
326.11464968152865,0.18960765583158062
326.63476874003186,0.17233164855421643
327.15654952076676,0.1555182129250901
327.68,0.1394761873415914
328.2051282051282,0.12445545374595296
328.7319422150882,0.11065051031353887
329.2604501607717,0.09816587452081771
329.7906602254429,0.0870359151238337
330.3225806451613,0.07724186850052578
330.8562197092084,0.06870177612678832
331.3915857605178,0.06131590641007325
331.9286871961102,0.055006955296143425
332.46753246753246,0.04966856133752326
333.0081300813008,0.04514663677463751
333.5504885993485,0.041313560039398484
334.094616639478,0.03808025006208871
334.640522875817,0.03533370353402457
335.18821603927984,0.03295394422375397
335.73770491803276,0.03087350230722573
336.28899835796386,0.029049465535811173
336.8421052631579,0.02741554422578308
337.3970345963756,0.025907024300773903
337.95379537953795,0.024490054077568015
338.51239669421483,0.02314530546428007
339.07284768211923,0.02185554048200559
339.63515754560524,0.02061036923580698
340.19933554817277,0.01940312231927343
340.765391014975,0.018227019905392907
341.3333333333333,0.01707820120971589
341.9031719532554,0.015956964046999703
342.4749163879599,0.014866868422422344
343.04857621440533,0.013812343935346012
343.6241610738255,0.012796729548344038
344.2016806722689,0.011824323435233127
344.7811447811448,0.010897976525611936
345.362563237774,0.01001498326537842
345.94594594594594,0.009175360058680356
346.5313028764805,0.008386324038280574
347.11864406779665,0.007649735073869593
347.70797962648555,0.00695975001011119
348.29931972789115,0.0063148967437540735
348.8926746166951,0.005716977416437108
349.4880546075085,0.005165250337938862
350.0854700854701,0.004660426378298085
350.6849315068493,0.004200602601741731
351.286449399657,0.0037762844097920124
351.89003436426117,0.0033838269272887965
352.4956970740103,0.0030294607340389437
353.10344827586204,0.0027120377698034185
353.71329879101904,0.0024226348007078432
354.3252595155709,0.0021595892352533484
354.93934142114387,0.001923928838579929
355.55555555555554,0.001710324882896592
356.17391304347825,0.001515978252655458
356.794425087108,0.001343448918992081
357.4171029668411,0.0011904340156554429
358.04195804195797,0.0010515772059865864
358.6690017513135,0.0009268383231448848
359.29824561403507,0.0008170479933660128
359.9297012302285,0.0007189723916425702
360.5633802816901,0.0006303799717949959
361.1992945326279,0.0005515048042340651
361.8374558303887,0.00048089377005523754
362.4778761061947,0.0004168158867915237
363.1205673758865,0.0003601342580343466
363.76554174067496,0.00031121521438725875
364.4128113879003,0.00026789291797734723
365.0623885918003,0.00022841356638472643
365.7142857142857,0.0001928244444227493
366.3685152057245,0.00016139583431455656
367.02508960573476,0.00013404899284456787
367.68402154398564,0.00011035250303690871
368.3453237410072,8.946771692364692e-05
369.009009009009,7.110687802830361e-05
369.67509025270755,5.555801582754012e-05
370.3435804701627,4.243838174755838e-05
371.0144927536232,3.114930997469129e-05
371.68784029038113,2.18490197195214e-05
372.3636363636364,1.453904434874129e-05
373.0418943533697,8.765041592601931e-06
373.7226277372263,4.514947387866527e-06
374.4058500914077,1.85045777184624e-06
375.09157509157507,4.087090342008282e-07
375.77981651376143,6.636959751919101e-08
376.47058823529414,8.677385085938688e-07
377.1639042357274,2.5744261808060636e-06
377.8597785977859,5.057192398658045e-06
378.5582255083179,8.303247530695932e-06
379.25925925925924,1.2105748303307382e-05
379.96289424860856,1.6364209652544e-05
380.6691449814126,2.1116343337757804e-05
381.37802607076355,2.6271905938682585e-05
382.089552238806,3.1719901808933294e-05
382.803738317757,3.7379557996112656e-05
383.5205992509363,4.318955087267054e-05
384.24015009380867,4.9136761909129976e-05
384.96240601503763,5.500367876608251e-05
385.6873822975518,6.0527410475687245e-05
386.4150943396226,6.591164289342473e-05
387.14555765595463,7.144430195771929e-05
387.8787878787879,7.690983785705361e-05
388.6148007590133,8.199724820389419e-05
389.35361216730035,8.683690392983378e-05
390.09523809523813,9.178674314859325e-05
390.8396946564886,9.68273168223315e-05
391.5869980879541,0.00010146418104577565
392.3371647509578,0.00010555215196355241
393.0902111324376,0.00010974458967633239
393.84615384615387,0.00011452825235727195
394.6050096339113,0.00011945315113233943
395.3667953667953,0.00012392222686771797
396.1315280464217,0.00012809067647091482
396.8992248062015,0.00013239529645850054
397.6699029126213,0.0001369658017443949
398.4435797665369,0.00014187540180677854
399.22027290448347,0.0001470305514576235
400.0,0.00015197985809493086
400.7827788649706,0.00015689630888856786
401.56862745098044,0.0001626974067894454
402.35756385068765,0.00016945643775463586
403.1496062992126,0.0001764834819124375
403.9447731755424,0.00018388470000284173
404.7430830039526,0.00019224212816851738
405.54455445544556,0.00020168336201035572
406.3492063492063,0.000212409086313857
407.1570576540755,0.00022481570022875056
407.9681274900399,0.0002386677025005875
408.7824351297405,0.00025342724833862297
409.59999999999997,0.0002695850156019443
410.4208416833667,0.00028810908259079
411.24497991967877,0.00030869129765769953
412.07243460764585,0.000330755442019718
412.9032258064516,0.00035519905171440565
413.7373737373737,0.00038269742548278197
414.57489878542515,0.00041273243021421426
415.4158215010142,0.00044568006489819923
416.260162601626,0.00048279079741754045
417.10794297352334,0.0005243038176343615
417.9591836734694,0.0005694511171023319
418.81390593047036,0.0006180856403724625
419.67213114754094,0.0006723598659155394
420.53388090349074,0.0007345655550241184
421.3991769547325,0.0008032146548794367
422.2680412371134,0.0008765529231148228
423.1404958677686,0.0009571197632183811
424.0165631469979,0.0010474420103846747
424.896265560166,0.0011475402844249194
425.77962577962575,0.0012578470623722652
426.6666666666667,0.0013785746584037307
427.5574112734864,0.0015100961355679443
428.45188284518827,0.0016547034248689822
429.3501048218029,0.001813224967860697
430.25210084033614,0.001985475456042605
431.1578947368421,0.002174201780245543
432.06751054852316,0.002381157694116174
432.98097251585625,0.002604892025068058
433.8983050847458,0.00284610568764406
434.81953290870484,0.0031080617745631
435.74468085106383,0.0033928768456312126
436.67377398720674,0.00370121361718548
437.60683760683764,0.004033542120617612
438.54389721627405,0.004391799049891636
439.48497854077254,0.004779539931324512
440.4301075268817,0.0051999993547409236
441.37931034482756,0.0056554373352464245
442.3326133909287,0.006147278517735393
443.2900432900433,0.006677504006114937
444.2516268980477,0.00725015771479194
445.2173913043478,0.007869146836773958
446.1873638344227,0.00853826975589139
447.1615720524017,0.009263929758042062
448.14004376367615,0.010052762765204807
449.12280701754383,0.010909924872806748
450.1098901098901,0.01184102740677715
451.10132158590307,0.012853262929240238
452.0971302428256,0.013957508100264754
453.0973451327433,0.015165546025067714
454.1019955654102,0.016485219811364735
455.1111111111111,0.01792592653910982
456.1247216035635,0.01950126042724384
457.1428571428571,0.021225736054815526
458.165548098434,0.02311823828555178
459.19282511210764,0.025197546257472045
460.2247191011236,0.027476619352134166
461.2612612612612,0.02997431120835582
462.3024830699774,0.03271816483680316
463.3484162895927,0.03573567919684853
464.39909297052156,0.039052449051015826
465.4545454545454,0.04269035307230079
466.5148063781321,0.046680194156662524
467.57990867579906,0.051065938412796004
468.64988558352405,0.05587486906922807
469.7247706422018,0.06113502029650607
470.8045977011494,0.0669127184743238
471.889400921659,0.07326222772053273
472.97921478060044,0.08020932943264192
474.07407407407413,0.08781811112931388
475.17401392111367,0.09616740626513257
476.27906976744185,0.10530818690747572
477.3892773892773,0.11532031691366258
478.5046728971963,0.1263094612568499
479.62529274004686,0.13835490480947293
480.75117370892025,0.15154822647418825
481.88235294117646,0.16601326117592966
483.0188679245283,0.18186882817284597
484.160756501182,0.19924812057212185
485.3080568720379,0.21832560549143828
486.46080760095015,0.23928417091194704
487.61904761904765,0.2622896272193064
488.7828162291169,0.2875297492304389
489.95215311004785,0.31525794425351394
491.1270983213429,0.3457465968993604
492.3076923076923,0.37924930907359716
493.4939759036144,0.416067230553153
494.68599033816423,0.4565544542508298
495.8837772397094,0.501069228963586
497.08737864077665,0.5500224252195144
498.29683698296833,0.6038829640308547
499.51219512195115,0.6631296672135292
500.7334963325183,0.728301468262584
501.9607843137255,0.8000026323312128
503.1941031941032,0.8788734335269287
504.43349753694577,0.9656556797008327
505.679012345679,1.0611496874215487
506.9306930693069,1.1661551407958155
508.18858560794047,1.2816268814235376
509.452736318408,1.4086934080604996
510.72319201995015,1.5484676416734826
511.99999999999994,1.7021017126223088
513.2832080200501,1.8709872098908988
514.572864321608,2.0567138802396885
515.8690176322418,2.2609075146933884
517.1717171717172,2.4852751209919526
518.4810126582279,2.7317901339189263
519.7969543147208,3.002658075811061
521.1195928753181,3.300205106221431
522.4489795918367,3.6270179730630905
523.7851662404091,3.9859560881809095
525.1282051282051,4.379998732569968
526.478149100257,4.812449867933914
527.8350515463917,5.287077708796314
529.1989664082687,5.807896483671753
530.5699481865284,6.379248263932857
531.948051948052,7.005950125257808
533.3333333333333,7.693138996411635
534.7258485639686,8.446449144384081
536.1256544502618,9.272249028119036
537.5328083989501,10.177375664308027
538.9473684210527,11.169119569124579
540.3693931398416,12.255586032210683
541.7989417989418,13.445666823181028
543.236074270557,14.748868041165448
544.6808510638298,16.175527683982452
546.1333333333333,17.737128235349562
547.5935828877006,19.44623029943045
549.0616621983914,21.316234535369162
550.5376344086021,23.361631236383968
552.021563342318,25.598442725828036
553.5135135135134,28.04412082166053
555.0135501355013,30.717403708489154
556.5217391304348,33.63856559910028
558.0381471389645,36.82962073355476
559.5628415300547,40.314505067755775
561.0958904109589,44.11918390730389
562.6373626373627,48.27158013188345
564.1873278236914,52.801833664192614
565.7458563535912,57.74257253711537
567.3130193905816,63.128869816899915
568.8888888888889,68.99856059924603
570.4735376044569,75.39245930961272
572.0670391061452,82.35421515500873
573.6694677871149,89.93078032391922
575.2808988764044,98.17270400763522
576.9014084507043,107.13390815998883
578.5310734463276,116.87231440211902
580.1699716713881,127.45005008028734
581.8181818181818,138.93275254704295
583.4757834757835,151.3904350078751
585.1428571428571,164.8982539606264
586.8194842406876,179.53545613089287
588.5057471264367,195.3860553966935
590.2017291066282,212.54011015376253
591.907514450867,231.09191345518178
593.6231884057971,251.13960662818573
595.3488372093024,272.78800843230124
597.0845481049563,296.1482015596238
598.8304093567251,321.33474689701546
600.5865102639297,348.466677139423
602.3529411764705,377.6694567989985
604.1297935103245,409.0733404185116
605.9171597633135,442.8115793834598
607.7151335311573,479.0215240835248
609.5238095238094,517.8451137881196
611.3432835820896,559.4267316268362
613.1736526946107,603.9120376342986
615.015015015015,651.4485126746507
616.867469879518,702.1842524090785
618.7311178247734,756.2660349584913
620.6060606060606,813.8387809466705
622.4924012158054,875.0443581190915
624.390243902439,940.0195355784224
626.2996941896024,1008.8935081683773
628.2208588957055,1081.7846951918382
630.1538461538462,1158.7996952438325
632.0987654320987,1240.0315190185863
634.0557275541796,1325.5526033346164
636.0248447204968,1415.4104858634753
638.006230529595,1509.6275649856864
640.0,1608.195908759914
642.0062695924764,1711.0724710546956
644.0251572327044,1818.178494860515
646.0567823343847,1929.3944312341603
648.1012658227849,2044.5556038533186
650.1587301587301,2163.4532103378633
652.2292993630573,2285.830469634017
654.3130990415335,2411.3752375490994
656.4102564102564,2539.7131884596047
658.5209003215434,2670.398296279711
660.6451612903226,2802.9044119420523
662.7831715210356,2936.613593105842
664.9350649350649,3070.798447602047
667.100977198697,3204.614464606701
669.281045751634,3337.1002772915467
671.4754098360655,3467.1788837536064
673.6842105263158,3593.6743394279165
675.9075907590759,3715.3374981229445
678.1456953642385,3830.8734077698155
680.3986710963455,3938.9847395186093
682.6666666666666,4038.4090507929527
684.9498327759198,4127.927811496666
687.248322147651,4206.364600075361
689.5622895622896,4272.560370168062
691.8918918918919,4325.313471703653
694.2372881355933,4363.305845766136
696.5986394557823,4385.020722349411
698.976109215017,4388.694503823142
701.3698630136986,4372.350913286436
703.7800687285223,4333.879496961504
706.2068965517241,4271.1991961631165
708.6505190311418,4182.600548494282
711.1111111111111,4067.137339027897
713.588850174216,3924.91684455717
716.0839160839159,3757.344358912547
718.5964912280701,3567.2645904901033
721.1267605633802,3358.799631641877
723.6749116607774,3136.889425775919
726.241134751773,2906.665341848746
728.8256227758006,2672.744462469107
731.4285714285714,2438.633173130825
734.0501792114695,2206.5062797933556
736.6906474820144,1977.5218135065695
739.3501805054151,1752.6809179495538
742.0289855072464,1534.045718182925
744.7272727272727,1325.8887946848388
747.4452554744526,1135.218992746909
750.1831501831501,971.2118150592312
752.9411764705883,843.4209601379359
755.7195571955718,759.2344335389843
758.5185185185185,721.6506878477246
761.3382899628252,728.7393511885791
764.179104477612,775.7801259930884
767.0411985018726,859.9314013466627
769.9248120300753,985.6706073885822
772.8301886792452,1167.9234725781193
775.7575757575758,1429.7209415637653
778.7072243346007,1792.9898118636104
781.6793893129772,2264.381568369851
784.6743295019156,2821.4932877871634
787.6923076923077,3406.460244024072
790.7335907335906,3932.2362936604036
793.798449612403,4302.033472024734
796.8871595330738,4436.337745928871
800.0,4297.70757730618
803.1372549019609,3903.6403647536276
806.2992125984252,3322.4318608430845
809.4861660079052,2653.979870573535
812.6984126984127,2003.4406290697405
815.9362549800798,1457.706594798755
819.1999999999999,1072.1599717191016
822.4899598393575,869.7811028785405
825.8064516129032,849.4004382490073
829.1497975708503,997.0914560882832
832.520325203252,1295.1512140439145
835.9183673469388,1725.856080885688
839.3442622950819,2270.4003601110585
842.798353909465,2905.5511083512297
846.2809917355372,3600.942318870891
849.792531120332,4318.921534399828
853.3333333333334,5017.306290562073
856.9037656903765,5654.093979932423
860.5042016806723,6192.564161599371
864.1350210970463,6605.366670553467
867.7966101694916,6876.75491433238
871.4893617021277,7002.7744656545065
875.2136752136753,6989.786215393668
878.9699570815451,6851.983129882413
882.7586206896551,6608.543928692972
886.5800865800866,6280.961995171682
890.4347826086956,5890.896862326487
894.3231441048034,5458.644801985143
898.2456140350877,5002.206679503552
902.2026431718061,4536.874401349377
906.1946902654867,4075.1624184664165
910.2222222222222,3626.9375583764663
914.2857142857142,3199.6880088253924
918.3856502242153,2798.84209214632
922.5225225225224,2428.051675138877
926.6968325791854,2089.456102499895
930.9090909090908,1783.9467422032712
935.1598173515981,1511.3988255868271
939.4495412844036,1270.8675531879248
943.778801843318,1060.7739482687305
948.1481481481483,879.078545440234
952.5581395348837,723.434014175235
957.0093457943926,591.3198878141056
961.5023474178405,480.15863163039137
966.0377358490566,387.40983009655287
970.6161137440758,310.6428587781485
975.2380952380953,247.58924451741166
979.9043062200957,196.17707517090054
984.6153846153846,154.54959758071104
989.3719806763285,121.06997974494622
994.1747572815533,94.31636072859607
999.0243902439023,73.0702587499584
1003.921568627451,56.29972769709315
1008.8669950738915,43.14003924185414
1013.8613861386139,32.87388910024367
1018.905472636816,24.911410454979393
1023.9999999999999,18.77127844466969
1029.145728643216,14.063912575383124
1034.3434343434344,10.476270074725878
1039.5939086294416,7.7583377564325575
1044.8979591836735,5.7117861636595935
1050.2564102564102,4.180338991562786
1055.6701030927834,3.0415662649936297
1061.139896373057,2.200192125024286
1066.6666666666665,1.5825985295806584
1072.2513089005236,1.1322340196964111
1077.8947368421054,0.8059377777607786
1083.5978835978835,0.5710340300580286
1089.3617021276596,0.4029739569065595
1095.1871657754011,0.2834453827107337
1101.0752688172042,0.19889014800986196
1107.0270270270269,0.13935320429950201
1113.0434782608695,0.09759516697529806
1119.1256830601094,0.0683947341838206
1125.2747252747254,0.048009474609125836
1131.4917127071824,0.0337816599754999
1137.7777777777778,0.0238419360383567
1144.1340782122904,0.01688061160814223
1150.5617977528088,0.011985907636277979
1157.0621468926552,0.008529453827986908
1163.6363636363635,0.006077676498504109
1170.2857142857142,0.004329964883113314
1177.0114942528735,0.0030794078713987493
1183.815028901734,0.002183160186179456
1190.6976744186047,0.0015404340588713
1197.6608187134502,0.0010798432367320984
1204.705882352941,0.0007512286199454403
1211.834319526627,0.0005185487865371273
1219.0476190476188,0.0003551892900308683
1226.3473053892214,0.00024165576558085472
1233.734939759036,0.0001637454548631192
1241.2121212121212,0.00011094527322679942
1248.780487804878,7.558877334512203e-05
1256.441717791411,5.2257795011193614e-05
1264.1975308641975,3.706688980463006e-05
1272.0496894409937,2.720044779223114e-05
1280.0,2.0707724859481435e-05
1288.0503144654087,1.6295001431891365e-05
1296.2025316455697,1.3146973046107523e-05
1304.4585987261146,1.0779251744888032e-05
1312.8205128205127,8.884489148391972e-06
1321.2903225806451,7.273466068641464e-06
1329.8701298701299,5.871992617005744e-06
1338.562091503268,4.661392448742061e-06
1347.3684210526317,3.6273567552266437e-06
1356.291390728477,2.7667981183105715e-06
1365.3333333333333,2.091909073774329e-06
1374.496644295302,1.6120412933789297e-06
1383.7837837837837,1.32264812382528e-06
1393.1972789115646,1.2119730592931719e-06
1402.7397260273972,1.2672907006955376e-06
1412.4137931034481,1.4686080972353247e-06
1422.2222222222222,1.7887190480494413e-06
1432.1678321678319,2.204715081906144e-06
1442.2535211267605,2.698829855420462e-06
1452.482269503546,3.245433394240806e-06
1462.857142857143,3.8100848253486837e-06
1473.3812949640287,4.375103221544123e-06
1484.0579710144928,4.941064084005102e-06
1494.890510948905,5.482464627637006e-06
1505.8823529411766,5.955743452540111e-06
1517.037037037037,6.3607900686589824e-06
1528.358208955224,6.716216077380672e-06
1539.8496240601505,7.000369609970907e-06
1551.5151515151515,7.19093675760468e-06
1563.3587786259543,7.300103748321945e-06
1575.3846153846155,7.330388485686794e-06
1587.596899224806,7.269741232667497e-06
1600.0,7.131321237117335e-06
1612.5984251968505,6.939593722057761e-06
1625.3968253968253,6.6928163973939345e-06
1638.3999999999999,6.377134084975118e-06
1651.6129032258063,6.007654057307382e-06
1665.040650406504,5.617077962002926e-06
1678.6885245901638,5.206245118356435e-06
1692.5619834710744,4.761866234336226e-06
1706.6666666666667,4.306770265280781e-06
1721.0084033613446,3.86341026456406e-06
1735.5932203389832,3.41693378212155e-06
1750.4273504273506,2.969419966576709e-06
1765.5172413793102,2.5522639655873912e-06
1780.8695652173913,2.168993652882644e-06
1796.4912280701753,1.8055665022257073e-06
1812.3893805309733,1.4699931727257473e-06
1828.5714285714284,1.1702948185963278e-06
1845.0450450450448,9.023791323880571e-07
1861.8181818181815,6.714773065176122e-07
1878.8990825688072,4.823184498524419e-07
1896.2962962962965,3.273532616599743e-07
1914.0186915887853,2.0409068411250134e-07
1932.0754716981132,1.1605851304342266e-07
1950.4761904761906,6.020743681592087e-08
1969.2307692307693,3.2337886233795796e-08
1988.3495145631066,3.0913690131837974e-08
2007.843137254902,5.2253861915506526e-08
2027.7227722772277,9.347254831270071e-08
2047.9999999999998,1.529753202892685e-07
2068.686868686869,2.2596573403524648e-07
2089.795918367347,3.084691313392002e-07
2111.340206185567,3.9963338780566094e-07
2133.333333333333,4.96347019206008e-07
2155.789473684211,5.947429443259483e-07
2178.723404255319,6.936553616940614e-07
2202.1505376344085,7.907461373219986e-07
2226.086956521739,8.831782983821432e-07
2250.5494505494507,9.712942277954464e-07
2275.5555555555557,1.053328363285878e-06
2301.1235955056177,1.124138574824205e-06
2327.272727272727,1.1842895589784963e-06
2354.022988505747,1.23830775888694e-06
2381.3953488372094,1.283861325081971e-06
2409.411764705882,1.315496465088178e-06
2438.0952380952376,1.3351062873392866e-06
2467.469879518072,1.3477775099064359e-06
2497.560975609756,1.3533441864041662e-06
2528.395061728395,1.349207009649679e-06
2560.0,1.3352380013536789e-06
2592.4050632911394,1.3125147544213871e-06
2625.6410256410254,1.2824792906323343e-06
2659.7402597402597,1.2473621110641515e-06
2694.7368421052633,1.2078899832695484e-06
2730.6666666666665,1.1629832475677025e-06
2767.5675675675675,1.1134729954160342e-06
2805.4794520547944,1.0622695728472482e-06
2844.4444444444443,1.0103266952177832e-06
2884.507042253521,9.561049252011166e-07
2925.714285714286,8.993530378747835e-07
2968.1159420289855,8.427441640290212e-07
3011.764705882353,7.88548573454279e-07
3056.716417910448,7.356119651328346e-07
3103.030303030303,6.820492946047945e-07
3150.769230769231,6.290532620025414e-07
3200.0,5.788852490352182e-07
3250.7936507936506,5.314122961748974e-07
3303.2258064516127,4.85450825834536e-07
3357.3770491803275,4.412492800182212e-07
3413.3333333333335,3.9975001322990974e-07
3471.1864406779664,3.6098310027497333e-07
3531.0344827586205,3.2448833364270955e-07
3592.9824561403507,2.9040415907539727e-07
3657.142857142857,2.589308490998448e-07
3723.636363636363,2.297869727437399e-07
3792.592592592593,2.0306812720744963e-07
3864.1509433962265,1.7896606573354119e-07
3938.4615384615386,1.5708832183038662e-07
4015.686274509804,1.371589817938677e-07
4095.9999999999995,1.191300492215392e-07
4179.591836734694,1.0304436299709616e-07
4266.666666666666,8.852557872253824e-08
4357.446808510638,7.395192830313851e-08
4452.173913043478,5.85003456747748e-08
4551.111111111111,4.3345874312967434e-08
4654.545454545454,2.9593652504079126e-08
4762.790697674419,1.8124623857202793e-08
4876.190476190475,9.91305076381246e-09
4995.121951219512,4.957322690424532e-09
5120.0,2.3270499114352257e-09
5251.282051282051,1.0420092289037755e-09
5389.473684210527,4.4732097580051015e-10
5535.135135135135,1.8287834894425347e-10
5688.888888888889,7.025312398469009e-11
5851.428571428572,2.488616268065554e-11
6023.529411764706,7.86748098158448e-12
6206.060606060606,2.1277627957341026e-12
6400.0,4.586387352472099e-13
6606.451612903225,6.8318719820112e-14
6826.666666666667,5.414944242026433e-15
7062.068965517241,1.31394129128819e-16
7314.285714285714,9.489912865751383e-20
7585.185185185186,4.9419361967253645e-21
7876.923076923077,1.1372456455005374e-20
