"Wavelength, nm",Intensity
136.44237175216523,5.501170446719492e-26
136.53333333333333,7.169809765483137e-26
136.62441627751835,8.314909077253005e-26
136.71562082777035,8.66763679371991e-26
136.80694722778892,1.9862823666493036e-25
136.89839572192514,1.8795209250589229e-22
136.98996655518394,1.778275756292223e-19
137.08165997322624,3.017973176688711e-17
137.17347622237108,1.6339386623546491e-15
137.26541554959786,3.9992690756033327e-14
137.35747820254863,5.509156545735957e-13
137.4496644295302,4.9385242717449254e-12
137.54197447951645,3.183883791964985e-11
137.63440860215053,1.5850993459483282e-10
137.72696704774717,6.418785697735071e-10
137.81965006729476,2.1978373825874783e-09
137.9124579124579,6.554162471810222e-09
138.0053908355795,1.7416417989987716e-08
138.09844908968307,4.198924724434463e-08
138.19163292847506,9.317219430385201e-08
138.28494260634707,1.9250047811698483e-07
138.37837837837836,3.738332590686043e-07
138.47194050033806,6.877149849685709e-07
138.5656292286874,1.206260984975479e-06
138.65944482058225,2.0283574865826715e-06
138.75338753387533,3.284927413290225e-06
138.84745762711862,5.144002080991814e-06
138.94165535956583,7.815356158270659e-06
139.03598099117448,1.1554506267367858e-05
139.1304347826087,1.666593744363355e-05
139.22501699524133,2.350549852203402e-05
139.31972789115645,3.2481988269606595e-05
139.4145677331518,4.4058032653315175e-05
139.50953678474113,5.8750425001587314e-05
139.60463531015677,7.713015800827403e-05
139.69986357435198,9.982241835525088e-05
139.79522184300342,0.00012750684529560412
139.89071038251367,0.0001609183694513266
139.98632946001365,0.00020084894294240737
140.08207934336525,0.0002481504563765075
140.17796030116358,0.0003037391084741712
140.27397260273972,0.0003686014284960676
140.37011651816314,0.0004438020560138312
140.46639231824417,0.0005304932650772714
140.56280027453673,0.0006299260418643144
140.65934065934067,0.0007434622737062059
140.75601374570448,0.0008725873348303778
140.85281980742778,0.001018922032650701
140.949759119064,0.0011842324619375764
141.04683195592284,0.0013704359104128095
141.14403859407307,0.0015796006269770083
141.24137931034483,0.0018139368974276673
141.33885438233264,0.0020757765812252286
141.4364640883978,0.0023675382774523087
141.53420870767104,0.002691675458062099
141.6320885200553,0.003050605146082116
141.73010380622836,0.003446615481441591
141.8282548476454,0.0038817517189410748
141.92654192654192,0.004357681316728011
142.0249653259362,0.00487554028211154
142.1235253296322,0.005435765193771699
142.22222222222223,0.006037917216492401
142.32105628908963,0.006680505905910236
142.42002781641168,0.007360822947245583
142.51913709116212,0.008074797981713067
142.6183844011142,0.00881688881233265
142.7177700348432,0.009580018699495685
142.81729428172943,0.01035557450678363
142.91695743196092,0.011133477482784503
143.0167597765363,0.01190233460861489
143.11670160726763,0.012649677153020834
143.21678321678323,0.013362290460696183
143.31700489853043,0.014026630176164123
143.4173669467787,0.014629314055687613
143.5178696566223,0.015157679998217297
143.61851332398317,0.01560039152453612
143.71929824561403,0.01594805564774219
143.8202247191011,0.016193829467457007
143.92129304286718,0.01633399649777108
144.0225035161744,0.016368456012385013
144.12385643912737,0.01630108902590529
144.22535211267606,0.0161400151370857
144.32699083861874,0.015897676310881046
144.42877291960508,0.01559069111357289
144.530698659139,0.015239577463149858
144.6327683615819,0.014868297209253162
144.73498233215545,0.014503508120779562
144.83734087694484,0.014173767815296116
144.9398443029016,0.01390868789952514
145.04249291784703,0.013737767244672749
145.14528703047483,0.013689376719124971
145.24822695035462,0.013789963802313641
145.35131298793468,0.014062847193025948
145.45454545454544,0.014527446820788825
145.55792466240226,0.015199117342770714
145.66145092460883,0.016088215576010475
145.76512455516016,0.0171999369956969
145.86894586894587,0.0185352652193237
145.9729151817534,0.020090217087827985
146.07703281027102,0.02185627165420056
146.18129907209135,0.023822739505319542
146.28571428571428,0.025975486017251827
146.39027877055037,0.028297459055655828
146.49499284692416,0.030772819588507406
146.59985683607732,0.03338393861424145
146.7048710601719,0.03611118039295899
146.8100358422939,0.038939594060141115
146.91535150645623,0.04185212616247857
147.0208183776023,0.044826761272713754
147.1264367816092,0.047853846818882655
147.23220704529115,0.050946917183721796
147.33812949640287,0.05413110815354832
147.4442044636429,0.05732758246777811
147.55043227665706,0.06020835955251376
147.6568132660418,0.0625844864244879
147.76334776334778,0.0652379639724887
147.87003610108303,0.06947640008322055
147.97687861271675,0.07484526701313056
148.08387563268258,0.07827303613767901
148.19102749638205,0.07749846351051133
148.29833454018825,0.0752155418300779
148.40579710144928,0.07743392728410765
148.51341551849166,0.08636477459336193
148.6211901306241,0.09628686616646874
148.72912127814087,0.09854072097646681
148.8372093023256,0.09107024211683222
148.94545454545454,0.08206755918357861
149.0538573508006,0.08298163258305717
149.16241806263656,0.0968075644329334
149.27113702623907,0.113105161567327
149.38001458789202,0.1164011796685266
149.4890510948905,0.10181193849748806
149.59824689554418,0.08233899760052049
149.70760233918128,0.07833405851243466
149.81711777615214,0.0974452364765407
149.9267935578331,0.12462223583939276
150.03663003663004,0.1339358922503352
150.1466275659824,0.11338348855212639
150.25678650036684,0.07933472121166887
150.36710719530103,0.06420034045063255
150.47759000734754,0.08597589812798256
150.58823529411762,0.12821782638750776
150.69904341427517,0.15198612720824992
150.8100147275405,0.13160209527041483
150.92114959469419,0.08151843737676553
151.03244837758112,0.04679393001934207
151.1439114391144,0.06252204832670577
151.25553914327915,0.11876201819327048
151.3673318551367,0.16577406330087588
151.47928994082838,0.1581100661413871
151.59141376757958,0.09828627354893525
151.7037037037037,0.038161631199165366
151.81616011860638,0.033657314946758714
151.92878338278933,0.09263663810435772
152.04157386785448,0.16466251747346178
152.15453194650817,0.1845313741540672
152.26765799256503,0.1316450584423934
152.38095238095235,0.05079894819522748
152.4944154877141,0.013695206199478987
152.6080476900149,0.054679162465450286
152.72184936614468,0.1388208557257198
152.8358208955224,0.19205020270786005
152.9499626587005,0.1669090066367792
153.0642750373692,0.08477062125072551
153.1787584143605,0.01659064897667551
153.29341317365268,0.02003037668136177
153.40823970037454,0.08945964901598275
153.5232383808096,0.16250047457083536
153.6384096024006,0.17576817872390538
153.75375375375376,0.11937691752983019
153.86927122464311,0.04265011705332216
153.98496240601503,0.008667452949908465
154.10082768999246,0.04014229590934493
154.2168674698795,0.10357944976843103
154.33308214016577,0.1421938648449681
154.4494720965309,0.12543307568941178
154.56603773584905,0.07140830701879311
154.68277945619334,0.026097165189434272
154.79969765684052,0.022047646924942363
154.91679273827532,0.053924657130977244
155.0340651021953,0.0890070441223699
155.15151515151516,0.09853192968860003
155.2691432903715,0.08008709258207063
155.38694992412746,0.05388646484863002
155.50493545937738,0.04121252556864289
155.62310030395136,0.04688267652193978
155.74144486692012,0.05991637693438369
155.8599695585997,0.06779000547609892
155.97867479055597,0.06803466991016054
156.09756097560975,0.06685821322999373
156.21662852784135,0.06946328919039274
156.33587786259542,0.07383245700383667
156.45530939648586,0.07394441470086743
156.5749235474006,0.06798451730771848
156.69472073450652,0.06202674373442991
156.8147013782542,0.06457003231292001
156.93486590038313,0.07752670047222858
157.05521472392638,0.0933237300997378
157.17574827321565,0.1012015701089739
157.29646697388634,0.09666069593472904
157.4173712528824,0.08542265521674575
157.53846153846155,0.07842999097768316
157.65973826020013,0.08253985953805178
157.78120184899845,0.09540921954711876
157.9028527370856,0.10857719069696112
158.02469135802468,0.11495494615212747
158.14671814671814,0.1139389222561859
158.26893353941267,0.11048295867407712
158.39133797370457,0.1098612961196216
158.5139318885449,0.1133604240019374
158.63671572424477,0.1185608774977039
158.7596899224806,0.12279051821349879
158.88285492629947,0.12570426248020664
159.0062111801242,0.12889563105654164
159.12975912975912,0.13358729497199923
159.25349922239502,0.13895145699397451
159.37743190661476,0.14281299382070967
159.50155763239874,0.14392169775257602
159.62587685113016,0.14329940450149228
159.7503900156006,0.1434196148708711
159.87509758001562,0.14617087497236902
160.0,0.15131441448620309
160.12509773260362,0.15675332293906316
160.2503912363067,0.16044810457593425
160.37588097102582,0.16196895478909326
160.5015673981191,0.16230550759072063
160.62745098039213,0.16279367749450044
160.7535321821036,0.1641779979008148
160.87981146897093,0.1661445518845862
161.0062893081761,0.16787669501409475
161.13296616837135,0.16908757795869978
161.25984251968504,0.17005077766332086
161.38691883372735,0.17098392756722014
161.51419558359618,0.17192145749977714
161.64167324388316,0.172702625734157
161.7693522906793,0.17293803763780954
161.89723320158103,0.17247368667432983
162.0253164556962,0.17167838154938825
162.15360253365006,0.17102483143577954
162.28209191759112,0.17071189143769505
162.41078509119745,0.17060399223452394
162.53968253968253,0.1703243815354564
162.66878474980143,0.1696325194005536
162.79809220985692,0.1686292043691889
162.92760540970565,0.1674602256374022
163.05732484076432,0.16615424417258726
163.18725099601593,0.1647266739687936
163.31738437001593,0.16314356593357893
163.44772545889865,0.16134921759314536
163.57827476038338,0.15939015335620785
163.709032773781,0.15731316467387502
163.84,0.15509361309161837
163.97117694155327,0.1527450186632186
164.1025641025641,0.15027305538592992
164.23416198877305,0.14761080980641764
164.3659711075441,0.14476825553867137
164.49799196787149,0.14186575698926424
164.63022508038586,0.13898947041210158
164.76267095736122,0.1361773303991336
164.89533011272144,0.13344798222104043
165.02820306204674,0.13076468321796067
165.16129032258064,0.12811806307240495
165.29459241323647,0.12559794748475017
165.4281098546042,0.12326634812335593
165.56184316895713,0.12110378357515252
165.6957928802589,0.11911180677304586
165.82995951417004,0.1173060209795175
165.9643435980551,0.1156562833097894
166.09894566098947,0.1141250249917848
166.23376623376623,0.11271368939253683
166.36880584890332,0.11147294798369443
166.5040650406504,0.11042161815375351
166.63954434499593,0.10945603777213986
166.77524429967426,0.10851038877979888
166.9111654441728,0.10765887046787397
167.047308319739,0.10687899902945061
167.18367346938777,0.10607708159197231
167.3202614379085,0.1053544414198469
167.45707277187245,0.10479144073856453
167.59410801963992,0.10423369393661
167.7313677313677,0.1036239399440186
167.86885245901638,0.10311449600752084
168.00656275635768,0.10277176455235544
168.14449917898193,0.10253197299791364
168.28266228430567,0.1023519314073381
168.42105263157896,0.1022570454336535
168.559670781893,0.10232501635596429
168.6985172981878,0.1026200996752157
168.83759274525966,0.10317409231579913
168.97689768976898,0.10400989497254381
169.11643270024774,0.10512076128236202
169.25619834710741,0.10654745584033354
169.39619520264682,0.10840076930065733
169.53642384105962,0.11068091573465029
169.67688483844242,0.11333579606896874
169.81757877280262,0.11645160419860931
169.95850622406635,0.12007354476859511
170.09966777408638,0.12413132209979857
170.24106400665005,0.12867880387843345
170.3826955074875,0.13377758369548234
170.52456286427974,0.139302801151483
170.66666666666666,0.1451847011288848
170.8090075062552,0.15146459732418682
170.9515859766277,0.15807715598196187
171.09440267335003,0.16490778241490575
171.23745819397996,0.17184497783912103
171.3807531380753,0.17875626510945977
171.52428810720266,0.1856368898919492
171.66806370494552,0.19244226436549705
171.81208053691276,0.19887015534318803
171.95633921074725,0.2047868056179067
172.10084033613444,0.21030555508870663
172.24558452481077,0.21519914132678508
172.3905723905724,0.21911457395283018
172.5358045492839,0.2221489866157115
172.681281618887,0.22440230751801532
172.82700421940928,0.225611409660953
172.97297297297297,0.2256537781769112
173.11918850380385,0.22464973800067076
173.26565143824024,0.22259821106888683
173.41236240474177,0.21944755360157078
173.55932203389833,0.2152193221572501
173.70653095843934,0.20991207426179526
173.85398981324278,0.20360254585231113
174.0016992353441,0.19648574538288976
174.14965986394557,0.18865422553347658
174.2978723404255,0.18010403619982945
174.44633730834755,0.1709383435238417
174.59505541346974,0.16133916704373327
174.74402730375425,0.1514468121637736
174.8932536293766,0.14138043861533395
175.04273504273505,0.1312486817065021
175.1924721984602,0.12110801142097967
175.34246575342465,0.11102193459577016
175.49271636675235,0.10115103336234377
175.6432246998285,0.0916728276379979
175.79399141630904,0.0826388595900813
175.94501718213058,0.07403002833236348
176.0963026655202,0.06589515448260146
176.24784853700515,0.05830573383076443
176.3996554694229,0.05126366291323784
176.55172413793102,0.044768275040662504
176.70405522001724,0.03887356994655695
176.85664939550952,0.03360505108272948
177.00950734658602,0.02891130717262111
177.16262975778545,0.02473336358341732
177.3160173160173,0.02105206882868957
177.46967071057193,0.017861441592211386
177.62359063313096,0.015145288101219175
177.77777777777777,0.012862906228145395
177.93223284100782,0.010943092112669866
178.08695652173913,0.009332942579548425
178.24194952132288,0.008022487664215202
178.397212543554,0.006986589657263373
178.55274629468178,0.006174745062280312
178.70855148342056,0.005553634988269399
178.86462882096066,0.00508854482837798
179.02097902097898,0.0047380184426437265
179.17760279965006,0.004491738789133163
179.33450087565674,0.004338547390308886
179.4916739702016,0.004235763651022458
179.64912280701753,0.004163037540754088
179.80684811237927,0.00413170716434458
179.96485061511424,0.004130196342686206
180.12313104661388,0.004129339951533563
180.28169014084506,0.004119573090913013
180.44052863436124,0.004102739068722365
180.59964726631395,0.004078286505477632
180.75904677846424,0.00404795242708016
180.91872791519435,0.004009897970201203
181.07869142351902,0.003954937528073937
181.23893805309734,0.0038771508626483245
181.39946855624444,0.003779786686856199
181.56028368794324,0.0036741132805823205
181.72138420585628,0.0035669506827743992
181.88277087033748,0.003447643726533642
182.04444444444445,0.0033095151008661846
182.20640569395016,0.0031661530305714743
182.3686553873553,0.003023946212481709
182.53119429590015,0.002877607654174361
182.69402319357712,0.002729770850694312
182.85714285714286,0.002578603492867507
183.0205540661305,0.0024209574826536484
183.18425760286226,0.0022703274198232204
183.34825425246197,0.002129404091440085
183.51254480286738,0.0019846907972494677
183.67713004484304,0.0018419836764289117
183.84201077199282,0.0017116916714339093
184.00718778077265,0.0015852451499442336
184.1726618705036,0.001459473550299629
184.33843384338437,0.0013404476435699907
184.5045045045045,0.0012282646907635921
184.67087466185754,0.0011251389925858602
184.83754512635377,0.0010323869604536482
185.0045167118338,0.0009435025139015445
185.17179023508135,0.0008578669556037801
185.33936651583707,0.0007803847356499001
185.5072463768116,0.0007105151371015931
185.675430643699,0.0006451630536827576
185.84392014519057,0.0005812668100881286
186.01271571298818,0.0005197469543491951
186.1818181818182,0.0004671164989407116
186.3512283894449,0.00042240105274305307
186.52094717668484,0.00037852384072595426
186.69097538742025,0.00033713295418956636
186.86131386861314,0.0003011009582185966
187.03196347031962,0.0002673510115925958
187.20292504570384,0.0002367344091486069
187.37419945105214,0.00021088647537823832
187.54578754578753,0.00018629082710932198
187.71769019248396,0.00016303610158833264
187.88990825688072,0.00014376567658811327
188.06244260789717,0.00012654854820589405
188.23529411764707,0.00011036895006419279
188.40846366145354,9.666002322306147e-05
188.5819521178637,8.441215100237856e-05
188.75576036866357,7.308071559599892e-05
188.92988929889296,6.385336458923898e-05
189.10433979686056,5.571958452591355e-05
189.27911275415894,4.734524904153616e-05
189.45420906567992,3.9626885565190944e-05
189.62962962962962,3.326675672386915e-05
189.80537534754404,2.812948516109438e-05
189.98144712430428,2.409174634427912e-05
190.15784586815226,2.05520630014013e-05
190.3345724907063,1.6993354720935125e-05
190.51162790697674,1.3823597246358397e-05
190.68901303538178,1.1430556694457934e-05
190.8667287977633,9.42205054687019e-06
191.044776119403,7.518112463702888e-06
191.22315592903828,6.0790426335766e-06
191.4018691588785,5.1722984232511405e-06
191.5809167446211,4.181211212144785e-06
191.76029962546815,3.0756980353605305e-06
191.94001874414244,2.4471930531876163e-06
192.12007504690433,2.123483052159133e-06
192.3004694835681,1.6688460186394043e-06
192.48120300751881,1.3216104386027348e-06
192.66227657572907,1.192531325274878e-06
192.8436911487759,9.827663724465936e-07
193.02544769085767,7.506502103410102e-07
193.2075471698113,6.720824294984152e-07
193.38999055712932,6.996199927541402e-07
193.57277882797732,7.180039559941661e-07
193.75591296121098,6.456464551709439e-07
193.93939393939394,5.119778408670657e-07
194.12322274881518,4.341873677972332e-07
194.30740037950665,3.9172445744889494e-07
194.49192782526114,3.150455017904476e-07
194.67680608365018,2.4110730826972917e-07
194.86203615604185,1.8659497079147752e-07
195.04761904761907,1.124206793480099e-07
195.23355576739752,4.563395210640387e-08
195.4198473282443,1.9701033652647415e-08
195.6064947468959,4.690645502107298e-09
195.79349904397705,9.360520382487732e-09
195.9808612440191,6.666046206269928e-08
196.1685823754789,1.435300531637755e-07
196.35666347075744,2.397958740623486e-07
196.5451055662188,4.011697128297883e-07
196.73390970220942,6.403205393441887e-07
196.92307692307693,9.92123932034443e-07
197.1126082771896,1.4695096877320384e-06
197.30250481695566,1.954140125455703e-06
197.4927675988428,2.4384938207133073e-06
197.68339768339766,3.0839303397360537e-06
197.8743961352657,3.839775732461795e-06
198.06576402321085,4.600151520921719e-06
198.25750242013552,5.520403422797424e-06
198.44961240310076,6.593593595661078e-06
198.64209505334625,7.608719908050965e-06
198.83495145631065,8.699232389102495e-06
199.02818270165207,1.006299212555604e-05
199.22178988326846,1.1523712308270093e-05
199.4157740993184,1.2958971385387272e-05
199.61013645224173,1.443087396606984e-05
199.8048780487805,1.6103041443149705e-05
200.0,1.839038180027616e-05
200.19550342130987,2.1265952934277142e-05
200.3913894324853,2.3732595861792574e-05
200.58765915768853,2.5645909139735495e-05
200.78431372549022,2.8447658480944962e-05
200.9813542688911,3.2430490632152554e-05
201.17878192534383,3.613103596681873e-05
201.37659783677483,3.943595979224748e-05
201.5748031496063,4.3719760682210654e-05
201.77339901477833,4.865339623580435e-05
201.9723865877712,5.302787421062403e-05
202.1717670286278,5.787292656877652e-05
202.3715415019763,6.480734907107248e-05
202.57171117705244,7.30547741080587e-05
202.77227722772278,8.120997284750774e-05
202.97324083250743,8.976072151176518e-05
203.17460317460316,9.955588296002492e-05
203.37636544190661,0.00011044990836810842
203.57852882703776,0.000122512676906119
203.78109452736314,0.00013629778350463914
203.98406374501994,0.00015239166280344381
204.1874376869392,0.0001719257989488416
204.39121756487026,0.00019529258323193108
204.5954045954046,0.00022073665713729824
204.79999999999998,0.00024791899357625824
205.005005005005,0.00028024045868511253
205.21042084168334,0.0003187860680103898
205.41624874623875,0.0003594123433997575
205.62248995983938,0.0004012124984754233
205.8291457286432,0.00044937852265364026
206.03621730382292,0.0005049267840913184
206.24370594159112,0.0005626946691547522
206.4516129032258,0.0006216601338488404
206.65993945509584,0.0006845112160630883
206.86868686868684,0.0007495354712307115
207.07785642062692,0.0008160340150400373
207.28744939271257,0.0008900366890155285
207.49746707193518,0.0009743260208618168
207.7079107505071,0.001065642906353925
207.9187817258883,0.0011671284820065327
208.130081300813,0.0012890841267193713
208.34181078331636,0.0014400527665261048
208.55397148676167,0.0016299327544720802
208.7665647298675,0.0018719883074832637
208.9795918367347,0.0021747435803392925
209.19305413687437,0.0025444578683918887
209.40695296523518,0.0029932656010620575
209.6212896622313,0.003533921401741539
209.83606557377047,0.004174707654616366
210.05128205128204,0.0049186032376585245
210.26694045174537,0.005753187617291282
210.48304213771837,0.006651175871441705
210.69958847736626,0.007587646830330682
210.91658084449023,0.00853379357154435
211.1340206185567,0.009437644808956126
211.3519091847265,0.010238346022111622
211.5702479338843,0.010883585929291844
211.78903826266804,0.011314225967723775
212.00828157349895,0.011462126670386603
212.22797927461139,0.011281048763826542
212.448132780083,0.010767071623078365
212.668743509865,0.00995959111104617
212.88981288981287,0.008942831561868267
213.11134235171693,0.007858453207182209
213.33333333333334,0.00693885100071677
213.555787278415,0.006529581968392847
213.7787056367432,0.00706592131199845
214.00208986415882,0.009057734954613842
214.22594142259413,0.013116887915036998
214.4502617801047,0.019950881762866537
214.67505241090146,0.030301671448936824
214.900314795383,0.04490772537068082
215.12605042016807,0.06447766309563972
215.35226077812828,0.08960145421651991
215.57894736842104,0.12066164882344745
215.80611169652263,0.1578229830660158
216.03375527426158,0.20096934508871622
216.26187961985215,0.24952002829406367
216.49048625792813,0.30236724376866775
216.7195767195767,0.3579878345928622
216.9491525423729,0.41442022413467805
217.17921527041358,0.46916695235170613
217.40976645435242,0.5193612649863992
217.64080765143464,0.5620065893050632
217.87234042553192,0.5940509771120834
218.10436634717786,0.6125970043674457
218.33688699360337,0.6153427111002961
218.5699039487727,0.6009992193071285
218.80341880341882,0.5696474699527743
219.0374331550802,0.523039626370488
219.27194860813702,0.46496052377101976
219.5069667738478,0.40182441539398095
219.74248927038627,0.3430192259047595
219.97851772287862,0.30075888100657183
220.21505376344086,0.29018534928883544
220.45209903121636,0.32953328733114345
220.68965517241378,0.439504186760302
220.92772384034518,0.6425250533813068
221.16630669546436,0.9622960066440633
221.4054054054054,1.422587612413482
221.64502164502164,2.045629113868698
221.88515709642468,2.851057696282405
222.12581344902384,3.8545667418101646
222.36699239956567,5.06584051903859
222.6086956521739,6.486785216265703
222.85092491838955,8.110410860539295
223.09368191721134,9.920245051248672
223.3369683751363,11.889657660381154
223.58078602620085,13.980535251043934
223.82513661202185,16.14333843788755
224.07002188183807,18.319659833468528
224.31544359255204,20.44407612911026
224.56140350877192,22.444726689244128
224.80790340285398,24.24640317404487
225.05494505494505,25.775782678237338
225.30253025302528,26.965379520169883
225.55066079295153,27.7566200609302
225.79933847850054,28.103885041504437
226.0485651214128,27.979284464252103
226.29834254143645,27.376693175097422
226.54867256637166,26.313903783477475
226.79955703211516,24.834050202294893
227.0509977827051,23.006850708631507
227.30299667036624,20.927192708190745
227.55555555555554,18.71167073121841
227.80867630700777,16.495455101645483
228.06236080178175,14.42674910802329
228.31661092530658,12.658275939486728
228.57142857142856,11.339979223983745
228.82681564245812,10.611529070941026
229.082774049217,10.592358094357062
229.33930571108624,11.372931246121201
229.59641255605382,13.007929694522023
229.8540965207632,15.50988828639752
230.1123595505618,18.845384787958338
230.37120359955006,22.933473613376993
230.6306306306306,27.646418357397106
230.89064261555805,32.81525843861248
231.1512415349887,38.23649002145417
231.41242937853107,43.678991615141356
231.67420814479635,48.89801532552851
231.9365798414496,53.65142379518766
232.19954648526078,57.710164586085355
232.46311010215663,60.8714004851507
232.7272727272727,62.97641982332235
232.9920364050057,63.92113852436573
233.25740318906605,63.661240649597886
233.52337514253134,62.219997351858865
233.78995433789953,59.69089414113578
234.05714285714288,56.23135168177507
234.32494279176203,52.055684585416785
234.59335624284074,47.42547444864951
234.8623853211009,42.632139413689806
235.13203214695753,37.978284350992055
235.4022988505747,33.760784635285056
235.67318757192174,30.250104265396377
235.9447004608295,27.669630422219225
236.2168396770473,26.182203768426103
236.48960739030022,25.879139074333427
236.76300578034682,26.769476215226394
237.03703703703707,28.778152312447467
237.3117033603708,31.75303715755654
237.58700696055683,35.472792978308306
237.862950058072,39.659190198268206
238.13953488372093,43.99866642335533
238.41676367869616,48.165163983992876
238.69463869463866,51.84061100985225
238.97316219369893,54.73833169049038
239.25233644859816,56.62601502586808
239.53216374269007,57.34122279354743
239.81264637002343,56.80184475985682
240.0937866354044,55.01314272847678
240.37558685446012,52.06715481608369
240.65804935370153,48.13456101971491
240.94117647058823,43.45116628811742
241.2249705535924,38.2981878536607
241.50943396226415,32.979292222991184
241.79456906729635,27.798316117678237
242.080378250591,23.035683644196222
242.3668639053254,18.924763896445533
242.65402843601896,15.63486907986682
242.94187425860022,13.261082516588681
243.23040380047507,11.818359910930074
243.51961950059456,11.243365586044616
243.80952380952382,11.404768048597028
244.1001191895113,12.11763189573092
244.39140811455846,13.162022846335102
244.68339307048984,14.306547389220533
244.97607655502392,15.331981567310391
245.2694610778443,16.0518850579087
245.56354916067144,16.330544595608963
245.85834333733493,16.095925687999664
246.15384615384616,15.345173288763775
246.4500601684717,14.143336699201674
246.7469879518072,12.615502818643476
247.04463208685164,10.932202172768504
247.34299516908212,9.290231689229191
247.6420798065296,7.891236035778008
247.9418886198547,6.919801515767875
248.24242424242422,6.523500638429879
248.54368932038832,6.796750662136907
248.8456865127582,7.770159575976857
249.14841849148416,9.407759222794501
249.45188794153472,11.61191378475247
249.75609756097558,14.23333022846839
250.06105006105005,17.08640450961375
250.36674816625916,19.970528731128347
250.6731946144431,22.692613404697152
250.98039215686276,25.08606088874146
251.2883435582822,27.027435431840345
251.5970515970516,28.450432587277664
251.90651906519062,29.35108746503698
252.21674876847288,29.783493431511193
252.52774352651045,29.851687572065916
252.8395061728395,29.696957144171908
253.15203955500616,29.477350972826745
253.46534653465346,29.34569387748538
253.7794299876084,29.43205800320175
254.09429280397023,29.827678141172118
254.40993788819875,30.571463379600335
254.726368159204,31.645976699980636
255.04358655043586,32.98171336520983
255.36159600997507,34.46557218816383
255.6803995006242,35.955590030221465
255.99999999999997,37.30048551025398
256.3204005006258,38.35825235214186
256.64160401002505,39.01366392217301
256.9636135508155,39.19340295052785
257.286432160804,38.87324369589879
257.61006289308176,38.07895601724288
257.9345088161209,36.88397850556375
258.2597730138714,35.39920468175214
258.5858585858586,33.75577639259866
258.91276864728195,32.08882836562479
259.24050632911394,30.522494553953393
259.5690747782003,29.154568540846274
259.8984771573604,28.045835127237755
260.22871664548916,27.216088597203314
260.55979643765903,26.645077748565758
260.89171974522293,26.279757542991877
261.2244897959184,26.046885031787745
261.5581098339719,25.866182193901704
261.89258312020456,25.6626371187311
262.2279129321382,25.377619019497878
262.56410256410254,24.975951840457594
262.9011553273428,24.447880697566173
263.2390745501285,23.807274669573534
263.5778635778636,23.086911331220815
263.91752577319585,22.33154024692212
264.258064516129,21.589555077167294
264.59948320413434,20.90471638628883
264.9417852522639,20.309970402326726
265.2849740932642,19.823503918651422
265.6290531776913,19.446901286495308
265.974025974026,19.16693618837016
266.3198959687906,18.96007676246281
266.66666666666663,18.797945129730948
267.01434159061273,18.65475115903318
267.3629242819843,18.51427453098759
267.7124183006536,18.372323911108538
268.0628272251309,18.23752975193205
268.41415465268676,18.131844530240535
268.76640419947506,18.08629409818023
269.119579500657,18.13460391451928
269.47368421052636,18.31031595335071
269.82872200263506,18.64378573297677
270.1846965699208,19.15711092265064
270.5416116248349,19.862073158702028
270.8994708994709,20.76003401018098
271.25827814569533,21.840069199767534
271.6180371352785,23.078748985199294
271.97875166002655,24.44231392526278
272.3404255319149,25.887403106013643
272.70306258322233,27.36265893344653
273.06666666666666,28.81322873625406
273.4312416555407,30.18439988930798
273.7967914438503,31.425010873570866
274.1633199464525,32.49177610791947
274.5308310991957,33.35068320128964
274.8993288590604,33.9782672874578
275.26881720430106,34.3659955543311
275.6393001345895,34.52054535699435
276.010781671159,34.46055584522739
276.3832658569501,34.21849857430113
276.7567567567567,33.84175540488974
277.1312584573748,33.386458019818036
277.50677506775065,32.913244963025825
277.88331071913166,32.486606177310705
278.2608695652174,32.16914737623044
278.6394557823129,32.014350063357966
279.01907356948226,32.06435730954933
279.39972714870396,32.347687149117
279.78142076502735,32.8749954327662
280.1641586867305,33.63834730843679
280.54794520547944,34.613126887404775
280.93278463648835,35.75932959006372
281.31868131868134,37.0242463566142
281.70563961485556,38.346670833820035
282.0936639118457,39.66085584953925
282.48275862068965,40.901151517795576
282.8729281767956,42.006320828202156
283.2641770401106,42.92272126035247
283.6565096952908,43.60835799230069
284.0499306518724,44.03519686843378
284.44444444444446,44.18816580304996
284.84005563282335,44.06590924393145
285.2367688022284,43.68171385944997
285.63458856345886,43.05996192082588
286.0335195530726,42.23302642409355
286.43356643356645,41.240284091619785
286.8347338935574,40.12436287289187
287.23702664796633,38.927017176080895
287.6404494382022,37.687775412185445
288.0450070323488,36.44252562377686
288.4507042253521,35.22122412145062
288.85754583921016,34.04562577550575
289.2655367231638,32.92857943955183
289.6746817538897,31.876310139102202
290.08498583569406,30.889200195860955
290.49645390070924,29.959796601419026
290.9090909090909,29.074721195217556
291.32290184921766,28.218886200529614
291.73789173789174,27.375603602382153
292.15406562054204,26.52641510525564
292.57142857142856,25.653930494721852
292.9899856938483,24.743621394687633
293.4097421203438,23.78394983193028
293.83070301291247,22.76666419827504
294.2528735632184,21.687193227636733
294.67625899280574,20.54554390859723
295.1008645533141,19.346405600473947
295.52669552669556,18.0974124296024
295.9537572254335,16.808546692964786
296.3820549927641,15.492881282594176
296.81159420289856,14.16543016035184
297.2423802612482,12.841426792290079
297.6744186046512,11.536342802232001
298.1077147016012,10.265568344785102
298.54227405247815,9.043008116026176
298.978102189781,7.880795560027548
299.41520467836256,6.7897420421385
299.8535871156662,5.778642622292247
300.2932551319648,4.853395365169339
300.73421439060206,4.017451633697411
301.17647058823525,3.2725448750839243
301.620029455081,2.618532842454003
302.06489675516224,2.0531432938512326
302.5110782865583,1.5723527157348054
302.95857988165676,1.170981261960285
303.4074074074074,0.8430435286166018
303.85756676557867,0.5818354341589266
304.30906389301634,0.38008402399490543
304.7619047619047,0.230344198538218
305.2160953800298,0.12529344957714472
305.6716417910448,0.05782403340883835
306.1285500747384,0.02120459389773535
306.58682634730536,0.009223124167895351
307.0464767616192,0.016244488363858528
307.5075075075075,0.03728850208077367
307.96992481203006,0.06801569581143292
308.433734939759,0.10471078495957842
308.8989441930618,0.1443352091688027
309.3655589123867,0.18440615577319963
309.83358547655064,0.22293333411642471
310.3030303030303,0.2585450667066891
310.7738998482549,0.29029694408789114
311.2462006079027,0.3174322753243855
311.7199391171994,0.33957663930578796
312.1951219512195,0.3567199353727278
312.67175572519085,0.36891313175496615
313.1498470948012,0.3763769552566636
313.6294027565084,0.37956341606351557
314.11042944785277,0.3788459093691303
314.5929339477727,0.3745957331895465
315.0769230769231,0.36739264700409574
315.5624036979969,0.35774252648140353
316.04938271604937,0.34599596066652144
316.53786707882534,0.3326330536847018
317.0278637770898,0.3181308995181811
317.5193798449612,0.3027452165948539
318.0124223602484,0.28674384938511327
318.50699844479004,0.27048837311532437
319.0031152647975,0.2542088808649518
319.5007800312012,0.23804425802244003
320.0,0.22219109708937
320.5007824726134,0.206807824717372
321.0031347962382,0.19195622707114174
321.5070643642072,0.17769625303057648
322.0125786163522,0.16409196278359184
322.5196850393701,0.15116438940389387
323.02839116719235,0.13892850008014862
323.5387045813586,0.12741957756206368
324.0506329113924,0.11664766727856517
324.56418383518223,0.10658055677171448
325.07936507936506,0.09719056287905653
325.59618441971384,0.08847045412757056
326.11464968152865,0.08039489830605286
326.63476874003186,0.07292133917349997
327.15654952076676,0.06602400610499144
327.68,0.05967643155894295
328.2051282051282,0.05383639427668518
328.7319422150882,0.048481119882105426
329.2604501607717,0.043598669635257596
329.7906602254429,0.03914753719215069
330.3225806451613,0.035084023909888816
330.8562197092084,0.031390182555743974
331.3915857605178,0.028039614112801595
331.9286871961102,0.024994090060827697
332.46753246753246,0.02223652542975802
333.0081300813008,0.019757653954778458
333.5504885993485,0.017532249407832406
334.094616639478,0.015531924971721778
334.640522875817,0.01373388759397179
335.18821603927984,0.01211892533592137
335.73770491803276,0.01067505503397546
336.28899835796386,0.009389599575987609
336.8421052631579,0.008243585388325569
337.3970345963756,0.0072244331794072735
337.95379537953795,0.006324676097213973
338.51239669421483,0.005528924699292506
339.07284768211923,0.004822020515333928
339.63515754560524,0.004198004033319843
340.19933554817277,0.003649844711387891
340.765391014975,0.003167199181718222
341.3333333333333,0.002744229947575161
341.9031719532554,0.0023753987298982624
342.4749163879599,0.0020515139814761838
343.04857621440533,0.0017672498941197988
343.6241610738255,0.0015213841434470433
344.2016806722689,0.0013088313026641358
344.7811447811448,0.0011224403661352685
345.362563237774,0.0009594192836509085
345.94594594594594,0.000819396313343129
346.5313028764805,0.0007002927458167065
347.11864406779665,0.0005985296301140889
347.70797962648555,0.0005100832996908926
348.29931972789115,0.0004322168261663008
348.8926746166951,0.0003651590617481409
349.4880546075085,0.00030928555240726475
350.0854700854701,0.0002621649865766935
350.6849315068493,0.0002212700115910621
351.286449399657,0.0001861320477268838
351.89003436426117,0.00015621754409120975
352.4956970740103,0.00013071028306166932
353.10344827586204,0.00010976027876994104
353.71329879101904,9.267698636995691e-05
354.3252595155709,7.753272740180994e-05
354.93934142114387,6.40759496571265e-05
355.55555555555554,5.331786323578788e-05
356.17391304347825,4.465509722237287e-05
356.794425087108,3.68767997295751e-05
357.4171029668411,3.0226996725493385e-05
358.04195804195797,2.510661606023327e-05
358.6690017513135,2.0910188440241155e-05
359.29824561403507,1.716509154252702e-05
359.9297012302285,1.402375938160939e-05
360.5633802816901,1.1529278552689369e-05
361.1992945326279,9.467461019825406e-06
361.8374558303887,7.700307330739839e-06
362.4778761061947,6.236506409924569e-06
363.1205673758865,5.108303661868494e-06
363.76554174067496,4.213489289214429e-06
364.4128113879003,3.383936463983432e-06
365.0623885918003,2.654483391283037e-06
365.7142857142857,2.154801488423644e-06
366.3685152057245,1.8073326287421207e-06
367.02508960573476,1.4664123358619587e-06
367.68402154398564,1.1665324471065644e-06
368.3453237410072,9.615887112655997e-07
369.009009009009,7.884023436816045e-07
369.67509025270755,6.175832200991781e-07
370.3435804701627,4.922793768163521e-07
371.0144927536232,3.990864578236847e-07
371.68784029038113,3.0972272429605425e-07
372.3636363636364,2.495693840546988e-07
373.0418943533697,2.2129802478533105e-07
373.7226277372263,1.965345862416455e-07
374.4058500914077,1.6783861312006454e-07
375.09157509157507,1.404068655926963e-07
375.77981651376143,1.0550170291536074e-07
376.47058823529414,8.125271430795344e-08
377.1639042357274,8.555383343706765e-08
377.8597785977859,8.938374061416032e-08
378.5582255083179,6.889577890532536e-08
379.25925925925924,5.4250746245814016e-08
379.96289424860856,5.775690196288081e-08
380.6691449814126,5.444147139529558e-08
381.37802607076355,3.87942537282027e-08
382.089552238806,3.078991485283312e-08
382.803738317757,3.237012092901214e-08
383.5205992509363,4.0038373004236085e-08
384.24015009380867,4.697254676340691e-08
384.96240601503763,4.475912610054136e-08
385.6873822975518,3.877993866170424e-08
386.4150943396226,4.025229167882118e-08
387.14555765595463,4.13029917290712e-08
387.8787878787879,3.5584506832668895e-08
388.6148007590133,3.7716961110518216e-08
389.35361216730035,4.588289519082375e-08
390.09523809523813,3.937463591837507e-08
390.8396946564886,2.6121235167305936e-08
391.5869980879541,2.367243858833111e-08
392.3371647509578,2.7681869925346696e-08
393.0902111324376,3.0630716293827034e-08
393.84615384615387,2.8260704938336805e-08
394.6050096339113,2.6994807302360007e-08
395.3667953667953,3.373422898866791e-08
396.1315280464217,4.482111682706226e-08
396.8992248062015,4.439747844591157e-08
397.6699029126213,4.1922003834195906e-08
398.4435797665369,4.7012761459273174e-08
399.22027290448347,4.788996669074275e-08
400.0,4.507064058362369e-08
400.7827788649706,4.509227409272803e-08
401.56862745098044,4.368829299517856e-08
402.35756385068765,4.880614521753977e-08
403.1496062992126,6.224414491028628e-08
403.9447731755424,5.6297252758940216e-08
404.7430830039526,4.0286314523893843e-08
405.54455445544556,4.5310663253904865e-08
406.3492063492063,5.700032058030489e-08
407.1570576540755,5.51977442442174e-08
407.9681274900399,5.699016230984464e-08
408.7824351297405,6.818132131983585e-08
409.59999999999997,7.164729799102852e-08
410.4208416833667,6.688494466614687e-08
411.24497991967877,6.112549525709011e-08
412.07243460764585,6.089224445502177e-08
412.9032258064516,7.51920430751751e-08
413.7373737373737,8.639483371363883e-08
414.57489878542515,8.16774331863856e-08
415.4158215010142,8.488964503541047e-08
416.260162601626,9.590657884142231e-08
417.10794297352334,9.669807992498778e-08
417.9591836734694,1.0852409824488982e-07
418.81390593047036,1.4609340681751335e-07
419.67213114754094,1.7148971287301057e-07
420.53388090349074,1.6819828140891158e-07
421.3991769547325,1.7701276040899529e-07
422.2680412371134,2.1201585455218767e-07
423.1404958677686,2.411565829423087e-07
424.0165631469979,2.535448717882015e-07
424.896265560166,2.800238562109079e-07
425.77962577962575,3.153161481429663e-07
426.6666666666667,3.292184674225386e-07
427.5574112734864,3.4141991114247734e-07
428.45188284518827,3.709350708879396e-07
429.3501048218029,3.887727688155439e-07
430.25210084033614,3.9586081478910573e-07
431.1578947368421,4.274999418870662e-07
432.06751054852316,4.7259723865335036e-07
432.98097251585625,5.151203232602766e-07
433.8983050847458,5.630115866823631e-07
434.81953290870484,5.930685831017501e-07
435.74468085106383,6.062637064415444e-07
436.67377398720674,6.485645710035716e-07
437.60683760683764,6.891846683097733e-07
438.54389721627405,6.8821522355192e-07
439.48497854077254,7.160874906559909e-07
440.4301075268817,7.975120717682742e-07
441.37931034482756,8.471314156867278e-07
442.3326133909287,8.597250487131798e-07
443.2900432900433,9.151980100426004e-07
444.2516268980477,1.009879624340631e-06
445.2173913043478,1.1052789544156625e-06
446.1873638344227,1.2226036444814826e-06
447.1615720524017,1.367979055677918e-06
448.14004376367615,1.5054039584087546e-06
449.12280701754383,1.654536517508933e-06
450.1098901098901,1.8772805254438001e-06
451.10132158590307,2.1752595614047868e-06
452.0971302428256,2.4877644229229513e-06
453.0973451327433,2.8224800683348455e-06
454.1019955654102,3.2507573095902662e-06
455.1111111111111,3.7645222500333534e-06
456.1247216035635,4.349676930066632e-06
457.1428571428571,5.1116268306725395e-06
458.165548098434,6.077653689461648e-06
459.19282511210764,7.1316448276286955e-06
460.2247191011236,8.313777194714542e-06
461.2612612612612,9.734329300525667e-06
462.3024830699774,1.1350026436148531e-05
463.3484162895927,1.3281646037891534e-05
464.39909297052156,1.573231051729168e-05
465.4545454545454,1.850169061577511e-05
466.5148063781321,2.1518740888217238e-05
467.57990867579906,2.5269805408621376e-05
468.64988558352405,2.9838886574689847e-05
469.7247706422018,3.476289904752807e-05
470.8045977011494,4.0227857949950626e-05
471.889400921659,4.6840818276566235e-05
472.97921478060044,5.4462034166194486e-05
474.07407407407413,6.273017464165474e-05
475.17401392111367,7.208455224489689e-05
476.27906976744185,8.294550030540831e-05
477.3892773892773,9.480125631829348e-05
478.5046728971963,0.00010752688651896147
479.62529274004686,0.00012219725007395042
480.75117370892025,0.0001390939925775437
481.88235294117646,0.00015733355215261067
483.0188679245283,0.0001772486051289275
484.160756501182,0.00019975022975574064
485.3080568720379,0.00022447730853356808
486.46080760095015,0.00025167498442622236
487.61904761904765,0.00028257518485514006
488.7828162291169,0.0003171954896800685
489.95215311004785,0.00035577593837274844
491.1270983213429,0.0003997514440797005
492.3076923076923,0.00044927091682387966
493.4939759036144,0.0005046730920219843
494.68599033816423,0.0005686757373437459
495.8837772397094,0.0006428458175049423
497.08737864077665,0.0007270474653541996
498.29683698296833,0.0008237553696243199
499.51219512195115,0.0009369730127670609
500.7334963325183,0.0010687298266872792
501.9607843137255,0.001220867412541256
503.1941031941032,0.0013970553395151633
504.43349753694577,0.0016017957481995109
505.679012345679,0.0018403411699755038
506.9306930693069,0.0021186828759492704
508.18858560794047,0.0024421149246119417
509.452736318408,0.0028160034231388483
510.72319201995015,0.003248638990303344
511.99999999999994,0.0037507268704257044
513.2832080200501,0.004332001706426107
514.572864321608,0.005001641382107883
515.8690176322418,0.005772666958336497
517.1717171717172,0.006662305443549967
518.4810126582279,0.007686152981654115
519.7969543147208,0.008857657553137308
521.1195928753181,0.010198043332073142
522.4489795918367,0.011736693163697963
523.7851662404091,0.013497197819926613
525.1282051282051,0.015502128372701046
526.478149100257,0.017791597653318208
527.8350515463917,0.020412827126943305
529.1989664082687,0.023404799641634045
530.5699481865284,0.02681458933145142
531.948051948052,0.030705528835501116
533.3333333333333,0.03514686803660211
534.7258485639686,0.04021943159216368
536.1256544502618,0.04601727298826301
537.5328083989501,0.05264261164924728
538.9473684210527,0.06022099867823394
540.3693931398416,0.06890247879865942
541.7989417989418,0.07885061502918268
543.236074270557,0.09025980707868254
544.6808510638298,0.10335685609757575
546.1333333333333,0.11838607928342963
547.5935828877006,0.13563536595322567
549.0616621983914,0.1554513615246719
550.5376344086021,0.1782235604332644
552.021563342318,0.20439809701291053
553.5135135135134,0.23448999001322302
555.0135501355013,0.269085924712929
556.5217391304348,0.30886024864093825
558.0381471389645,0.3545594503936854
559.5628415300547,0.40703894818397646
561.0958904109589,0.4673497789421738
562.6373626373627,0.5366573408093903
564.1873278236914,0.6161787376143641
565.7458563535912,0.7073794857206387
567.3130193905816,0.8120292938516288
568.8888888888889,0.9320409349710818
570.4735376044569,1.069548919715845
572.0670391061452,1.2270609856827073
573.6694677871149,1.407423979745668
575.2808988764044,1.6138623325912815
576.9014084507043,1.850036380996068
578.5310734463276,2.120065109963989
580.1699716713881,2.4287053611606386
581.8181818181818,2.781395160067114
583.4757834757835,3.1841842603440584
585.1428571428571,3.6440068674489523
586.8194842406876,4.168851968218491
588.5057471264367,4.767604763285322
590.2017291066282,5.450275735825999
591.907514450867,6.228405808160788
593.6231884057971,7.11504679827625
595.3488372093024,8.124798149905402
597.0845481049563,9.274187905474761
598.8304093567251,10.582030141951092
600.5865102639297,12.069589322481317
602.3529411764705,13.76067572260429
604.1297935103245,15.682077160229268
605.9171597633135,17.86413723842863
607.7151335311573,20.34087645181498
609.5238095238094,23.15040225327571
611.3432835820896,26.33585861946457
613.1736526946107,29.945595786990783
615.015015015015,34.03330775387934
616.867469879518,38.659296477094124
618.7311178247734,43.89110853834185
620.6060606060606,49.803636343444204
622.4924012158054,56.480599804008804
624.390243902439,64.01558830702142
626.2996941896024,72.51185964753004
628.2208588957055,82.0837848256588
630.1538461538462,92.8589443158191
632.0987654320987,104.97845553907594
634.0557275541796,118.59778521952416
636.0248447204968,133.88871499201653
638.006230529595,151.04044864441178
640.0,170.26072232105753
642.0062695924764,191.777134512894
644.0251572327044,215.83779339461626
646.0567823343847,242.71263816619086
648.1012658227849,272.69435962541587
650.1587301587301,306.09761057600866
652.2292993630573,343.2594864347868
654.3130990415335,384.54061892373926
656.4102564102564,430.32474589083927
658.5209003215434,481.01942032956754
660.6451612903226,537.0565885593704
662.7831715210356,598.8922410471206
664.9350649350649,667.0097942269018
667.100977198697,741.9220057185398
669.281045751634,824.1669902964566
671.4754098360655,914.3066470908436
673.6842105263158,1012.922992764495
675.9075907590759,1120.6034719758568
678.1456953642385,1237.9235485534307
680.3986710963455,1365.42453273373
682.6666666666666,1503.579641818359
684.9498327759198,1652.7602812228058
687.248322147651,1813.204909860717
689.5622895622896,1984.9907795861334
691.8918918918919,2168.0256724112246
694.2372881355933,2362.058151609806
696.5986394557823,2566.706108745874
698.976109215017,2781.5185239834636
701.3698630136986,3006.0463820924424
703.7800687285223,3239.900501266384
706.2068965517241,3482.794624462437
708.6505190311418,3734.5103175574604
711.1111111111111,3994.7374869938208
713.588850174216,4262.82077686407
716.0839160839159,4537.382203377447
718.5964912280701,4815.805923633317
721.1267605633802,5093.7267909109805
723.6749116607774,5364.657595528209
726.241134751773,5619.859749061176
728.8256227758006,5848.671617688298
731.4285714285714,6039.455464650366
734.0501792114695,6181.136660255349
736.6906474820144,6265.198599921845
739.3501805054151,6287.790710726469
742.0289855072464,6251.334811125773
744.7272727272727,6164.928287812327
747.4452554744526,6042.945695937885
750.1831501831501,5901.595999061875
752.9411764705883,5753.879149766187
755.7195571955718,5604.2011733092695
758.5185185185185,5444.574517518581
761.3382899628252,5254.471785701656
764.179104477612,5005.620775827033
767.0411985018726,4671.346670771538
769.9248120300753,4237.935241532799
772.8301886792452,3713.779498775541
775.7575757575758,3131.917259639339
778.7072243346007,2543.578479017553
781.6793893129772,2004.0929865808293
784.6743295019156,1556.4621015378239
787.6923076923077,1219.9262731878812
790.7335907335906,989.3871439492464
793.798449612403,846.7387793803997
796.8871595330738,779.1240780551676
800.0,795.0192823600519
803.1372549019609,929.352685880448
806.2992125984252,1233.7773744404856
809.4861660079052,1755.3747115389172
812.6984126984127,2512.795859364379
815.9362549800798,3480.238451901326
819.1999999999999,4586.134759339103
822.4899598393575,5726.986012921967
825.8064516129032,6790.7185618326175
829.1497975708503,7680.922741023511
832.520325203252,8334.196273440451
835.9183673469388,8726.550674733515
839.3442622950819,8869.303208168116
842.798353909465,8798.08713423064
846.2809917355372,8559.75194297973
849.792531120332,8201.17338426136
853.3333333333334,7762.139711150818
856.9037656903765,7272.578362243789
860.5042016806723,6753.1157334742475
864.1350210970463,6217.449198727079
867.7966101694916,5675.127653886708
871.4893617021277,5133.817660855739
875.2136752136753,4600.6733272422225
878.9699570815451,4082.8350390687074
882.7586206896551,3587.2966480409796
886.5800865800866,3120.4523516204113
890.4347826086956,2687.6020575129355
894.3231441048034,2292.579826599527
898.2456140350877,1937.5741208272757
902.2026431718061,1623.1578608383263
906.1946902654867,1348.4787477782859
910.2222222222222,1111.5348640994996
914.2857142857142,909.4994368238777
918.3856502242153,739.0493131908762
922.5225225225224,596.6337903070427
926.6968325791854,478.68073947225315
930.9090909090908,381.76476121265495
935.1598173515981,302.7211230756711
939.4495412844036,238.698047409119
943.778801843318,187.17678765024024
948.1481481481483,145.9736864248814
952.5581395348837,113.22174607076052
957.0093457943926,87.3417831656301
961.5023474178405,67.01222454333956
966.0377358490566,51.13687560999007
970.6161137440758,38.81283168760472
975.2380952380953,29.30189997991354
979.9043062200957,22.00509728954566
984.6153846153846,16.439804431932256
989.3719806763285,12.21984178509484
994.1747572815533,9.038287359972156
999.0243902439023,6.653002651512111
1003.921568627451,4.874457389607907
1008.8669950738915,3.5553318468088513
1013.8613861386139,2.581916798259707
1018.905472636816,1.8671182853225257
1023.9999999999999,1.3446729701105737
1029.145728643216,0.9645007958876054
1034.3434343434344,0.6890390860251269
1039.5939086294416,0.4902789956148832
1044.8979591836735,0.3474328184863532
1050.2564102564102,0.2451656262012721
1055.6701030927834,0.1722318413260848
1061.139896373057,0.1204233608599971
1066.6666666666665,0.08377213805846964
1072.2513089005236,0.057952529946992064
1077.8947368421054,0.039845215676990814
1083.5978835978835,0.02721103066149521
1089.3617021276596,0.018442926378054825
1095.1871657754011,0.012392979581525692
1101.0752688172042,0.00824831257699339
1107.0270270270269,0.005431950005718912
1113.0434782608695,0.003534013647624854
1119.1256830601094,0.0022676489550466526
1125.2747252747254,0.0014331895269442724
1131.4917127071824,0.0008908547101554132
1137.7777777777778,0.0005440187247583681
1144.1340782122904,0.00032671072334934496
1150.5617977528088,0.00019376957386788252
1157.0621468926552,0.00011481489280280383
1163.6363636363635,6.98481828578041e-05
1170.2857142857142,4.569639090093217e-05
1177.0114942528735,3.391139201609649e-05
1183.815028901734,2.924047130572939e-05
1190.6976744186047,2.840782836403625e-05
1197.6608187134502,2.955369454345403e-05
1204.705882352941,3.168753561829706e-05
1211.834319526627,3.417370710229838e-05
1219.0476190476188,3.6775339798944285e-05
1226.3473053892214,3.9548984820249745e-05
1233.734939759036,4.23872757215561e-05
1241.2121212121212,4.51450776641097e-05
1248.780487804878,4.795766081483913e-05
1256.441717791411,5.089452322480406e-05
1264.1975308641975,5.378312601857506e-05
1272.0496894409937,5.660549314859474e-05
1280.0,5.9431473934597575e-05
1288.0503144654087,6.208933283740235e-05
1296.2025316455697,6.447213100229162e-05
1304.4585987261146,6.670623996901957e-05
1312.8205128205127,6.872511829572894e-05
1321.2903225806451,7.033527061591005e-05
1329.8701298701299,7.160812255486745e-05
1338.562091503268,7.259718013653622e-05
1347.3684210526317,7.312833127292979e-05
1356.291390728477,7.320874863459603e-05
1365.3333333333333,7.301362223483305e-05
1374.496644295302,7.249991336519287e-05
1383.7837837837837,7.156079714529674e-05
1393.1972789115646,7.02559333462014e-05
1402.7397260273972,6.86557731262743e-05
1412.4137931034481,6.679943983433766e-05
1422.2222222222222,6.473304774985689e-05
1432.1678321678319,6.244404578811305e-05
1442.2535211267605,5.9969455871649655e-05
1452.482269503546,5.742709461150086e-05
1462.857142857143,5.479488526840373e-05
1473.3812949640287,5.198990461732726e-05
1484.0579710144928,4.911771906748413e-05
1494.890510948905,4.630806484772796e-05
1505.8823529411766,4.352362455217602e-05
1517.037037037037,4.0725364072930516e-05
1528.358208955224,3.796359012723534e-05
1539.8496240601505,3.5277350096386256e-05
1551.5151515151515,3.268073239972895e-05
1563.3587786259543,3.018385128124143e-05
1575.3846153846155,2.7787574628310013e-05
1587.596899224806,2.551135268909798e-05
1600.0,2.336819856929922e-05
1612.5984251968505,2.1329562851203696e-05
1625.3968253968253,1.938812728048576e-05
1638.3999999999999,1.7573893423265788e-05
1651.6129032258063,1.5888923162119947e-05
1665.040650406504,1.4323930302979374e-05
1678.6885245901638,1.2890352937603844e-05
1692.5619834710744,1.1576348542683775e-05
1706.6666666666667,1.0357588231428081e-05
1721.0084033613446,9.24594958302345e-06
1735.5932203389832,8.247473866055774e-06
1750.4273504273506,7.332927250671775e-06
1765.5172413793102,6.492529528492958e-06
1780.8695652173913,5.739873171398165e-06
1796.4912280701753,5.066131324978365e-06
1812.3893805309733,4.456807085147871e-06
1828.5714285714284,3.915868593583599e-06
1845.0450450450448,3.4380585457392773e-06
1861.8181818181815,3.0050899124433875e-06
1878.8990825688072,2.614923110509798e-06
1896.2962962962965,2.276037417200729e-06
1914.0186915887853,1.983771192595324e-06
1932.0754716981132,1.724632020936866e-06
1950.4761904761906,1.491373277046169e-06
1969.2307692307693,1.2850568975065505e-06
1988.3495145631066,1.1074819763540234e-06
2007.843137254902,9.546899965097091e-07
2027.7227722772277,8.203222605327551e-07
2047.9999999999998,7.022201803609611e-07
2068.686868686869,6.00093000898966e-07
2089.795918367347,5.11741541071708e-07
2111.340206185567,4.353248242167986e-07
2133.333333333333,3.6985018663772463e-07
2155.789473684211,3.135769967115526e-07
2178.723404255319,2.65341037276921e-07
2202.1505376344085,2.245328150923136e-07
2226.086956521739,1.896585590296788e-07
2250.5494505494507,1.596363061129038e-07
2275.5555555555557,1.3417349689959777e-07
2301.1235955056177,1.1233795426788404e-07
2327.272727272727,9.36542397487592e-08
2354.022988505747,7.859305937078383e-08
2381.3953488372094,6.629096738689652e-08
2409.411764705882,5.51247178570211e-08
2438.0952380952376,4.532158742874045e-08
2467.469879518072,3.769248193979447e-08
2497.560975609756,3.1528238681590716e-08
2528.395061728395,2.593627739041072e-08
2560.0,2.1139432165757506e-08
2592.4050632911394,1.7376039564160927e-08
2625.6410256410254,1.4269543504254441e-08
2659.7402597402597,1.1525649855462962e-08
2694.7368421052633,9.256680837762495e-09
2730.6666666666665,7.582445682066373e-09
2767.5675675675675,6.304311489677231e-09
2805.4794520547944,5.107160075204143e-09
2844.4444444444443,3.999570742125028e-09
2884.507042253521,3.1948538688294014e-09
2925.714285714286,2.6514445746837927e-09
2968.1159420289855,2.158133358658108e-09
3011.764705882353,1.6918510339199185e-09
3056.716417910448,1.33017499094009e-09
3103.030303030303,1.0412567076147763e-09
3150.769230769231,7.843983393662195e-10
3200.0,5.894189664083153e-10
3250.7936507936506,4.6052541998220143e-10
3303.2258064516127,3.623998451787229e-10
3357.3770491803275,2.785813545321955e-10
3413.3333333333335,2.0939831878525408e-10
3471.1864406779664,1.5436714924171893e-10
3531.0344827586205,1.1425973737296978e-10
3592.9824561403507,8.336656754633764e-11
3657.142857142857,5.5350810519080744e-11
3723.636363636363,3.633322804145228e-11
3792.592592592593,2.948659992306196e-11
3864.1509433962265,2.5088019950687274e-11
3938.4615384615386,1.7061911407917326e-11
4015.686274509804,1.10211642410657e-11
4095.9999999999995,8.567998354153072e-12
4179.591836734694,6.132112071896269e-12
4266.666666666666,3.6113517513718307e-12
4357.446808510638,2.2482071768170405e-12
4452.173913043478,1.6790789078729125e-12
4551.111111111111,1.1850010164219998e-12
4654.545454545454,7.5555058636276e-13
4762.790697674419,4.569076630647443e-13
4876.190476190475,2.4132453868446853e-13
4995.121951219512,1.1329690776715501e-13
5120.0,5.1077711163771724e-14
5251.282051282051,2.1012108840524128e-14
5389.473684210527,8.377861780642861e-15
5535.135135135135,3.201699920975294e-15
5688.888888888889,1.0789533635610407e-15
5851.428571428572,3.4849001562330816e-16
6023.529411764706,1.064937077874289e-16
6206.060606060606,2.2710727347715747e-17
6400.0,4.493231783219538e-18
6606.451612903225,7.364562191269384e-19
6826.666666666667,3.685787689288046e-20
7062.068965517241,1.600358160518375e-21
7314.285714285714,1.3919989450072867e-21
7585.185185185186,7.241721580476372e-22
7876.923076923077,3.4783156346781232e-22
